CODE,AITOT,AIABOR,AINABOR
10010165,567,30,537
10010166,327,12,315
10010167,447,5,442
10010168,550,20,530
10010169,315,7,308
10010170,396,23,373
10010171,488,11,477
10010172,226,8,218
10010173,904,19,885
10010174,913,86,827
10010175,1014,6,1008
10010176,440,7,433
10010180,697,19,678
10010181,373,0,373
10010182,366,10,356
10010187,692,2,690
10010191,780,1,779
10010192,319,10,309
10010193,492,45,447
10010194,252,7,245
10010195,692,2,690
10010196,548,13,535
10010198,436,6,430
10010199,219,1,218
10010200,429,5,424
10010201,493,4,489
10010202,462,3,459
10010203,361,9,352
10010204,591,14,577
10010206,846,6,840
10010207,1361,6,1355
10010208,1752,112,1640
10010209,514,3,511
10010210,448,12,436
10010211,715,6,709
10010212,417,5,412
10010213,745,5,740
10010214,360,6,354
10010215,385,20,365
10010216,351,57,294
10010217,323,3,320
10010218,333,10,323
10010219,658,28,630
10010220,342,3,339
10010221,576,15,561
10010222,562,20,542
10010223,608,24,584
10010224,460,24,436
10010225,257,4,253
10010226,601,6,595
10010227,404,14,390
10010228,388,13,375
10010229,451,22,429
10010230,478,22,456
10010231,587,16,571
10010232,423,14,409
10010233,396,7,389
10010234,506,5,501
10010235,280,5,275
10010236,532,3,529
10010237,496,15,481
10010238,493,1,492
10010239,600,8,592
10010240,702,4,698
10010241,499,8,491
10010242,657,50,607
10010243,1017,8,1009
10010244,794,18,776
10010245,489,37,452
10010246,428,18,410
10010247,394,9,385
10010248,390,4,386
10010249,517,10,507
10010250,562,2,560
10010251,406,6,400
10010252,509,6,503
10010253,397,5,392
10010254,598,7,591
10010255,518,25,493
10010256,443,4,439
10010257,540,24,516
10010258,561,11,550
10010259,564,16,548
10010260,432,13,419
10010261,553,17,536
10010262,506,5,501
10010263,585,7,578
10010264,491,7,484
10010265,543,12,531
10010266,717,53,664
10010267,606,21,585
10010268,299,38,261
10010269,1122,9,1113
10010270,821,9,812
10010271,482,23,459
10010272,554,18,536
10010273,1711,18,1693
10010276,261,23,238
10010277,468,17,451
10010278,224,8,216
10010279,911,5,906
10010280,308,4,304
10010281,265,10,255
10010282,636,94,542
10010283,900,22,878
10010284,375,4,371
10010285,387,8,379
10010286,475,23,452
10010290,492,2,490
10010294,328,5,323
10010295,421,4,417
10010296,396,7,389
10010297,450,2,448
10010298,458,9,449
10010299,575,7,568
10010300,334,9,325
10010301,378,6,372
10010302,422,17,405
10010303,329,13,316
10010304,490,53,437
10010305,484,18,466
10010306,501,24,477
10010307,394,38,356
10010308,379,144,235
10010309,833,23,810
10010310,446,5,441
10010334,3852,33,3819
10010337,967,128,839
10010338,526,14,512
10010339,475,6,469
10010340,525,14,511
10010341,334,5,329
10010342,418,10,408
10010343,316,7,309
10010344,978,3,975
10010345,989,8,981
10010346,425,4,421
10010348,1477,153,1324
10010356,548,19,529
10010357,319,10,309
10010457,461,3,458
10010458,521,109,412
10010459,560,8,552
10010460,520,9,511
10010461,348,4,344
10010482,471,12,459
10010484,799,14,785
10010485,510,8,502
10010486,1178,41,1137
10010488,588,2,586
10010489,308,3,305
10010490,381,0,381
10010491,1215,5,1210
10010492,602,2,600
10010493,370,3,367
10010494,423,5,418
10010495,366,4,362
10010496,402,6,396
10010497,482,9,473
10010498,576,1,575
10010499,220,0,220
10010500,537,1,536
10010501,358,7,351
10010502,395,4,391
10010503,272,9,263
10010504,400,1,399
10010505,698,1,697
10010506,517,31,486
10010507,429,28,401
10010508,484,0,484
10010509,454,8,446
10010510,405,0,405
10010511,425,15,410
10010512,467,19,448
10010513,437,42,395
10010514,440,33,407
10010515,585,8,577
10010516,432,66,366
10010517,703,13,690
10010518,542,7,535
10010519,412,29,383
10010520,330,17,313
10010521,508,0,508
10010522,447,2,445
10010523,480,2,478
10010524,413,14,399
10010525,434,0,434
10010526,352,0,352
10010527,434,2,432
10010528,0,0,0
10010529,392,5,387
10010530,397,0,397
10010531,298,1,297
10010532,400,12,388
10010533,421,1,420
10010534,409,4,405
10010535,725,7,718
10010536,576,2,574
10010537,769,29,740
10010538,499,34,465
10010539,572,3,569
10010540,873,4,869
10010541,507,2,505
10010542,553,14,539
10010543,622,60,562
10010544,582,7,575
10010545,0,0,0
10010546,593,6,587
10010547,777,1,776
10010548,586,9,577
10010549,666,24,642
10010550,415,1,414
10010551,382,76,306
10010552,358,50,308
10010553,348,0,348
10010554,471,1,470
10010555,485,3,482
10010556,330,11,319
10010557,390,1,389
10010558,450,34,416
10010559,342,6,336
10010560,683,33,650
10010561,363,19,344
10010562,670,1,669
10010563,466,0,466
10010564,524,0,524
10010565,544,5,539
10010566,635,22,613
10010567,596,0,596
10010568,627,7,620
10010569,536,6,530
10010570,656,2,654
10010571,479,35,444
10010572,1387,6,1381
10010573,1270,24,1246
10010574,459,1,458
10010575,1579,59,1520
10010576,804,6,798
10010577,464,14,450
10010578,561,3,558
10010579,986,32,954
10010580,518,4,514
10010581,647,104,543
10010582,669,5,664
10010583,647,25,622
10010584,1028,25,1003
10010585,645,14,631
10010586,605,13,592
10010587,307,6,301
10010588,649,14,635
10010589,1316,128,1188
10010590,677,12,665
10010591,727,3,724
10010592,545,15,530
10010593,584,72,512
10010594,462,2,460
10010595,430,4,426
10010596,523,2,521
10010597,494,2,492
10010598,672,9,663
10010599,679,3,676
10010600,634,24,610
10010601,507,17,490
10010602,1196,56,1140
10010603,568,21,547
10010604,593,2,591
10010605,547,19,528
10010606,2967,304,2663
10010607,1280,102,1178
10010608,2387,184,2203
10010609,1112,23,1089
10010610,1132,32,1100
10010611,216,16,200
10010614,424,44,380
10010615,1229,137,1092
10010616,395,16,379
10010617,2920,355,2565
10010618,626,17,609
10010619,578,25,553
10010620,689,1,688
10010621,580,1,579
10010622,656,47,609
10010623,628,0,628
10010624,430,30,400
10010625,384,11,373
10010626,371,57,314
10010627,436,10,426
10010628,420,2,418
10010629,1096,3,1093
10010630,367,1,366
10010631,215,6,209
10010632,699,38,661
10010633,707,17,690
10010634,783,9,774
10010635,399,1,398
10010636,923,14,909
10010637,725,48,677
10010638,454,6,448
10010639,371,18,353
10010640,379,1,378
10010641,383,17,366
10010642,485,10,475
10010643,570,0,570
10010644,1419,72,1347
10010645,427,0,427
10010646,703,4,699
10010647,464,15,449
10010648,357,12,345
10010649,293,0,293
10010650,413,9,404
10010651,1330,22,1308
10010652,495,14,481
10010653,757,5,752
10010654,569,4,565
10010655,324,4,320
10010656,750,15,735
10010657,403,6,397
10010658,403,25,378
10010659,306,3,303
10010660,264,27,237
10010661,1256,11,1245
10010662,386,9,377
10010663,368,9,359
10010664,247,16,231
10010666,498,21,477
10010667,642,76,566
10010668,649,25,624
10010669,707,32,675
10010670,694,2,692
10010671,957,7,950
10010672,452,1,451
10010673,339,4,335
10010674,414,3,411
10010675,554,2,552
10010676,476,7,469
10010677,590,42,548
10010678,665,4,661
10010679,783,1,782
10010680,229,1,228
10010681,708,11,697
10010682,0,0,0
10010683,953,7,946
10010684,640,24,616
10010685,1188,18,1170
10010686,519,1,518
10010687,86,2,84
10010688,469,2,467
10010689,867,4,863
10010690,241,1,240
10010691,483,25,458
10010692,637,10,627
10010693,26,20,6
10010694,422,16,406
10010695,555,1,554
10010696,470,27,443
10010697,560,36,524
10010698,454,2,452
10010699,535,4,531
10010700,419,3,416
10010701,350,2,348
10010702,682,7,675
10010703,216,10,206
10010704,344,6,338
10010705,189,1,188
10010706,567,1,566
10010707,444,3,441
10010708,336,1,335
10010709,380,4,376
10010710,396,24,372
10010711,233,5,228
10010712,674,1,673
10010713,277,0,277
10010714,355,3,352
10010715,258,4,254
10010716,365,20,345
10010717,660,1,659
10010718,470,1,469
10010719,752,12,740
10010720,320,4,316
10010721,610,34,576
10010722,535,1,534
10010723,79,66,13
10010724,431,3,428
10010725,135,7,128
10010726,354,1,353
10010727,118,1,117
10010728,175,0,175
10010729,339,1,338
10010730,237,1,236
10010731,318,1,317
10010732,34,0,34
10010733,64,7,57
10010734,151,0,151
10010735,361,12,349
10010736,119,2,117
10010737,431,35,396
10010738,298,10,288
10010739,52,42,10
10010740,308,1,307
10010741,842,1,841
10010742,501,4,497
10010743,444,0,444
10010744,419,1,418
10010745,81,1,80
10010746,98,0,98
10010747,230,11,219
10010748,243,1,242
10010749,104,1,103
10010750,375,1,374
10010751,176,18,158
10010752,256,0,256
10010753,491,42,449
10010754,338,15,323
10010755,223,1,222
10010756,427,1,426
10010757,292,1,291
10010758,330,2,328
10010759,358,7,351
10010760,315,28,287
10010761,689,2,687
10010762,735,2,733
10010763,0,0,0
10010764,531,0,531
10010765,448,23,425
10010766,523,0,523
10010767,543,0,543
10010768,952,5,947
10010769,1106,5,1101
10010770,555,35,520
10010771,854,8,846
10010772,784,0,784
10010773,348,20,328
10010774,480,11,469
10010775,2224,310,1914
10010776,830,105,725
10010777,799,25,774
10010778,661,119,542
10010779,474,31,443
10010780,574,17,557
10010781,1630,3,1627
10010782,504,52,452
10010783,481,24,457
10010784,419,1,418
10010785,1097,115,982
10010786,505,3,502
10010787,1104,106,998
10010788,480,10,470
10010789,792,12,780
10010790,1050,2,1048
10010791,342,0,342
10010792,934,23,911
10010793,869,19,850
10010794,469,29,440
10010795,543,8,535
10010796,500,53,447
10010797,39,5,34
10010798,523,11,512
10010799,601,92,509
10010800,627,18,609
10010801,1965,22,1943
10010802,615,6,609
10010803,663,22,641
10010804,1419,77,1342
10010805,950,32,918
10010806,447,19,428
10010807,442,25,417
10010808,478,20,458
10010809,398,0,398
10010810,404,0,404
10010811,422,30,392
10010812,2410,96,2314
10010813,1185,23,1162
10010814,1101,27,1074
10010815,681,25,656
10010817,1529,152,1377
10010818,1017,88,929
10010820,405,40,365
10010821,404,2,402
10010822,339,1,338
10010823,377,45,332
10010824,1381,0,1381
10010825,2687,473,2214
10010826,553,7,546
10010827,2047,137,1910
10020079,542,20,522
10020080,5,2,3
10020081,560,0,560
10020082,189,0,189
10020083,243,16,227
10020084,121,0,121
10020085,238,1,237
10020086,138,17,121
10020087,126,0,126
10020088,238,1,237
10020089,431,0,431
10020090,0,0,0
10020091,474,0,474
10020092,139,1,138
10020093,234,0,234
10020094,573,0,573
10020095,168,102,66
10020096,397,15,382
10020097,471,19,452
10020098,1087,4,1083
10020099,852,11,841
10020100,400,336,64
10020101,251,3,248
10020102,360,3,357
10020103,478,41,437
10020104,431,1,430
10020105,221,0,221
10020106,409,2,407
10020107,494,2,492
10020108,293,5,288
10020109,0,0,0
10020110,604,0,604
10020111,490,28,462
10020112,541,11,530
10020113,243,3,240
10020114,526,0,526
10020115,235,0,235
10020116,438,0,438
10020117,118,5,113
10020118,342,3,339
10020119,311,0,311
10020120,469,21,448
10020121,10,4,6
10020122,294,0,294
10020123,328,0,328
10020124,160,10,150
10020125,259,8,251
10020126,89,6,83
10020127,234,22,212
10020128,461,0,461
10020129,379,7,372
10020130,548,0,548
10020131,370,7,363
10020132,389,0,389
10020133,243,0,243
10020134,375,0,375
10020135,401,1,400
10020136,389,0,389
10020137,183,1,182
10030056,31,24,7
10030057,132,16,116
10030058,572,26,546
10030059,194,9,185
10030060,358,1,357
10030061,10,1,9
10030062,238,6,232
10030063,422,12,410
10030064,126,2,124
10030065,2,1,1
10030066,353,5,348
10030067,242,8,234
10030068,1005,80,925
10030069,85,2,83
10030070,261,2,259
10030071,115,5,110
10030072,430,8,422
10030073,119,13,106
10030074,455,36,419
10030075,326,34,292
10030076,357,10,347
10030077,84,1,83
10030078,50,0,50
10030079,379,10,369
10030080,296,3,293
10030081,317,2,315
10030082,691,20,671
10030083,365,45,320
10030084,288,24,264
10030085,690,26,664
10030086,664,6,658
10030087,1188,32,1156
10030088,371,31,340
10030089,486,6,480
10030090,277,83,194
10030091,339,10,329
10030092,562,37,525
10030093,602,215,387
10030094,99,29,70
10030095,304,3,301
10030096,425,48,377
10030097,362,289,73
10030098,563,490,73
10040077,48,38,10
10040078,385,200,185
10040079,441,175,266
10040080,433,157,276
10040081,415,141,274
10040082,433,154,279
10040083,375,96,279
10040084,376,159,217
10040085,375,77,298
10040086,466,93,373
10040087,515,66,449
10040088,438,187,251
10040089,434,179,255
10040090,527,257,270
10040091,1056,311,745
10040092,430,161,269
10040093,569,117,452
10040094,348,87,261
10040095,637,177,460
10040096,566,76,490
10040097,445,105,340
10040098,375,110,265
10040099,299,51,248
10040100,321,132,189
10040101,333,137,196
10040102,343,120,223
10040103,353,147,206
10040104,617,352,265
10040105,427,240,187
10040106,320,139,181
10040107,451,162,289
10040108,384,270,114
10040109,272,30,242
10040110,397,10,387
10040111,513,21,492
10040112,434,12,422
10040113,546,7,539
10040114,651,37,614
10040115,634,341,293
10040116,856,420,436
10040117,342,152,190
10040118,461,253,208
10040119,506,208,298
10040120,453,70,383
10050076,276,7,269
10050077,462,5,457
10050078,420,6,414
10050079,173,0,173
10050080,606,19,587
10050081,514,2,512
10050082,672,39,633
10050083,506,29,477
10050084,491,4,487
10050085,489,33,456
10050086,360,32,328
10050087,447,41,406
10050088,442,33,409
10050089,1110,77,1033
10050090,746,1,745
10050091,49,3,46
10050092,836,132,704
10050093,662,67,595
10050094,529,8,521
10050095,564,33,531
10050096,453,52,401
10050097,630,10,620
10050098,837,44,793
10050099,450,57,393
10050101,1693,317,1376
10050102,544,54,490
10050103,362,29,333
10050104,444,39,405
10050105,444,46,398
10050106,553,63,490
10050107,391,1,390
10050108,387,18,369
10050109,400,59,341
10050110,349,50,299
10050111,393,51,342
10050112,366,111,255
10050113,450,152,298
10050114,378,4,374
10050115,351,103,248
10050116,972,179,793
10050117,260,28,232
10050118,407,121,286
10050119,557,136,421
10050120,411,100,311
10050121,536,112,424
10050122,45,45,0
10050123,689,251,438
10050124,821,247,574
10050125,445,203,242
10050126,315,124,191
10050127,729,19,710
10050129,446,77,369
10050130,314,25,289
10050131,805,94,711
10050132,466,5,461
10050133,3109,469,2640
10050134,373,74,299
10050135,357,62,295
10050136,534,44,490
10050137,460,45,415
10050138,400,40,360
10050139,460,157,303
10050140,691,103,588
10050141,453,7,446
10050143,286,64,222
10050144,528,128,400
10050145,431,86,345
10050146,358,59,299
10050147,408,79,329
10050148,631,19,612
10050149,509,61,448
10050150,323,3,320
10050151,276,34,242
10050152,197,1,196
10050153,343,182,161
10050154,509,44,465
10050155,181,28,153
10050156,460,76,384
10050158,368,46,322
10050159,255,2,253
10050160,247,1,246
10060058,688,19,669
10060059,1125,6,1119
10060060,560,14,546
10060061,699,56,643
10060062,692,12,680
10060063,2637,503,2134
10060064,602,12,590
10060065,530,68,462
10060066,427,7,420
10060067,348,3,345
10060068,481,18,463
10060069,915,53,862
10060070,797,20,777
10060071,438,36,402
10060072,409,24,385
10060073,394,14,380
10060074,194,29,165
10060075,584,67,517
10060076,362,88,274
10060077,416,64,352
10060078,763,1,762
10060079,335,5,330
10060080,381,20,361
10060081,754,37,717
10060082,207,0,207
10060083,1022,6,1016
10060084,649,3,646
10060085,527,0,527
10060086,707,33,674
10060087,431,1,430
10060088,314,20,294
10060089,620,1,619
10060090,467,10,457
10060091,485,2,483
10060092,452,6,446
10060093,438,44,394
10060094,353,7,346
10060095,488,0,488
10060096,1043,82,961
10060097,395,13,382
10060098,590,5,585
10060099,473,5,468
10060100,573,12,561
10060101,899,112,787
10060102,414,34,380
10060103,420,37,383
10060104,424,11,413
10060105,365,5,360
10060106,459,39,420
10060107,366,17,349
10060108,356,4,352
10060109,356,57,299
10060110,373,14,359
10060111,256,4,252
10060112,1290,155,1135
10060113,455,5,450
10060114,366,35,331
10060115,437,42,395
10060116,513,6,507
10060117,444,1,443
10060118,407,19,388
10060119,376,11,365
10060120,597,6,591
10060121,1029,53,976
10060122,421,30,391
10060123,288,36,252
10060124,427,46,381
10060125,132,101,31
10060126,80,2,78
10060127,290,0,290
10060128,341,1,340
10070483,303,2,301
10070484,835,2,833
10070485,417,9,408
10070486,527,2,525
10070487,142,12,130
10070488,176,0,176
10070489,648,32,616
10070490,502,5,497
10070491,9,3,6
10070492,262,3,259
10070493,648,0,648
10070494,412,0,412
10070495,541,39,502
10070496,542,27,515
10070497,481,4,477
10070498,482,8,474
10070499,415,5,410
10070500,46,24,22
10070501,225,1,224
10070502,72,31,41
10070503,145,0,145
10070504,659,8,651
10070505,542,15,527
10070506,527,15,512
10070507,297,0,297
10070508,264,0,264
10070509,222,0,222
10070510,492,2,490
10070511,195,6,189
10070512,121,0,121
10070513,122,0,122
10070514,456,0,456
10070515,552,10,542
10070516,492,22,470
10070517,413,19,394
10070518,331,9,322
10070519,689,6,683
10070520,402,5,397
10070521,451,0,451
10070522,427,0,427
10070523,449,0,449
10070524,172,5,167
10070525,337,1,336
10070526,336,0,336
10070527,87,0,87
10070528,28,13,15
10070529,51,22,29
10070530,442,35,407
10070531,413,0,413
10070532,440,5,435
10070533,358,8,350
10070534,420,15,405
10070535,376,0,376
10070536,457,0,457
10070537,384,0,384
10070538,67,0,67
10070539,303,21,282
10070540,222,2,220
10070541,324,13,311
10070542,377,0,377
10070543,504,0,504
10070544,386,0,386
10070545,506,9,497
10070546,315,0,315
10070547,411,7,404
10070548,319,0,319
10070549,295,3,292
10070550,368,15,353
10070551,593,3,590
10070552,410,11,399
10070553,856,43,813
10070554,437,3,434
10070555,348,9,339
10070556,373,9,364
10070557,417,3,414
10070558,483,3,480
10070559,860,5,855
10070560,1021,4,1017
10070561,849,4,845
10070562,482,34,448
10070563,595,9,586
10070564,2,0,2
10070565,533,0,533
10070566,605,1,604
10080161,166,0,166
10080162,229,0,229
10080163,367,4,363
10080164,367,5,362
10080165,371,65,306
10080166,627,28,599
10080167,478,43,435
10080168,198,0,198
10080169,366,0,366
10080170,501,7,494
10080171,385,4,381
10080172,477,9,468
10080173,215,3,212
10080174,477,4,473
10080175,538,4,534
10080176,414,0,414
10080177,330,5,325
10080178,341,3,338
10080179,173,1,172
10080180,309,2,307
10080181,208,4,204
10080182,267,2,265
10080183,398,38,360
10080184,479,10,469
10080185,420,1,419
10080186,394,1,393
10080187,438,2,436
10080188,361,13,348
10080189,453,2,451
10080190,350,0,350
10080191,406,2,404
10080192,477,4,473
10080193,769,3,766
10080194,421,8,413
10080195,514,9,505
10080196,383,7,376
10080197,680,1,679
10080198,275,6,269
10080199,554,1,553
10080200,276,1,275
10080201,153,10,143
10080202,584,1,583
10080203,11,8,3
10080204,288,17,271
10080205,161,0,161
10080206,187,122,65
10080207,500,39,461
10080208,475,4,471
10080209,429,1,428
10080210,105,74,31
10080211,132,0,132
10080212,70,3,67
10080213,481,2,479
10080214,1132,122,1010
10080215,523,2,521
10080216,741,2,739
10080217,401,5,396
10080218,343,2,341
10080219,658,42,616
10080220,478,12,466
10080221,309,0,309
10080222,80,0,80
10080223,5,4,1
10080224,311,1,310
10080225,305,1,304
10080226,298,0,298
10080227,192,0,192
10080228,316,2,314
10080229,155,0,155
10080230,194,0,194
10080231,160,0,160
10080232,582,1,581
10080233,368,16,352
10080234,314,0,314
10080235,107,0,107
10080236,238,0,238
10080237,400,0,400
10080238,460,8,452
10080239,130,1,129
10080240,98,0,98
10080241,454,1,453
10080242,356,17,339
10080243,256,4,252
10080244,542,1,541
10080245,567,85,482
10080246,507,45,462
10080247,417,56,361
10080248,389,21,368
10080249,420,9,411
10080250,305,5,300
10080251,312,0,312
10080252,163,0,163
10080253,309,36,273
10080254,482,1,481
10080255,127,0,127
10080256,492,1,491
10090078,294,8,286
10090079,171,7,164
10090080,121,9,112
10090081,345,9,336
10090082,169,7,162
10090083,60,52,8
10090084,683,51,632
10090085,1136,80,1056
10090086,218,0,218
10090087,306,2,304
10090088,286,1,285
10090089,545,10,535
10090090,382,71,311
10090091,236,9,227
10090092,251,33,218
10090093,313,8,305
10090094,390,68,322
10090095,448,14,434
10090096,180,8,172
10090097,475,10,465
10090098,39,28,11
10090099,211,20,191
10090100,310,12,298
10090101,328,61,267
10090102,284,11,273
10090103,466,4,462
10090104,278,1,277
10090105,69,3,66
10090106,165,3,162
10090107,240,5,235
10090108,368,1,367
10090109,410,4,406
10090110,183,11,172
10090111,513,3,510
10090112,155,27,128
10090113,426,28,398
10090114,338,90,248
10090115,53,40,13
10090116,251,18,233
10090117,232,3,229
10090118,116,4,112
10090119,543,20,523
10090120,652,60,592
10090121,19,19,0
10090122,637,47,590
10090123,304,41,263
10090124,277,42,235
10090125,218,2,216
10100061,0,0,0
10100062,958,903,55
10100063,0,0,0
10100065,556,334,222
10100066,359,352,7
10100067,1270,472,798
10100068,490,280,210
10100069,518,350,168
10100070,622,221,401
10100071,609,378,231
10100072,474,219,255
10100073,459,198,261
10100074,460,319,141
10100075,438,313,125
10100076,484,31,453
10100077,291,99,192
10100078,370,179,191
10100079,406,153,253
10100080,418,156,262
10100081,774,509,265
10100082,715,106,609
10100083,585,53,532
10100084,456,16,440
10100085,465,16,449
10100086,453,48,405
10100087,495,19,476
10100088,362,23,339
10100089,349,13,336
10100090,433,23,410
10100091,478,12,466
10100092,435,21,414
10100093,460,8,452
10100094,805,36,769
10100095,619,56,563
10100096,572,73,499
10100097,436,40,396
10100098,469,66,403
10100099,482,14,468
10100100,486,10,476
10100101,434,20,414
10100102,385,285,100
10100103,323,154,169
10100104,196,126,70
10100105,289,209,80
10100106,427,321,106
10100107,413,294,119
10100108,63,2,61
10100109,397,144,253
10100110,573,194,379
10100111,109,16,93
10100112,87,2,85
10100113,167,47,120
10100114,221,21,200
10100115,657,656,1
10100116,769,671,98
10110001,0,0,0
10110002,967,844,123
10110003,229,137,92
10110004,600,590,10
10110005,0,0,0
10110006,402,358,44
10110007,190,158,32
10110008,331,254,77
11010040,459,36,423
11010041,347,2,345
11010042,460,20,440
11010043,351,14,337
11010044,589,58,531
11010045,431,1,430
11010046,364,39,325
11010047,316,1,315
11010048,397,2,395
11010049,306,1,305
11010050,491,4,487
11010051,257,4,253
11010052,408,5,403
11010053,369,1,368
11010054,206,1,205
11010055,425,11,414
11010056,317,21,296
11010057,565,79,486
11010058,445,13,432
11010059,377,40,337
11010060,382,60,322
11010061,346,26,320
11010062,351,1,350
11010063,362,1,361
11010064,455,1,454
11010065,348,1,347
11010066,368,11,357
11010067,419,5,414
11010068,277,61,216
11010069,544,55,489
11010070,296,1,295
11010071,370,14,356
11010072,454,14,440
11010073,252,4,248
11010074,532,23,509
11010075,607,12,595
11010076,22,15,7
11010077,288,5,283
11010078,423,3,420
11010079,403,6,397
11010080,233,2,231
11010081,247,1,246
11010082,313,1,312
11010083,350,1,349
11020116,220,1,219
11020117,639,7,632
11020118,0,0,0
11020119,226,222,4
11020120,794,2,792
11020121,596,5,591
11020122,644,2,642
11020123,963,27,936
11020124,655,1,654
11020125,879,3,876
11020126,548,14,534
11020127,213,82,131
11020128,401,2,399
11020129,240,1,239
11020130,777,7,770
11020131,1218,2,1216
11020132,338,1,337
11020133,1392,10,1382
11020134,484,11,473
11020135,417,2,415
11020136,333,1,332
11020137,641,5,636
11020138,392,4,388
11020139,516,3,513
11020140,341,2,339
11020141,449,9,440
11020142,470,23,447
11020143,551,6,545
11020144,812,11,801
11020145,633,2,631
11020146,389,22,367
11020147,578,15,563
11020148,580,2,578
11020149,694,7,687
11020150,535,2,533
11020151,549,13,536
11020152,528,2,526
11020153,557,20,537
11020154,539,8,531
11020155,591,8,583
11020156,378,14,364
11020157,640,4,636
11020158,623,8,615
11020159,568,16,552
11020160,524,34,490
11020161,453,5,448
11020162,492,9,483
11020163,570,2,568
11020164,514,4,510
11020165,543,2,541
11020166,517,2,515
11020167,565,7,558
11020168,411,1,410
11020169,478,1,477
11020170,569,32,537
11020171,557,3,554
11020172,443,4,439
11020173,313,7,306
11020174,1074,2,1072
11020175,550,2,548
11020176,390,8,382
11020177,416,5,411
11020178,477,8,469
11020179,466,2,464
11020180,873,17,856
11020181,649,2,647
11020182,417,6,411
11020183,643,6,637
11020184,472,1,471
11020185,661,9,652
11020186,688,3,685
11020187,898,20,878
11020188,644,1,643
11020189,489,48,441
11020190,512,3,509
11020191,503,20,483
11020192,890,4,886
11020193,385,13,372
11020194,771,16,755
11020195,56,54,2
11020196,493,10,483
11020197,579,9,570
11020198,716,13,703
11020199,674,36,638
11020200,689,35,654
11020201,808,36,772
11020202,459,6,453
11020203,706,22,684
11020204,390,4,386
11020205,522,21,501
11020206,633,1,632
11020207,623,4,619
11020208,491,5,486
11020209,358,26,332
11020210,653,2,651
11020211,550,1,549
11020212,343,3,340
11020213,649,2,647
11020214,606,1,605
11020215,493,0,493
11020216,482,12,470
11020217,178,1,177
11020218,415,0,415
11020219,510,2,508
11020220,419,2,417
11020221,352,0,352
11020222,474,2,472
11020223,277,2,275
11020224,514,5,509
11020225,77,2,75
11020226,485,5,480
11020227,437,1,436
11020228,1247,168,1079
11020229,560,1,559
11020230,2066,12,2054
11020231,852,5,847
11020232,661,4,657
11020233,280,1,279
11020234,660,1,659
11020235,337,6,331
11020236,1345,12,1333
11020237,481,1,480
11020238,1015,38,977
11020239,485,1,484
11020240,421,1,420
11020241,244,5,239
11020242,945,31,914
11020243,569,9,560
11020244,522,0,522
11020245,721,14,707
11020246,558,6,552
11020247,622,2,620
11020248,500,5,495
11020249,405,4,401
11020250,490,2,488
11020251,458,7,451
11020252,475,9,466
11020253,331,4,327
11020254,488,9,479
11020255,426,15,411
11020256,978,35,943
11020257,653,3,650
11020258,600,10,590
11020259,334,1,333
11020260,1253,44,1209
11020261,1108,5,1103
11020262,807,4,803
11020263,650,0,650
11020264,816,8,808
11020265,508,2,506
11020266,475,2,473
11020267,532,9,523
11030072,350,10,340
11030073,455,1,454
11030074,317,0,317
11030075,336,6,330
11030076,544,6,538
11030077,479,0,479
11030078,320,3,317
11030079,467,2,465
11030080,149,9,140
11030081,69,57,12
11030082,373,3,370
11030083,637,39,598
11030084,466,5,461
11030085,918,74,844
11030086,552,39,513
11030087,487,0,487
11030088,445,27,418
11030089,394,26,368
11030090,382,4,378
11030091,382,32,350
11030092,343,7,336
11030093,288,0,288
11030094,551,35,516
11030095,456,3,453
11030096,263,6,257
11030097,495,33,462
11030098,343,16,327
11030099,445,9,436
11030100,332,288,44
11030101,2,0,2
11030102,709,29,680
11030103,226,2,224
11030104,407,11,396
11030105,698,5,693
11030106,369,22,347
11030107,365,16,349
11030108,593,18,575
11030109,274,0,274
11030110,526,1,525
11030112,849,9,840
11030113,358,1,357
11030114,425,5,420
11030115,372,1,371
11030116,847,118,729
11030117,427,37,390
11030118,389,10,379
11030119,738,13,725
11030120,442,30,412
11030121,509,2,507
11030122,364,1,363
11030123,443,22,421
11030124,392,1,391
11030125,382,7,375
11030126,570,1,569
11030127,725,3,722
11030128,159,0,159
11030129,333,12,321
11030130,477,31,446
11030131,291,5,286
11030132,823,14,809
11030133,366,1,365
11030134,1563,3,1560
11030135,417,1,416
11030136,465,1,464
11030137,392,1,391
11030138,461,2,459
11030139,400,1,399
11030140,457,21,436
11030141,460,1,459
11030142,380,2,378
11030143,445,7,438
11030144,316,0,316
11030145,520,8,512
11030146,479,1,478
11030147,533,12,521
11030149,526,3,523
11030151,741,0,741
11030152,441,0,441
11030153,516,2,514
11030154,167,9,158
11030155,139,1,138
11030156,477,4,473
11030157,392,4,388
11030158,315,0,315
11030159,413,0,413
11030160,467,16,451
11030161,362,10,352
11030162,328,0,328
11030163,332,0,332
11030164,547,13,534
11030165,542,4,538
11030166,386,0,386
11030167,499,12,487
11030168,539,4,535
11030169,49,8,41
11030174,530,0,530
11030175,304,7,297
11030176,10,0,10
11030177,0,0,0
12010030,438,84,354
12010031,397,4,393
12010032,450,3,447
12010033,391,9,382
12010034,457,32,425
12010035,546,18,528
12010036,404,24,380
12010037,750,14,736
12010038,458,7,451
12010039,627,21,606
12010040,361,2,359
12010041,427,34,393
12010042,466,11,455
12010043,558,4,554
12010044,849,26,823
12010045,412,14,398
12010046,336,57,279
12010047,418,11,407
12010048,525,2,523
12010049,498,29,469
12010050,744,73,671
12010051,613,37,576
12010052,680,20,660
12010053,469,17,452
12010054,406,102,304
12010055,469,5,464
12010056,415,30,385
12020043,672,49,623
12020044,715,79,636
12020045,693,86,607
12020046,584,146,438
12020047,536,74,462
12020048,596,34,562
12020049,603,72,531
12020050,505,65,440
12020051,562,9,553
12020052,491,53,438
12020053,568,68,500
12020054,469,30,439
12020055,518,44,474
12020056,393,64,329
12020057,461,23,438
12020058,432,16,416
12020059,366,34,332
12020060,339,3,336
12020061,479,3,476
12020062,397,20,377
12020063,448,50,398
12020064,474,40,434
12020065,719,133,586
12020066,160,94,66
12020067,551,14,537
12020068,474,57,417
12020069,569,53,516
12020070,341,1,340
12020071,421,14,407
12020072,861,187,674
12020073,374,31,343
12020074,586,84,502
12020075,422,143,279
12020076,395,77,318
12020077,284,26,258
12020078,791,117,674
12020079,658,44,614
12020080,447,102,345
12020081,407,128,279
12020082,452,67,385
12020083,624,157,467
12020084,641,79,562
12020085,1128,114,1014
12020086,606,112,494
12020087,548,49,499
12030040,483,19,464
12030041,566,46,520
12030042,365,26,339
12030043,567,52,515
12030044,400,5,395
12030045,553,12,541
12030046,473,108,365
12030047,421,70,351
12030048,433,11,422
12030051,596,27,569
12030052,471,5,466
12030053,383,9,374
12030054,363,20,343
12030055,352,3,349
12030056,705,42,663
12030057,205,25,180
12030058,292,27,265
12030059,419,35,384
12030060,463,29,434
12030061,491,12,479
12030062,502,35,467
12030063,409,14,395
12030064,414,3,411
12030065,431,27,404
12030066,365,0,365
12030067,377,6,371
12030068,440,40,400
12030069,390,2,388
12030070,439,106,333
12030071,525,25,500
12030072,514,41,473
12030073,470,36,434
12030074,471,77,394
12030075,411,69,342
12030076,376,12,364
12030077,465,68,397
12030078,435,23,412
12030079,433,57,376
12030082,145,134,11
12040025,338,6,332
12040026,31,22,9
12040027,427,37,390
12040028,302,8,294
12040029,366,15,351
12040030,329,6,323
12040031,17,14,3
12040032,362,24,338
12040033,435,29,406
12040034,604,79,525
12040035,463,68,395
12040036,390,10,380
12040037,429,74,355
12040038,431,4,427
12040039,986,73,913
12040040,422,28,394
12040041,461,2,459
12040042,382,50,332
12040043,462,13,449
12040044,579,2,577
12040045,543,14,529
12040046,356,16,340
12040047,386,2,384
12040048,359,5,354
12040049,397,3,394
12050044,469,1,468
12050045,512,34,478
12050046,445,30,415
12050047,519,16,503
12050048,399,0,399
12050049,703,33,670
12050050,495,18,477
12050051,338,28,310
12050052,484,124,360
12050053,532,6,526
12050054,794,1,793
12050055,454,9,445
12050056,443,3,440
12050057,638,56,582
12050058,682,43,639
12050059,452,22,430
12050060,394,3,391
12050061,537,12,525
12050062,392,2,390
12050063,378,2,376
12050064,460,25,435
12050065,432,30,402
12050066,487,7,480
12050067,398,4,394
12050068,592,47,545
12050069,377,2,375
12050070,380,14,366
12050071,481,2,479
12050072,684,13,671
12050073,462,3,459
12050074,414,12,402
12050075,466,5,461
12050076,17,16,1
12050077,336,2,334
12050078,426,7,419
12050080,0,0,0
12050082,498,10,488
12050083,337,8,329
12050084,603,8,595
12050085,432,3,429
12050086,442,28,414
12050087,565,53,512
12050088,465,3,462
12050089,548,11,537
12050090,44,43,1
12050093,405,15,390
12060071,0,0,0
12060072,406,4,402
12060073,29,28,1
12060074,633,20,613
12060075,110,6,104
12060077,497,11,486
12060078,461,13,448
12060079,475,11,464
12060080,418,0,418
12060081,542,3,539
12060082,404,10,394
12060083,499,17,482
12060084,566,14,552
12060085,534,27,507
12060087,582,116,466
12060088,526,19,507
12060089,741,13,728
12060090,703,73,630
12060091,931,7,924
12060092,700,12,688
12060093,508,4,504
12060094,457,29,428
12060095,516,7,509
12060096,450,26,424
12060097,518,3,515
12060098,461,10,451
12060099,342,51,291
12060100,442,12,430
12060105,444,2,442
12060106,574,12,562
12060107,524,14,510
12060108,663,15,648
12060109,466,20,446
12060110,285,6,279
12060111,332,20,312
12060112,295,9,286
12060113,537,15,522
12060114,712,5,707
12060115,644,11,633
12060116,456,36,420
12060118,496,4,492
12060119,541,38,503
12060120,453,2,451
12060124,642,41,601
12060125,488,19,469
12060126,849,57,792
12060128,407,3,404
12060129,500,2,498
12060130,544,12,532
12060131,636,3,633
12060132,409,1,408
12060133,323,1,322
12060134,400,2,398
12060135,452,8,444
12060136,767,28,739
12060137,512,38,474
12060138,564,23,541
12060139,597,54,543
12060140,99,81,18
12060141,487,44,443
12060142,501,41,460
12060143,542,25,517
12060144,525,43,482
12060145,282,11,271
12060146,387,3,384
12060147,414,9,405
12060148,311,3,308
12060149,716,30,686
12060150,381,19,362
12060151,799,18,781
12060152,402,32,370
12060153,623,8,615
12060154,394,10,384
12060156,379,1,378
12060157,583,2,581
12060158,441,2,439
12060160,515,2,513
12060161,609,10,599
12060162,505,2,503
12060163,522,2,520
12060166,475,10,465
12060167,183,3,180
12060168,492,3,489
12060169,597,21,576
12060170,542,0,542
12060171,264,3,261
12060172,221,15,206
12060173,411,24,387
12060174,228,10,218
12060176,589,8,581
12060177,120,3,117
12060178,269,8,261
12060179,623,2,621
12060180,32,0,32
12060181,473,28,445
12060182,66,5,61
12060183,24,2,22
12060184,19,1,18
12060185,434,37,397
12060186,373,5,368
12060187,120,1,119
12060188,288,2,286
12060190,332,83,249
12070081,438,1,437
12070082,486,6,480
12070083,465,20,445
12070084,405,3,402
12070085,401,6,395
12070086,529,6,523
12070087,870,3,867
12070088,784,47,737
12070089,426,0,426
12070090,447,4,443
12070091,765,11,754
12070092,420,11,409
12070093,480,14,466
12070094,672,19,653
12070095,375,3,372
12070096,663,31,632
12070097,435,7,428
12070098,709,30,679
12070099,548,10,538
12070100,432,6,426
12070101,228,10,218
12070102,611,19,592
12070103,562,18,544
12070104,345,2,343
12070105,791,26,765
12070106,406,13,393
12070107,361,3,358
12070108,540,24,516
12070109,409,66,343
12070110,690,13,677
12070111,407,12,395
12070112,884,16,868
12070113,743,18,725
12070114,350,9,341
12070115,535,14,521
12070116,515,72,443
12070117,563,1,562
12070118,467,7,460
12070119,589,3,586
12070120,437,33,404
12070121,566,55,511
12070122,439,5,434
12070123,491,1,490
12070124,421,44,377
12070125,352,6,346
12070126,468,3,465
12070127,552,3,549
12070128,571,4,567
12070129,411,2,409
12070130,686,36,650
12070131,605,3,602
12070132,140,118,22
12070133,545,52,493
12070134,463,1,462
12070135,370,3,367
12070136,548,36,512
12070137,359,11,348
12070138,430,11,419
12070139,538,3,535
12070140,412,2,410
12070141,457,17,440
12070142,435,12,423
12070143,629,40,589
12070144,503,13,490
12070145,853,5,848
12070146,532,2,530
12070147,600,15,585
12070148,483,73,410
12070149,356,15,341
12070150,483,3,480
12070151,579,1,578
12070152,489,0,489
12070153,448,6,442
12070154,432,6,426
12070155,610,52,558
12070156,643,2,641
12070157,452,2,450
12070158,560,2,558
12070159,596,5,591
12070160,527,2,525
12070161,610,0,610
12070162,599,14,585
12070163,549,1,548
12070164,502,2,500
12070165,482,1,481
12070166,528,1,527
12070167,671,67,604
12070168,462,0,462
12070169,85,76,9
12070170,0,0,0
12070171,448,6,442
12070172,514,3,511
12070173,482,7,475
12070174,460,2,458
12070175,624,7,617
12070176,417,5,412
12070177,582,38,544
12070178,637,107,530
12070179,395,3,392
12070180,920,85,835
12070181,423,17,406
12070182,388,8,380
12070183,452,3,449
12070184,666,5,661
12070185,832,8,824
12070186,806,6,800
12070187,559,2,557
12070188,512,11,501
12070189,443,2,441
12070190,634,9,625
12070191,557,1,556
12070192,557,7,550
12070193,667,22,645
12070194,487,3,484
12070195,484,10,474
12080056,836,5,831
12080057,582,19,563
12080058,527,509,18
12080059,584,572,12
12080061,0,0,0
12080063,472,50,422
12080064,546,55,491
12080065,759,30,729
12080069,662,25,637
12080070,442,22,420
12080071,1124,154,970
12080072,849,23,826
12080073,901,18,883
12080074,717,30,687
12080076,609,13,596
12080077,696,47,649
12080078,550,35,515
12080079,449,21,428
12080080,454,17,437
12080081,539,4,535
12080082,529,6,523
12080083,468,43,425
12080084,639,25,614
12080085,729,3,726
12080086,534,46,488
12080087,637,3,634
12080088,763,3,760
12080089,449,8,441
12080090,562,4,558
12080091,881,25,856
12080092,738,56,682
12080093,774,55,719
12080094,492,11,481
12080095,466,44,422
12080096,508,20,488
12080097,480,9,471
12080098,471,7,464
12080099,677,11,666
12080100,1066,17,1049
12080101,504,34,470
12080102,599,3,596
12080103,459,2,457
12080104,583,19,564
12080105,516,8,508
12080106,472,2,470
12080107,467,13,454
12080108,464,7,457
12080109,388,1,387
12080110,394,3,391
12080111,448,0,448
12080112,570,7,563
12080113,457,7,450
12080114,500,6,494
12080115,497,16,481
12080116,531,2,529
12080117,682,9,673
12080118,1016,16,1000
12080119,815,7,808
12080120,817,20,797
12080121,632,11,621
12080122,1014,62,952
12080123,579,22,557
12080127,824,20,804
12080128,530,62,468
12080129,1586,8,1578
12080130,131,4,127
12080131,258,7,251
12080132,1286,44,1242
12080133,104,5,99
12090103,712,16,696
12090104,233,14,219
12090105,661,33,628
12090106,279,7,272
12090108,675,24,651
12090114,552,57,495
12090115,1472,4,1468
12090116,1121,8,1113
12090117,547,10,537
12090118,428,23,405
12090119,478,63,415
12090120,576,1,575
12090121,780,18,762
12090122,392,0,392
12090123,1029,38,991
12090128,1038,45,993
12090130,1177,72,1105
12090131,676,36,640
12090132,309,2,307
12090133,656,6,650
12090134,677,21,656
12090135,719,53,666
12090136,356,25,331
12090137,442,4,438
12090138,766,29,737
12090139,318,2,316
12090140,467,1,466
12090141,379,4,375
12090142,259,0,259
12090143,451,0,451
12090144,383,2,381
12090145,330,9,321
12090146,641,72,569
12090147,472,5,467
12090148,337,10,327
12090149,480,6,474
12090150,381,1,380
12090152,373,41,332
12090153,561,13,548
12090154,442,6,436
12090158,586,1,585
12090159,544,14,530
12090160,490,1,489
12090161,416,0,416
12090162,477,6,471
12090163,442,76,366
12090164,748,8,740
12090165,505,7,498
12090166,1171,7,1164
12090167,484,11,473
12090168,1195,7,1188
12090169,440,28,412
12090170,468,25,443
12090171,617,21,596
12090172,574,15,559
12090175,511,26,485
12090176,516,12,504
12090177,314,11,303
12090178,506,9,497
12090179,512,8,504
12090182,410,18,392
12090183,531,18,513
12090184,804,14,790
12090185,1859,14,1845
12090186,439,12,427
12090187,342,2,340
12090188,464,4,460
12090189,1017,55,962
12090190,397,9,388
12090191,577,0,577
12090192,722,4,718
12090193,1292,20,1272
12090194,348,40,308
12090195,471,54,417
12090196,570,24,546
12090197,522,20,502
12090198,407,13,394
12090199,451,4,447
12090200,660,25,635
12090201,633,14,619
12090202,623,24,599
12090203,356,6,350
12090204,426,0,426
12090205,1198,102,1096
12090206,386,7,379
12090209,408,9,399
12090210,401,7,394
12090211,346,7,339
12090212,368,0,368
12090213,486,33,453
12090214,551,48,503
12090215,418,60,358
12090216,1272,56,1216
12090217,513,25,488
12090220,818,23,795
12090223,800,54,746
12090224,355,2,353
12090225,624,17,607
12090226,424,18,406
12090227,470,12,458
12090228,483,4,479
12090229,445,18,427
12090230,609,18,591
12090231,586,52,534
12090232,897,8,889
12090241,422,7,415
12090244,621,13,608
12090245,581,93,488
12090246,731,1,730
12090247,502,0,502
12090248,631,2,629
12090249,976,29,947
12090250,728,9,719
12090251,573,7,566
12090252,935,31,904
12090253,523,22,501
12090254,839,55,784
12090255,517,5,512
12090256,346,29,317
12090259,428,20,408
12090260,338,15,323
12090261,449,1,448
12090262,700,7,693
12090263,1022,21,1001
12090264,876,77,799
12090265,745,33,712
12090267,469,8,461
12090270,345,0,345
12090271,311,0,311
12090272,1152,132,1020
12090273,240,2,238
12090277,522,17,505
12090279,688,1,687
12090280,564,4,560
12090281,645,1,644
12090282,393,0,393
12090291,443,7,436
12090292,353,6,347
12090293,528,8,520
12090294,414,3,411
12090295,1111,62,1049
12090296,1024,15,1009
12090297,667,8,659
12090298,604,5,599
12090311,379,10,369
12090312,404,7,397
12090313,688,20,668
12090324,334,1,333
12090325,451,6,445
12090326,579,3,576
12090327,567,21,546
12090328,427,0,427
12090329,409,1,408
12090330,357,0,357
12090331,549,5,544
12090332,459,9,450
12090333,374,0,374
12090334,662,13,649
12090335,428,3,425
12090336,633,6,627
12090337,1342,30,1312
12090340,522,19,503
12090341,771,20,751
12090342,516,33,483
12090343,1402,6,1396
12090344,352,2,350
12090345,463,32,431
12090346,471,41,430
12090347,544,13,531
12090348,104,103,1
12090349,386,8,378
12090350,414,0,414
12090351,619,0,619
12090355,743,42,701
12090356,490,47,443
12090357,900,25,875
12090358,601,20,581
12090359,1101,89,1012
12090362,524,73,451
12090365,482,26,456
12090366,941,46,895
12090367,448,23,425
12090368,384,44,340
12090369,557,48,509
12090370,698,0,698
12090371,444,49,395
12090372,1831,77,1754
12090373,397,95,302
12090406,1179,34,1145
12090407,670,29,641
12090415,562,11,551
12090420,397,6,391
12090421,420,2,418
12090474,1108,23,1085
12090475,510,1,509
12090476,559,58,501
12090477,549,7,542
12090478,496,6,490
12090479,709,7,702
12090480,2521,10,2511
12090481,310,1,309
12090482,1524,33,1491
12090483,323,0,323
12090484,328,9,319
12090485,609,3,606
12090486,446,22,424
12090487,685,2,683
12090488,465,36,429
12090489,686,33,653
12090490,524,7,517
12090491,309,8,301
12090492,1085,43,1042
12090493,1202,103,1099
12090494,247,3,244
12090495,463,9,454
12090496,622,13,609
12090497,478,3,475
12090498,445,5,440
12090500,678,64,614
12090501,802,38,764
12090502,766,23,743
12090506,538,2,536
12090507,1024,10,1014
12090508,346,3,343
12090509,622,20,602
12090510,1012,22,990
12090513,326,5,321
12090514,473,2,471
12090516,461,4,457
12090517,345,18,327
12090518,477,17,460
12090520,1255,18,1237
12090521,1171,23,1148
12090523,1037,35,1002
12090528,1036,8,1028
12090530,847,16,831
12090531,570,10,560
12090532,1107,14,1093
12090533,691,13,678
12090534,832,2,830
12090535,2804,232,2572
12090536,575,2,573
12090537,322,2,320
12090538,358,4,354
12090539,596,9,587
12090540,529,6,523
12090541,611,63,548
12090542,820,23,797
12090562,446,7,439
12090563,807,3,804
12090564,931,65,866
12090565,1171,26,1145
12090567,621,16,605
12090569,1076,14,1062
12090570,851,48,803
12090571,472,11,461
12090572,1542,21,1521
12090573,1022,87,935
12090574,1008,21,987
12090576,229,11,218
12090577,1044,44,1000
12090578,506,14,492
12090579,622,16,606
12090580,1844,38,1806
12090581,964,94,870
12090582,586,30,556
12090583,336,15,321
12090587,26,22,4
12090588,3,3,0
12090590,22,17,5
12090591,514,8,506
12090592,655,26,629
12090593,381,26,355
12090594,558,15,543
12090595,798,6,792
12090596,694,18,676
12090597,921,34,887
12090598,608,10,598
12090599,753,29,724
12090600,878,25,853
12090602,826,3,823
12090608,974,19,955
12090609,499,10,489
12090610,370,0,370
12090611,450,4,446
12090612,608,5,603
12090613,532,9,523
12090614,614,16,598
12090615,654,6,648
12090616,643,41,602
12090617,495,23,472
12090618,454,4,450
12090619,593,108,485
12090620,503,48,455
12090621,578,49,529
12090622,682,44,638
12090623,401,5,396
12090624,535,7,528
12090625,534,8,526
12090627,530,14,516
12090628,754,3,751
12090629,2028,162,1866
12090630,892,5,887
12090631,460,7,453
12090632,952,82,870
12090633,904,26,878
12090634,1036,12,1024
12090635,1389,28,1361
12090636,923,37,886
12090637,900,12,888
12090638,823,9,814
12090640,2726,56,2670
12090641,678,2,676
12090642,1651,6,1645
12090643,706,0,706
12090648,570,6,564
12090649,589,6,583
12090650,485,1,484
12090651,688,6,682
12090652,824,9,815
12090653,944,37,907
12090655,1570,85,1485
12090656,1001,12,989
12090657,1054,4,1050
12090658,470,17,453
12090659,568,4,564
12090660,708,6,702
12090661,544,3,541
12090662,1111,4,1107
12090663,523,3,520
12090664,795,4,791
12090665,673,25,648
12090666,497,10,487
12090667,755,2,753
12090668,638,15,623
12090671,609,0,609
12090672,564,0,564
12090673,787,15,772
12090674,1155,40,1115
12090677,461,6,455
12090678,2354,46,2308
12090680,432,4,428
12090682,463,31,432
12090683,553,44,509
12090684,1437,68,1369
12090685,429,0,429
12090687,621,1,620
12090688,956,22,934
12090690,1422,6,1416
12090691,575,19,556
12090693,1141,18,1123
12090694,508,6,502
12090695,1091,51,1040
12090696,468,8,460
12090697,1105,10,1095
12090698,469,12,457
12090699,518,43,475
12090700,463,23,440
12090701,928,65,863
12090702,693,9,684
12090703,591,45,546
12090704,531,48,483
12090705,790,2,788
12090706,529,0,529
12090707,511,0,511
12090708,912,19,893
12090709,1451,136,1315
12090710,712,15,697
12090711,764,12,752
12090712,1378,35,1343
12090713,687,5,682
12090715,957,4,953
12090716,0,0,0
12090717,476,4,472
12090719,760,27,733
12090721,565,76,489
12090722,542,1,541
12090723,441,0,441
12090724,679,7,672
12090725,644,2,642
12090728,574,11,563
12090729,456,18,438
12090730,399,17,382
12090731,426,28,398
12090733,919,19,900
12090734,1677,31,1646
12090735,761,15,746
12090736,486,4,482
12090737,951,45,906
12090738,1700,89,1611
12090739,1075,1,1074
12090740,795,20,775
12090741,873,42,831
12090743,719,3,716
12090745,598,2,596
12090746,498,26,472
12090747,570,5,565
12090748,893,35,858
12090750,430,0,430
12090751,2169,62,2107
12090752,541,2,539
12090753,602,57,545
12090754,509,9,500
12090755,601,3,598
12090756,501,14,487
12090757,536,20,516
12090758,871,3,868
12090759,457,11,446
12090760,577,1,576
12090761,465,8,457
12090762,812,1,811
12090763,387,31,356
12090764,553,84,469
12090765,662,80,582
12090769,1072,9,1063
12090770,605,1,604
12090771,910,2,908
12090772,508,0,508
12090773,855,3,852
12090774,490,1,489
12090775,612,7,605
12090776,556,33,523
12090777,482,1,481
12090778,417,7,410
12090779,346,1,345
12090780,613,0,613
12090781,391,5,386
12090782,516,17,499
12090783,1716,24,1692
12090784,614,8,606
12090785,364,8,356
12090786,375,1,374
12090787,616,9,607
12090788,511,3,508
12090789,470,4,466
12090790,425,4,421
12090791,2877,56,2821
12090792,747,47,700
12090793,1199,47,1152
12090794,594,46,548
12090795,842,22,820
12090796,810,6,804
12090797,915,66,849
12090798,681,51,630
12090799,1107,11,1096
12090805,670,13,657
12090808,854,21,833
12090809,466,27,439
12090810,708,41,667
12090811,977,16,961
12090812,743,25,718
12090813,590,15,575
12090814,591,7,584
12090815,573,8,565
12090816,527,86,441
12090817,749,6,743
12090818,1353,68,1285
12090819,403,100,303
12090820,757,59,698
12090823,576,19,557
12090824,716,31,685
12090828,525,26,499
12090832,727,13,714
12090835,1111,18,1093
12090836,388,6,382
12090837,575,3,572
12090838,714,38,676
12090839,7124,304,6820
12090840,462,41,421
12090841,461,9,452
12090842,667,15,652
12090843,571,19,552
12090844,769,6,763
12090845,0,0,0
12090846,1530,111,1419
12090847,739,2,737
12090848,856,20,836
12090849,472,3,469
12090850,476,0,476
12090851,558,1,557
12090852,507,7,500
12090853,760,2,758
12090854,452,0,452
12090855,817,4,813
12090856,512,0,512
12090858,689,0,689
12090860,738,3,735
12090863,499,5,494
12090864,641,7,634
12090865,431,4,427
12090866,550,9,541
12090867,559,6,553
12090868,961,5,956
12090869,713,13,700
12090870,1105,33,1072
12090871,604,21,583
12090872,484,12,472
12090873,486,17,469
12090874,508,12,496
12090875,439,21,418
12090876,558,13,545
12090877,507,39,468
12090878,435,15,420
12090879,627,4,623
12090880,558,15,543
12090881,612,11,601
12090882,590,18,572
12090883,421,3,418
12090886,532,24,508
12090888,390,14,376
12090890,1367,3,1364
12090891,2387,24,2363
12090892,1367,18,1349
12090893,537,33,504
12090894,569,5,564
12090895,576,33,543
12090896,735,24,711
12090897,1269,36,1233
12090898,705,41,664
12090899,515,1,514
12090900,937,27,910
12090901,3454,39,3415
12090902,1382,24,1358
12090903,960,9,951
12090904,1811,10,1801
12090905,1031,8,1023
12090909,1040,7,1033
12090910,892,18,874
12090911,557,26,531
12090915,939,10,929
12090916,908,7,901
12090917,921,8,913
12090919,1145,1,1144
12090920,726,0,726
12090921,760,80,680
12090922,185,11,174
12090924,824,87,737
12090925,1540,3,1537
12090926,666,0,666
12090927,373,2,371
12090928,936,70,866
12090929,2066,169,1897
12090930,748,15,733
12090932,609,23,586
12090933,729,23,706
12090934,511,1,510
12090936,591,5,586
12090937,1305,19,1286
12090939,886,31,855
12090941,539,14,525
12090942,390,8,382
12090943,610,3,607
12090944,710,3,707
12090945,444,2,442
12090947,469,18,451
12090948,464,19,445
12090950,858,7,851
12090951,1469,18,1451
12090952,399,11,388
12090954,1304,5,1299
12090955,764,12,752
12090956,343,2,341
12090957,849,23,826
12090958,1036,17,1019
12090960,439,4,435
12090962,451,5,446
12090963,294,4,290
12090965,1082,15,1067
12090966,352,9,343
12090967,1557,155,1402
12090969,425,1,424
12090970,837,4,833
12090972,556,64,492
12090973,710,10,700
12090974,510,73,437
12090976,571,3,568
12090977,421,7,414
12090978,319,2,317
12090980,275,10,265
12090981,501,17,484
12090982,640,6,634
12090983,508,2,506
12090984,526,12,514
12090985,545,6,539
12090986,1157,25,1132
12090988,319,5,314
12090989,1047,69,978
12090990,673,3,670
12090991,1616,21,1595
12090992,926,18,908
12090993,1512,19,1493
12090994,856,0,856
12090995,560,11,549
12090996,1415,23,1392
12090997,533,64,469
12090998,693,54,639
12090999,1556,11,1545
12091000,577,4,573
12091001,10,2,8
12091002,170,18,152
12091003,43,25,18
12100077,586,7,579
12100078,464,9,455
12100079,496,25,471
12100080,554,26,528
12100081,404,2,402
12100082,553,21,532
12100083,389,0,389
12100084,474,40,434
12100085,547,18,529
12100086,379,38,341
12100087,585,3,582
12100088,828,1,827
12100089,691,6,685
12100090,902,38,864
12100091,497,8,489
12100092,644,3,641
12100093,518,24,494
12100094,849,13,836
12100095,466,2,464
12100096,1163,39,1124
12100097,660,3,657
12100098,403,7,396
12100099,316,5,311
12100100,406,4,402
12100101,516,21,495
12100102,418,4,414
12100103,499,2,497
12100104,383,2,381
12100105,444,3,441
12100106,616,12,604
12100107,373,7,366
12100108,306,19,287
12100109,728,15,713
12100110,443,4,439
12100111,478,41,437
12100112,425,23,402
12100113,440,21,419
12100114,428,19,409
12100115,422,9,413
12100116,425,6,419
12100117,492,5,487
12100118,491,9,482
12100119,425,5,420
12100120,424,20,404
12100121,457,5,452
12100122,517,18,499
12100123,583,3,580
12100124,676,97,579
12100125,411,2,409
12100126,643,88,555
12100127,603,18,585
12100128,484,7,477
12100129,637,3,634
12100130,701,50,651
12100131,560,15,545
12100132,493,12,481
12100133,536,6,530
12100134,436,50,386
12100135,548,7,541
12100136,393,8,385
12100137,528,12,516
12100138,524,3,521
12100139,682,7,675
12100140,1068,155,913
12100141,893,68,825
12100142,514,12,502
12100143,533,4,529
12100144,607,13,594
12100145,368,3,365
12100146,492,11,481
12100147,457,1,456
12100148,771,31,740
12100149,656,587,69
12100150,179,166,13
12100151,707,42,665
12100152,727,26,701
12100153,719,34,685
12100154,464,19,445
12100155,521,13,508
12100156,1086,6,1080
12100157,533,83,450
12100158,374,1,373
12100159,519,40,479
12100160,461,57,404
12100161,590,23,567
12100162,418,6,412
12100163,458,46,412
12100164,410,4,406
12100165,484,3,481
12100166,361,7,354
12100167,482,4,478
12100168,514,20,494
12100169,361,9,352
12100170,348,5,343
12110052,461,9,452
12110053,508,4,504
12110054,427,4,423
12110055,396,9,387
12110056,360,0,360
12110057,598,2,596
12110058,407,7,400
12110059,525,1,524
12110060,447,20,427
12110061,361,5,356
12110062,397,41,356
12110063,392,2,390
12110064,557,1,556
12110065,416,14,402
12110066,420,39,381
12110067,392,9,383
12110068,372,9,363
12110069,360,36,324
12110070,388,33,355
12110071,380,21,359
12110072,345,16,329
12110073,391,10,381
12110074,86,2,84
12110075,365,14,351
12110076,380,31,349
12110077,437,55,382
12110078,391,3,388
12110079,392,4,388
12110080,483,1,482
12110081,392,11,381
12110082,332,1,331
12110083,439,37,402
12110084,373,0,373
12110085,386,26,360
12110086,366,6,360
12110087,387,4,383
12110088,381,26,355
12110089,475,5,470
12110090,503,8,495
12110091,634,14,620
12110092,436,14,422
12110093,458,1,457
12110094,419,0,419
12110095,456,1,455
12110096,433,105,328
12110097,478,1,477
12110098,338,7,331
12110099,398,15,383
12110100,439,3,436
12110101,370,0,370
12110102,429,7,422
12110103,447,1,446
12110104,463,0,463
12110105,374,28,346
12110106,938,14,924
12110107,456,3,453
12110108,268,0,268
12110109,357,0,357
12110110,528,7,521
12110111,689,3,686
12110112,416,0,416
12110113,627,9,618
12110114,479,12,467
12110115,563,13,550
12110116,510,1,509
12110117,530,24,506
12110118,363,9,354
12120063,330,3,327
12120064,372,3,369
12120065,412,32,380
12120066,337,10,327
12120067,0,0,0
12120068,453,6,447
12120069,710,18,692
12120070,0,0,0
12120071,589,22,567
12120072,734,49,685
12120073,547,3,544
12120074,708,8,700
12120075,488,2,486
12120076,488,3,485
12120077,460,22,438
12120078,240,3,237
12120079,429,5,424
12120080,394,9,385
12120081,617,10,607
12120082,430,1,429
12120083,487,55,432
12120084,457,1,456
12120085,435,1,434
12120086,587,2,585
12120087,423,1,422
12120088,460,20,440
12120089,389,14,375
12120090,540,23,517
12120091,385,5,380
12120092,422,3,419
12120093,350,2,348
12120094,325,5,320
12120095,364,7,357
12120096,410,2,408
12120097,446,13,433
12120098,462,19,443
12120099,411,30,381
12120100,499,4,495
12120101,464,21,443
12120102,457,9,448
12120103,429,5,424
12120104,463,4,459
12120105,450,3,447
12120106,389,46,343
12120107,610,29,581
12120108,565,5,560
12120109,599,13,586
12120110,522,6,516
12120111,364,13,351
12120112,348,2,346
12120113,469,3,466
12120114,360,6,354
12120115,451,4,447
12120116,437,3,434
12120117,433,5,428
12120118,362,10,352
12120119,663,26,637
12120120,351,18,333
12120121,499,462,37
12120122,619,3,616
12120123,450,1,449
12120124,403,14,389
12120125,425,14,411
12120126,353,7,346
12120127,407,2,405
12120128,379,2,377
12120129,365,13,352
12120130,428,6,422
12120131,252,3,249
12120132,392,32,360
12120133,529,1,528
12120134,679,10,669
12120135,458,1,457
12120136,504,3,501
12120137,726,7,719
12120138,652,7,645
12120139,440,46,394
12120140,379,4,375
12120141,474,23,451
12120142,282,26,256
12120143,501,57,444
12120144,600,50,550
12120145,619,3,616
12120146,646,8,638
12120147,551,0,551
12120148,515,17,498
12120149,441,12,429
12120150,325,23,302
12120151,496,16,480
12120152,497,10,487
12120153,431,5,426
12120154,411,1,410
12120155,424,3,421
12120156,335,42,293
12120157,615,17,598
12120158,408,1,407
12130021,353,13,340
12130022,333,40,293
12130023,375,25,350
12130024,445,15,430
12130025,250,4,246
12130026,339,6,333
12130027,276,2,274
12130028,576,1,575
12130029,466,1,465
12130030,512,1,511
12130031,570,14,556
12130032,510,23,487
12130033,446,41,405
12130034,639,5,634
12130035,485,22,463
12130036,750,10,740
12140039,273,57,216
12140040,529,38,491
12140041,366,56,310
12140042,364,74,290
12140043,329,9,320
12140044,410,30,380
12140045,431,15,416
12140046,414,0,414
12140047,44,26,18
12140048,206,198,8
12140049,425,20,405
12140050,156,152,4
12140051,586,7,579
12140052,448,8,440
12140053,547,15,532
12140054,575,3,572
12140055,0,0,0
12140056,861,53,808
12140057,485,24,461
12140058,241,2,239
12140059,276,2,274
12140060,459,3,456
12140061,347,2,345
12140062,457,18,439
12140063,383,24,359
12140064,526,7,519
12140065,870,23,847
12140066,593,15,578
12140067,636,3,633
12140068,1011,19,992
12140069,638,9,629
12140070,546,52,494
12140071,351,34,317
12140072,478,8,470
12140073,496,38,458
12140074,416,3,413
12140075,424,2,422
12140076,262,1,261
12140077,945,20,925
12140078,426,30,396
12140079,619,24,595
12140080,360,5,355
12150034,387,1,386
12150035,413,28,385
12150036,489,4,485
12150037,381,15,366
12150038,431,24,407
12150039,503,42,461
12150040,376,1,375
12150041,441,1,440
12150042,369,14,355
12150043,303,2,301
12150044,423,2,421
12150045,408,1,407
12150046,426,0,426
12150047,343,0,343
12150048,444,0,444
12150049,418,0,418
12150050,452,0,452
12150051,488,17,471
12150052,471,4,467
12150053,0,0,0
12150054,827,823,4
12150055,332,0,332
12150056,340,9,331
12150057,338,23,315
12150058,302,27,275
12150059,408,7,401
12150060,391,5,386
12150061,506,22,484
12150062,486,52,434
12150063,421,17,404
12150064,454,4,450
12150065,387,11,376
12150066,379,4,375
12150067,448,50,398
12150068,440,3,437
12150069,339,7,332
12150070,429,23,406
12150071,356,2,354
12150072,476,34,442
12150073,515,3,512
12160017,571,55,516
12160018,508,16,492
12160019,409,4,405
12160020,511,485,26
12160021,499,25,474
12160022,551,21,530
12160023,517,41,476
12160024,441,6,435
12160025,521,11,510
12160026,667,20,647
12160027,471,6,465
12160028,446,4,442
12160029,485,16,469
12160030,383,3,380
12160031,802,2,800
12160032,440,3,437
12160033,545,1,544
12170342,0,0,0
12170343,0,0,0
12170344,0,0,0
12170346,254,253,1
12170347,804,802,2
12170348,905,902,3
12170349,887,875,12
12170350,648,646,2
12170352,628,15,613
12170353,656,26,630
12170354,644,39,605
12170355,575,4,571
12170356,721,11,710
12170357,379,2,377
12170358,616,9,607
12170359,370,2,368
12170360,447,8,439
12170361,435,30,405
12170362,835,3,832
12170363,452,16,436
12170364,572,8,564
12170365,464,12,452
12170366,364,30,334
12170367,476,18,458
12170368,442,30,412
12170369,362,1,361
12170370,416,0,416
12170371,498,15,483
12170372,445,2,443
12170373,473,57,416
12170374,472,38,434
12170375,592,17,575
12170376,481,3,478
12170377,315,8,307
12170378,645,33,612
12170379,442,1,441
12170380,609,7,602
12170381,417,2,415
12170382,332,10,322
12170383,400,2,398
12170384,464,2,462
12170385,567,4,563
12170386,619,61,558
12170387,494,79,415
12170388,677,16,661
12170389,636,4,632
12170390,525,21,504
12170391,194,2,192
12170392,449,24,425
12170393,544,37,507
12170394,448,5,443
12170395,896,9,887
12170396,412,30,382
12170397,435,25,410
12170398,248,3,245
12170399,309,14,295
12170400,336,1,335
12170401,588,3,585
12170402,701,4,697
12170403,311,2,309
12170404,472,4,468
12170405,503,4,499
12170406,504,3,501
12170407,339,1,338
12170408,494,12,482
12170409,365,2,363
12170410,286,4,282
12170411,654,4,650
12170412,147,3,144
12170413,311,2,309
12170414,671,4,667
12170415,637,6,631
12170416,466,16,450
12170417,682,11,671
12170418,487,14,473
12170419,609,15,594
12170420,433,3,430
12170421,575,3,572
12170422,333,2,331
12170423,500,22,478
12170424,737,11,726
12170425,509,19,490
12170426,486,3,483
12170427,461,3,458
12170428,686,90,596
12170429,754,31,723
12170430,450,3,447
12170431,896,56,840
12170432,281,22,259
12170433,494,17,477
12170434,546,14,532
12170435,554,5,549
12170436,507,6,501
12170437,593,6,587
12170438,485,16,469
12170439,337,2,335
12170440,485,56,429
12170441,407,11,396
12170442,520,4,516
12170443,403,12,391
12170444,365,69,296
12170445,489,18,471
12170446,461,26,435
12170447,574,21,553
12170448,594,28,566
12170449,441,7,434
12170450,379,5,374
12170451,500,86,414
12170452,554,4,550
12170453,593,40,553
12170454,408,14,394
12170455,443,10,433
12170456,626,4,622
12170457,687,29,658
12170458,512,8,504
12170459,454,22,432
12170460,461,4,457
12170461,472,6,466
12170462,430,13,417
12170463,707,7,700
12170464,326,9,317
12170465,496,9,487
12170466,482,4,478
12170467,547,18,529
12170468,397,2,395
12170469,367,6,361
12170470,475,18,457
12170471,583,18,565
12170472,412,5,407
12170473,463,2,461
12170474,577,81,496
12170475,495,25,470
12170476,436,15,421
12170477,293,2,291
12170478,578,22,556
12170479,219,2,217
12170480,347,33,314
12170481,435,4,431
12170482,303,10,293
12170483,555,62,493
12170484,461,9,452
12170485,473,5,468
12170486,70,6,64
12170487,520,2,518
12170488,325,26,299
12170489,313,9,304
12170490,352,13,339
12170491,457,8,449
12170492,486,4,482
12170493,621,11,610
12170494,186,1,185
12170495,347,2,345
12170497,721,5,716
12170498,583,4,579
12170499,374,4,370
12170500,191,3,188
12170501,553,11,542
12170502,393,3,390
12170503,309,33,276
12170504,665,15,650
12170505,538,13,525
12170506,317,4,313
12170507,575,5,570
12170508,384,2,382
12170509,640,8,632
12170510,404,11,393
12170511,587,4,583
12170512,427,12,415
12170513,416,2,414
12170514,585,23,562
12170515,704,2,702
12170516,426,4,422
12170517,433,7,426
12170518,646,17,629
12170519,982,18,964
12170520,537,4,533
12170521,284,15,269
12170522,457,1,456
12170523,123,4,119
12170524,237,4,233
12170525,490,5,485
12170526,316,11,305
12170527,415,9,406
12170528,452,31,421
12170529,669,8,661
12170530,407,9,398
12170531,358,13,345
12170532,428,8,420
12170533,487,38,449
12170534,404,2,402
12170535,382,29,353
12170536,393,33,360
12170537,512,30,482
12170538,452,12,440
12170540,497,8,489
12170541,725,31,694
12170542,580,40,540
12170543,327,33,294
12170544,339,11,328
12170546,1045,981,64
12180020,395,0,395
12180021,430,31,399
12180022,438,11,427
12180023,369,0,369
12180024,400,4,396
12180025,439,5,434
12180026,726,53,673
12180027,574,9,565
12180028,510,1,509
12180029,479,1,478
12180030,291,23,268
12180031,568,38,530
12180032,507,1,506
12180033,556,548,8
12180034,0,0,0
12180035,339,22,317
13010010,415,5,410
13010011,508,40,468
13010012,358,5,353
13010013,1732,88,1644
13010014,519,1,518
13010015,330,20,310
13010016,654,11,643
13010017,398,5,393
13010018,627,3,624
13010019,616,3,613
13010020,532,3,529
13010021,510,6,504
13010022,366,16,350
13010023,604,20,584
13010024,316,0,316
13010025,484,18,466
13010026,562,5,557
13010027,421,9,412
13010028,840,9,831
13010029,451,1,450
13010030,84,0,84
13010031,495,2,493
13010032,277,6,271
13010033,507,2,505
13010034,389,29,360
13010035,414,17,397
13010036,470,8,462
13010037,371,64,307
13010038,18,12,6
13010039,491,1,490
13010040,276,15,261
13010041,310,5,305
13010042,256,7,249
13010043,326,4,322
13010044,415,7,408
13010045,744,3,741
13010046,466,2,464
13010047,448,64,384
13010048,329,23,306
13010050,420,20,400
13010051,449,4,445
13010052,493,10,483
13010053,496,5,491
13010054,465,12,453
13010055,522,3,519
13010056,507,5,502
13010057,513,3,510
13010059,429,8,421
13010060,721,32,689
13010063,343,12,331
13010064,1276,18,1258
13010065,315,5,310
13010066,413,3,410
13010067,475,5,470
13010068,269,4,265
13010069,390,1,389
13010070,396,16,380
13010071,316,6,310
13010072,350,33,317
13010073,302,3,299
13010074,375,12,363
13010075,320,23,297
13010076,464,18,446
13010077,489,7,482
13010078,364,26,338
13010079,336,8,328
13010080,559,2,557
13010081,717,4,713
13010082,413,7,406
13010083,485,5,480
13010084,423,25,398
13010085,543,2,541
13010087,715,77,638
13010088,492,0,492
13010089,739,61,678
13010090,504,20,484
13010091,1028,60,968
13010092,744,52,692
13010093,420,7,413
13010094,742,2,740
13010095,1018,22,996
13010096,408,1,407
13010097,530,16,514
13010098,703,10,693
13010099,775,8,767
13010103,255,7,248
13010104,326,4,322
13010105,575,11,564
13010106,391,37,354
13010107,424,12,412
13010108,279,5,274
13010109,458,10,448
13010110,557,12,545
13010111,634,18,616
13010112,440,1,439
13010113,422,7,415
13010114,322,1,321
13010115,474,4,470
13010116,592,57,535
13010117,420,6,414
13010118,582,13,569
13010119,320,16,304
13010120,604,10,594
13010121,390,12,378
13010122,374,2,372
13010123,449,27,422
13010124,260,5,255
13010125,333,5,328
13010126,505,6,499
13010127,623,3,620
13010128,237,11,226
13010129,530,0,530
13010130,807,4,803
13010133,1041,39,1002
13010134,1518,3,1515
13010135,790,12,778
13010136,509,1,508
13010137,599,4,595
13010138,551,6,545
13010139,722,8,714
13010140,801,29,772
13010141,868,14,854
13010143,345,1,344
13010144,594,1,593
13010146,105,9,96
13010147,480,8,472
13010148,487,39,448
13010149,497,18,479
13010150,247,15,232
13010151,441,127,314
13010152,465,46,419
13010153,499,2,497
13010154,705,12,693
13010155,527,6,521
13010156,273,1,272
13010157,624,0,624
13010158,850,25,825
13010159,712,67,645
13010160,469,1,468
13010161,708,59,649
13010162,616,83,533
13010163,620,2,618
13010164,601,16,585
13010165,620,1,619
13020051,65,4,61
13020052,501,37,464
13020053,396,8,388
13020054,540,3,537
13020055,512,10,502
13020056,857,16,841
13020057,550,13,537
13020058,432,3,429
13020059,513,40,473
13020060,421,53,368
13020061,570,31,539
13020062,279,15,264
13020063,369,0,369
13020064,442,0,442
13020065,431,1,430
13020066,392,37,355
13020067,304,5,299
13020068,524,22,502
13020069,332,0,332
13020070,378,61,317
13020071,380,32,348
13020072,548,28,520
13020073,0,0,0
13020074,537,2,535
13020075,357,5,352
13020076,378,19,359
13020077,408,5,403
13020078,676,8,668
13020079,573,10,563
13020080,430,8,422
13020081,514,1,513
13020082,581,16,565
13020083,339,0,339
13020084,524,55,469
13020085,424,5,419
13020086,362,19,343
13020087,508,44,464
13020088,479,46,433
13020089,479,2,477
13020090,385,2,383
13020091,451,2,449
13020092,567,10,557
13020093,484,9,475
13020094,453,2,451
13020095,483,2,481
13020096,387,13,374
13020097,420,1,419
13020098,509,28,481
13020099,328,1,327
13020100,683,15,668
13020101,776,15,761
13020102,144,5,139
13020103,463,0,463
13020104,204,9,195
13020105,279,1,278
13020106,610,7,603
13030044,630,5,625
13030045,529,4,525
13030046,456,30,426
13030047,348,17,331
13030048,501,15,486
13030049,857,177,680
13030050,412,58,354
13030051,793,7,786
13030052,292,25,267
13030053,547,5,542
13030054,414,33,381
13030055,1894,159,1735
13030056,598,19,579
13030057,452,42,410
13030058,729,13,716
13030059,1013,54,959
13030060,524,22,502
13030061,635,3,632
13030062,694,3,691
13030063,432,5,427
13030064,404,16,388
13030065,622,0,622
13030066,454,30,424
13030067,433,12,421
13030068,428,33,395
13030069,425,8,417
13030070,396,19,377
13030071,450,25,425
13030072,291,2,289
13030073,476,2,474
13030074,166,2,164
13030075,58,48,10
13030076,283,277,6
13030077,388,14,374
13030078,486,10,476
13030079,582,11,571
13030080,881,21,860
13030081,87,8,79
13030082,518,22,496
13030083,432,21,411
13030084,673,36,637
13030085,463,9,454
13030086,599,7,592
13030087,412,12,400
13030088,664,12,652
13030089,600,5,595
13030090,452,3,449
13030091,396,36,360
13030092,370,10,360
13030093,748,13,735
13030094,786,20,766
13040035,458,3,455
13040036,385,9,376
13040038,348,23,325
13040040,502,12,490
13040041,322,2,320
13040042,547,0,547
13040043,207,10,197
13040044,543,5,538
13040045,554,6,548
13040046,630,62,568
13040047,313,10,303
13040048,275,11,264
13040049,414,25,389
13040050,307,2,305
13040051,369,8,361
13040052,546,15,531
13040053,368,2,366
13040054,375,1,374
13040055,380,6,374
13040056,411,1,410
13040057,440,2,438
13040058,319,13,306
13040059,285,0,285
13040060,354,9,345
13040062,436,15,421
13050084,581,6,575
13050085,486,6,480
13050086,479,2,477
13050087,473,2,471
13050088,433,3,430
13050089,577,2,575
13050090,462,31,431
13050091,589,3,586
13050092,587,24,563
13050093,423,34,389
13050094,373,0,373
13050095,465,1,464
13050096,529,1,528
13050097,577,12,565
13050098,484,1,483
13050099,465,1,464
13050100,496,7,489
13050101,548,6,542
13050102,339,34,305
13050103,622,50,572
13050104,435,2,433
13050105,546,37,509
13050106,448,11,437
13050107,658,2,656
13050108,484,7,477
13050109,456,1,455
13050110,582,7,575
13050111,727,10,717
13050112,416,31,385
13050113,342,1,341
13050114,510,21,489
13050115,573,6,567
13050116,544,1,543
13050117,445,1,444
13050118,613,39,574
13050119,701,24,677
13050120,665,8,657
13050121,347,15,332
13050122,611,51,560
13050123,506,32,474
13050124,638,7,631
13050125,433,4,429
13050126,448,1,447
13050127,546,1,545
13050128,470,1,469
13050129,648,24,624
13050130,584,2,582
13050132,566,17,549
13050133,544,1,543
13050134,585,20,565
13050135,395,3,392
13050136,371,20,351
13050137,399,1,398
13050138,362,15,347
13050139,472,4,468
13050140,389,10,379
13050141,478,3,475
13050142,211,7,204
13050143,498,61,437
13050144,325,2,323
13050145,354,11,343
13050146,305,8,297
13050147,330,50,280
13050148,368,4,364
13050149,1265,14,1251
13050150,433,16,417
13050151,506,7,499
13050152,429,14,415
13050153,261,0,261
13050155,414,8,406
13050156,416,1,415
13050157,1060,1,1059
13050158,447,2,445
13050159,2001,45,1956
13050160,446,0,446
13050163,554,54,500
13050164,506,5,501
13050166,403,0,403
13050167,421,11,410
13050168,389,1,388
13050169,446,19,427
13050170,481,4,477
13050173,236,3,233
13050174,588,36,552
13050175,583,1,582
13050176,317,3,314
13050177,881,94,787
13050178,515,5,510
13050179,373,1,372
13050180,404,4,400
13050181,1137,16,1121
13050182,347,36,311
13050183,662,29,633
13050184,481,4,477
13050185,602,20,582
13050186,408,16,392
13050187,420,1,419
13050188,339,1,338
13050189,623,2,621
13050190,465,11,454
13050191,574,1,573
13050192,580,12,568
13050193,491,22,469
13050194,435,0,435
13050195,574,9,565
13050196,559,12,547
13050197,557,6,551
13050198,514,11,503
13050199,489,6,483
13050200,351,4,347
13050201,532,19,513
13050202,415,5,410
13050203,796,9,787
13050204,652,2,650
13050205,515,28,487
13050206,461,1,460
13050207,538,2,536
13050208,322,6,316
13050209,246,2,244
13050210,466,2,464
13050211,373,3,370
13050212,493,4,489
13050213,558,1,557
13050214,545,39,506
13050215,968,14,954
13050217,686,0,686
13050218,1673,112,1561
13050221,535,6,529
13050223,452,31,421
13050224,448,3,445
13050226,602,3,599
13060001,482,4,478
13060002,358,1,357
13060003,558,19,539
13060004,1997,193,1804
13060005,326,12,314
13060006,471,7,464
13060007,1950,3,1947
13060008,540,2,538
13060009,767,12,755
13060010,463,6,457
13060011,442,44,398
13060012,434,1,433
13060013,424,16,408
13060014,696,27,669
13060017,485,4,481
13060018,436,2,434
13060019,596,4,592
13060020,591,1,590
13060021,381,0,381
13060022,230,6,224
13060023,420,0,420
13060024,373,69,304
13060025,565,0,565
13060026,339,2,337
13060027,1058,1,1057
13060028,1107,29,1078
13060029,1222,1,1221
13060030,556,28,528
13060031,452,10,442
13060032,421,23,398
13060052,537,15,522
13060053,573,33,540
13060054,502,0,502
13060055,686,6,680
13060056,406,5,401
13060057,414,19,395
13060058,502,38,464
13060059,336,0,336
13060060,472,5,467
13060061,257,1,256
13060062,386,2,384
13060063,301,3,298
13060064,321,12,309
13060065,204,1,203
13060066,5,1,4
13060067,425,1,424
13060068,451,2,449
13060069,453,0,453
13060070,489,0,489
13060071,508,4,504
13060072,851,9,842
13060073,439,0,439
13060074,428,6,422
13070033,650,63,587
13070034,2019,30,1989
13070035,1845,7,1838
13070036,880,2,878
13070037,460,11,449
13070038,179,6,173
13070039,2260,33,2227
13070040,414,10,404
13070041,417,3,414
13070042,484,3,481
13070043,430,2,428
13070044,614,11,603
13070045,940,37,903
13070046,488,24,464
13070047,528,15,513
13070048,465,4,461
13070049,623,33,590
13070050,425,20,405
13070051,794,13,781
13070052,463,10,453
13070053,443,7,436
13070054,499,15,484
13070055,590,13,577
13070056,429,14,415
13070057,644,21,623
13070058,346,11,335
13070059,1339,7,1332
13070060,362,6,356
13070061,324,19,305
13070062,395,31,364
13070063,649,21,628
13070064,523,8,515
13070065,634,55,579
13070066,1310,18,1292
13070067,541,16,525
13070068,482,20,462
13070069,380,4,376
13070070,423,17,406
13070071,389,9,380
13070072,554,24,530
13070073,499,0,499
13070074,455,10,445
13070075,483,14,469
13070076,714,55,659
13070077,492,8,484
13070078,481,11,470
13070079,474,11,463
13070080,565,4,561
13070081,485,8,477
13070082,370,25,345
13070083,368,5,363
13070084,372,0,372
13070085,361,6,355
13070088,403,3,400
13070089,428,5,423
13070090,419,13,406
13070092,452,10,442
13070093,397,9,388
13070094,526,7,519
13070095,571,10,561
13070096,889,14,875
13070097,474,24,450
13070098,408,9,399
13070099,776,9,767
13070100,1117,29,1088
13070101,377,0,377
13070102,517,2,515
13070105,387,1,386
13070106,480,20,460
13070107,373,1,372
13070109,331,21,310
13070110,656,6,650
13070111,883,7,876
13070113,2238,81,2157
13070114,506,2,504
13070115,575,12,563
13070116,670,20,650
13070117,559,4,555
13070118,506,54,452
13070119,309,4,305
13070120,417,30,387
13070121,543,43,500
13070122,420,8,412
13070123,273,2,271
13070124,471,8,463
13070125,415,17,398
13070126,462,23,439
13070127,389,13,376
13070128,799,7,792
13070129,437,14,423
13070130,324,16,308
13070131,399,6,393
13070132,726,74,652
13070133,404,53,351
13070134,435,10,425
13070135,352,0,352
13070136,342,1,341
13070137,478,1,477
13070138,399,2,397
13070139,441,15,426
13070140,517,20,497
13070141,497,1,496
13070142,427,1,426
13070143,553,2,551
13070146,1100,18,1082
13070147,245,2,243
13070175,1509,3,1506
13070176,1156,9,1147
13070177,344,10,334
13070180,902,34,868
13070181,2980,54,2926
13070182,4029,32,3997
13070183,376,3,373
13070184,1006,47,959
13070186,2031,46,1985
13070187,751,27,724
13070188,1140,20,1120
13070225,749,3,746
13070226,1056,40,1016
13070227,1302,16,1286
13070228,317,1,316
13070229,739,8,731
13070230,463,1,462
13070231,740,1,739
13070232,524,1,523
13070233,631,49,582
13070234,771,28,743
13070235,1324,23,1301
13070236,573,21,552
13070238,421,11,410
13070239,1004,15,989
13070240,485,9,476
13070241,836,1,835
13070242,700,5,695
13070246,616,5,611
13070248,609,1,608
13070249,863,7,856
13070250,748,19,729
13070251,468,3,465
13070252,969,34,935
13070253,665,4,661
13070254,649,3,646
13070255,579,9,570
13070256,1749,123,1626
13070257,707,11,696
13070258,468,17,451
13070259,647,24,623
13070260,514,6,508
13070261,1126,34,1092
13070262,582,20,562
13070263,596,1,595
13070264,610,1,609
13070265,571,6,565
13070266,613,13,600
13070267,608,1,607
13070268,492,13,479
13070269,462,22,440
13070270,449,1,448
13070271,593,7,586
13070272,594,1,593
13070273,491,7,484
13070274,556,1,555
13070275,523,19,504
13070276,556,2,554
13070277,1127,11,1116
13070278,947,27,920
13070279,414,8,406
13070280,614,17,597
13070281,517,4,513
13070282,499,36,463
13070283,762,12,750
13070284,139,1,138
13070285,489,3,486
13070286,521,2,519
13070287,724,56,668
13070288,467,4,463
13070289,399,15,384
13070290,289,10,279
13070291,41,37,4
13070292,64,2,62
13070293,393,39,354
13070294,564,33,531
13070295,660,88,572
13070296,942,59,883
13070297,583,9,574
13070298,373,10,363
13070299,499,0,499
13070300,737,13,724
13070301,516,9,507
13070302,494,6,488
13070303,624,24,600
13070304,494,85,409
13070305,485,19,466
13070306,450,30,420
13070307,381,92,289
13070308,645,4,641
13070309,435,2,433
13070310,586,12,574
13070311,376,19,357
13070312,571,21,550
13070313,543,11,532
13070314,650,22,628
13070315,615,19,596
13070316,414,5,409
13070317,520,8,512
13070318,585,1,584
13070319,832,7,825
13070321,484,11,473
13070322,2297,418,1879
13070323,1097,92,1005
13070324,786,4,782
13070325,3127,232,2895
13070326,1127,6,1121
13070327,604,37,567
13070328,573,1,572
13070329,1083,102,981
13070330,193,14,179
13070331,846,9,837
13070332,791,4,787
13070333,420,4,416
13070334,948,37,911
13070335,517,5,512
13070336,374,3,371
13070338,738,8,730
13070339,853,34,819
13070340,613,8,605
13070342,2183,28,2155
13070343,0,0,0
13070344,770,2,768
13080067,314,3,311
13080068,374,13,361
13080069,469,82,387
13080070,397,12,385
13080071,445,25,420
13080072,409,16,393
13080073,600,10,590
13080074,436,3,433
13080075,478,11,467
13080076,388,32,356
13080077,365,29,336
13080078,457,45,412
13080079,329,19,310
13080080,535,48,487
13080081,801,780,21
13080082,701,683,18
13080083,475,461,14
13080084,499,7,492
13080085,0,0,0
13080086,409,63,346
13080087,431,49,382
13080088,399,49,350
13080089,432,14,418
13080090,524,11,513
13080091,301,1,300
13080092,385,1,384
13080093,14,3,11
13080094,329,9,320
13080095,423,53,370
13080096,416,15,401
13080097,435,15,420
13080098,490,0,490
13080099,587,2,585
13080100,441,1,440
13080101,99,84,15
13080102,485,10,475
13080103,490,19,471
13080104,350,1,349
13080105,331,1,330
13080106,583,14,569
13080108,471,51,420
13080109,390,4,386
13080110,454,1,453
13080111,458,6,452
13080112,393,5,388
13080113,479,9,470
13080114,147,145,2
13080116,609,3,606
13080119,412,2,410
13080121,720,6,714
13080122,558,15,543
13080123,473,2,471
13080124,404,7,397
13080129,551,15,536
13080130,391,9,382
13080131,706,2,704
13080132,438,20,418
13080133,404,11,393
13080137,807,8,799
13080139,198,6,192
13080146,720,28,692
13080147,522,13,509
13080148,460,8,452
13080149,406,7,399
13080150,656,1,655
13080151,777,34,743
13090106,0,0,0
13090107,5,1,4
13090108,0,0,0
13090109,5,5,0
13090110,508,13,495
13090111,456,17,439
13090112,376,9,367
13090113,449,11,438
13090114,738,682,56
13090115,505,498,7
13090117,551,63,488
13090118,656,33,623
13090121,472,3,469
13090122,571,13,558
13090123,320,31,289
13090124,319,19,300
13090125,487,7,480
13090126,917,46,871
13090127,489,6,483
13090128,509,16,493
13090129,738,47,691
13090130,433,3,430
13090131,420,9,411
13090132,383,15,368
13090133,385,3,382
13090134,302,3,299
13090135,605,5,600
13090136,631,1,630
13090137,462,3,459
13090138,406,11,395
13090139,443,9,434
13090140,708,23,685
13090141,619,7,612
13090142,492,3,489
13090143,460,2,458
13090144,449,19,430
13090145,406,31,375
13090146,864,4,860
13090147,385,2,383
13090148,366,6,360
13090149,450,3,447
13090150,266,5,261
13090151,416,1,415
13090152,329,12,317
13090153,400,27,373
13090154,520,2,518
13090155,475,19,456
13090156,463,7,456
13090157,460,11,449
13090158,414,3,411
13090159,563,19,544
13090160,409,2,407
13090161,442,20,422
13090162,557,9,548
13090163,412,11,401
13090164,394,0,394
13090165,394,1,393
13090166,459,2,457
13090167,497,5,492
13090168,464,1,463
13090169,403,1,402
13090170,30,28,2
13090174,0,0,0
13090175,0,0,0
13090176,0,0,0
13090177,0,0,0
13090178,0,0,0
13090179,0,0,0
13090180,0,0,0
13090181,0,0,0
13090182,0,0,0
13090183,0,0,0
13090184,0,0,0
13090185,0,0,0
13090186,0,0,0
13090187,0,0,0
13090188,0,0,0
13090189,285,278,7
13090190,420,2,418
13090191,688,13,675
13090192,359,24,335
13090193,440,2,438
13090194,51,38,13
13090195,377,7,370
13090196,631,49,582
13090197,567,522,45
13090198,356,1,355
13090199,587,5,582
13090200,605,10,595
13090201,454,30,424
13090202,348,1,347
13090203,328,27,301
13090204,427,14,413
13090205,664,3,661
13090206,436,3,433
13090207,285,3,282
13090208,418,13,405
13090209,494,17,477
13090210,405,2,403
13090211,667,5,662
13090212,525,11,514
13090213,658,34,624
13090214,428,52,376
13090215,427,4,423
13090216,361,20,341
13090217,339,54,285
13090218,412,10,402
13090219,396,3,393
13090220,474,6,468
13090221,453,17,436
13090222,549,57,492
13090322,279,8,271
13090324,482,8,474
13090326,495,20,475
13090327,538,9,529
13090334,372,10,362
13090336,314,2,312
13100162,392,1,391
13100163,392,16,376
13100164,599,30,569
13100165,642,77,565
13100166,1108,40,1068
13100167,725,22,703
13100168,781,44,737
13100169,814,39,775
13100170,1831,6,1825
13100171,630,9,621
13100172,509,31,478
13100173,428,11,417
13100174,488,4,484
13100175,486,20,466
13100176,488,4,484
13100177,0,0,0
13100178,524,13,511
13100179,0,0,0
13100180,1130,31,1099
13100181,701,21,680
13100182,702,605,97
13100183,595,27,568
13100184,510,6,504
13100185,388,7,381
13100186,572,15,557
13100187,477,6,471
13100188,457,10,447
13100189,494,6,488
13100190,435,10,425
13100191,774,38,736
13100192,677,6,671
13100193,499,8,491
13100194,399,34,365
13100195,972,90,882
13100196,439,24,415
13100197,537,7,530
13100198,484,15,469
13100199,402,13,389
13100200,450,20,430
13100201,386,5,381
13100202,548,7,541
13100203,624,15,609
13100204,895,42,853
13100205,506,17,489
13100206,571,12,559
13100207,585,9,576
13100208,598,9,589
13100209,537,8,529
13100210,503,13,490
13100211,532,9,523
13100212,654,18,636
13100213,745,9,736
13100214,483,1,482
13100215,420,2,418
13100216,520,46,474
13100217,540,9,531
13100218,583,3,580
13100219,1322,27,1295
13100220,591,9,582
13100221,849,11,838
13100222,578,7,571
13100223,891,49,842
13100224,457,1,456
13100225,820,7,813
13100226,452,2,450
13100227,1240,67,1173
13100228,620,10,610
13100229,549,7,542
13100230,663,6,657
13100231,1028,5,1023
13100232,492,1,491
13100233,531,12,519
13100234,824,29,795
13100235,1090,104,986
13100236,575,2,573
13100237,694,27,667
13100238,500,31,469
13100239,366,2,364
13100240,1333,9,1324
13100241,445,18,427
13100242,530,41,489
13100243,518,18,500
13100244,638,10,628
13100245,510,27,483
13100246,705,0,705
13100247,1718,4,1714
13100248,787,75,712
13100249,758,0,758
13100250,455,0,455
13100251,620,1,619
13100252,547,0,547
13100253,698,1,697
13100254,1451,49,1402
13100256,332,4,328
13100257,940,5,935
13100258,1356,63,1293
13100259,434,3,431
13100260,585,8,577
13100262,699,17,682
13100263,801,10,791
13100264,495,38,457
13100265,1123,13,1110
13100266,550,8,542
13100267,471,8,463
13100268,619,7,612
13100269,618,17,601
13100270,964,4,960
13100271,771,21,750
13100272,653,2,651
13100273,361,2,359
13100274,616,0,616
13100275,424,1,423
13100276,557,39,518
13100277,81,69,12
13100278,404,3,401
13100279,333,15,318
13100280,401,14,387
13100281,529,28,501
13100282,345,2,343
13100283,237,3,234
13100284,175,1,174
13100285,493,0,493
13100286,514,0,514
13100287,527,12,515
13100288,426,3,423
13100289,516,58,458
13100290,277,1,276
13100291,504,0,504
13100292,724,29,695
13100293,738,1,737
13100294,702,6,696
13100295,774,75,699
13100296,1021,2,1019
13100297,551,27,524
13100298,1299,19,1280
13100299,556,3,553
13100300,560,14,546
13100301,3595,277,3318
13100302,414,373,41
13100303,1064,119,945
13100304,468,8,460
13100305,446,12,434
13100306,1273,51,1222
13100307,432,38,394
13100308,747,10,737
13100309,545,6,539
13100310,525,506,19
13100312,696,11,685
13100313,771,7,764
13100315,554,8,546
13100316,720,42,678
13100317,363,3,360
13100318,412,0,412
13100319,490,4,486
13100320,505,4,501
13100321,0,0,0
13100326,448,7,441
13100328,8,1,7
13100338,698,15,683
13100339,931,24,907
13100340,777,9,768
13100341,700,22,678
13110047,404,28,376
13110048,289,0,289
13110049,457,10,447
13110050,598,1,597
13110051,395,1,394
13110052,731,12,719
13110053,498,11,487
13110054,360,24,336
13110055,462,26,436
13110056,512,0,512
13110057,777,2,775
13110058,469,13,456
13110059,494,24,470
13110060,521,9,512
13110062,576,9,567
13110063,530,4,526
13110064,537,18,519
13110065,475,8,467
13110066,526,20,506
13110067,471,31,440
13110068,488,19,469
13110069,499,5,494
13110071,321,5,316
13110072,321,266,55
13110074,401,0,401
13110075,395,0,395
13110076,568,36,532
13110077,474,1,473
13110078,433,4,429
13110079,792,1,791
13110080,392,15,377
13110081,583,90,493
13110082,459,1,458
13110083,596,2,594
13110084,571,5,566
13110085,841,1,840
13110086,765,84,681
13110087,575,7,568
13110088,430,1,429
13110089,677,51,626
13110090,421,6,415
13110091,474,20,454
13110092,364,3,361
13110093,446,5,441
13110094,452,1,451
13110095,564,24,540
13110096,738,9,729
13110099,905,40,865
13110100,570,27,543
13120037,440,29,411
13120038,346,8,338
13120039,549,7,542
13120040,338,1,337
13120041,397,16,381
13120042,473,4,469
13120043,609,32,577
13120044,352,3,349
13120045,393,3,390
13120046,368,14,354
13120047,532,15,517
13120048,441,4,437
13120049,334,6,328
13120050,523,12,511
13120051,441,4,437
13120052,431,4,427
13120053,370,11,359
13120054,372,11,361
13120055,507,9,498
13120056,568,9,559
13120057,534,1,533
13120058,437,8,429
13120059,333,2,331
13120060,333,17,316
13120061,300,4,296
13120062,414,21,393
13120063,472,5,467
13120064,509,23,486
13120065,334,4,330
13120066,446,89,357
13120067,434,12,422
13120068,434,20,414
13120069,6,2,4
13120070,14,13,1
13120071,0,0,0
13120072,0,0,0
13120073,456,423,33
13120074,486,470,16
13120075,430,2,428
13120076,298,6,292
13120077,523,2,521
13120078,258,3,255
13120079,435,3,432
13120080,249,41,208
13120081,301,1,300
13120082,339,9,330
13120083,455,16,439
13130065,0,0,0
13130066,10,0,10
13130067,479,1,478
13130068,396,12,384
13130069,468,2,466
13130070,658,11,647
13130071,585,8,577
13130072,534,1,533
13130073,350,5,345
13130074,386,4,382
13130075,537,4,533
13130076,582,32,550
13130077,809,41,768
13130078,362,6,356
13130079,434,12,422
13130080,424,9,415
13130081,435,5,430
13130082,415,5,410
13130083,486,2,484
13130084,375,4,371
13130085,312,8,304
13130086,429,4,425
13130087,426,12,414
13130088,389,2,387
13130089,324,2,322
13130090,707,3,704
13130091,279,1,278
13130092,521,4,517
13130093,480,12,468
13130094,237,10,227
13130095,486,20,466
13130096,278,6,272
13130097,554,1,553
13130099,152,1,151
13130100,250,10,240
13130101,372,5,367
13130102,386,1,385
13130103,233,14,219
13130104,452,6,446
13130105,378,3,375
13130106,219,168,51
13130107,367,5,362
13130108,475,4,471
13130109,993,28,965
13130110,338,4,334
13130111,521,11,510
13130112,519,9,510
13130113,358,5,353
13130114,405,2,403
13130115,542,3,539
13130116,241,2,239
13130117,306,11,295
13130118,343,1,342
13130119,622,9,613
13130120,396,3,393
13130121,297,1,296
13130122,375,3,372
13130123,455,1,454
13130124,453,2,451
13130125,442,1,441
13130126,509,1,508
13130127,270,4,266
13130128,416,5,411
13130129,471,5,466
13130130,343,3,340
13130131,412,2,410
13130132,533,1,532
13130133,274,9,265
13130134,350,4,346
13130138,338,6,332
13130139,584,2,582
13130140,3,3,0
13130141,513,8,505
13130142,2,1,1
13130144,364,7,357
13130145,420,8,412
13130146,455,3,452
13140086,358,24,334
13140087,348,13,335
13140088,320,25,295
13140089,355,21,334
13140090,274,9,265
13140091,517,41,476
13140092,313,5,308
13140093,390,9,381
13140094,90,84,6
13140095,0,0,0
13140097,323,314,9
13140099,307,1,306
13140100,385,0,385
13140101,434,1,433
13140102,457,3,454
13140103,468,15,453
13140104,674,10,664
13140108,362,12,350
13140109,452,43,409
13140110,365,29,336
13140111,393,16,377
13140112,434,33,401
13140113,460,20,440
13140114,417,23,394
13140115,314,37,277
13140116,464,22,442
13140117,405,26,379
13140118,428,12,416
13140119,406,11,395
13140120,394,12,382
13140121,420,9,411
13140122,556,11,545
13140123,342,6,336
13140124,397,1,396
13140125,376,0,376
13140126,565,1,564
13140127,361,6,355
13140128,300,18,282
13140131,613,2,611
13140135,231,4,227
13140136,345,8,337
13140137,246,8,238
13140138,468,16,452
13140139,489,11,478
13140140,333,30,303
13140141,245,1,244
13140142,310,3,307
13140143,393,33,360
13140144,416,16,400
13140145,482,138,344
13140146,315,62,253
13140147,322,11,311
13140148,432,1,431
13140149,343,0,343
13140150,631,6,625
13140151,523,1,522
13140152,325,23,302
13140153,455,1,454
13140154,557,1,556
13140155,323,0,323
13140156,323,0,323
13140157,412,8,404
13140158,622,36,586
13140159,567,30,537
13140162,15,13,2
13140166,247,2,245
13140167,408,0,408
13140174,311,4,307
13140176,473,4,469
13140177,279,5,274
13140181,379,25,354
13140184,43,0,43
13140189,745,12,733
13140190,295,13,282
13140191,647,36,611
13140192,341,4,337
13150103,385,17,368
13150158,527,106,421
13150159,652,26,626
13150160,415,6,409
13150161,373,11,362
13150162,378,4,374
13150163,320,21,299
13150164,539,7,532
13150165,442,7,435
13150166,418,9,409
13150167,356,24,332
13150168,429,19,410
13150169,389,18,371
13150170,410,30,380
13150171,365,18,347
13150172,497,15,482
13150173,522,2,520
13150174,375,7,368
13150175,340,6,334
13150176,427,3,424
13150177,392,2,390
13150178,298,20,278
13150179,348,5,343
13150180,370,0,370
13150181,402,1,401
13150182,439,0,439
13150183,477,11,466
13150185,374,26,348
13150186,581,17,564
13150187,470,5,465
13150188,379,0,379
13150189,678,7,671
13150190,470,14,456
13150191,472,0,472
13150192,430,32,398
13150194,310,7,303
13150195,688,25,663
13150196,384,16,368
13150197,436,11,425
13150198,452,2,450
13150199,350,0,350
13150200,428,27,401
13150201,342,10,332
13150202,468,17,451
13150203,323,0,323
13150204,352,6,346
13150205,537,1,536
13150206,384,0,384
13150207,568,12,556
13150209,0,0,0
13150210,487,2,485
13150211,335,0,335
13150212,298,3,295
13150213,348,1,347
13150215,574,4,570
13150216,473,14,459
13150217,471,0,471
13150218,322,6,316
13150219,454,16,438
13150220,543,42,501
13150221,466,15,451
13150222,483,52,431
13150223,130,105,25
13150224,423,29,394
13150225,404,3,401
13150226,473,4,469
13150227,387,5,382
13150228,282,32,250
13150229,305,4,301
13150230,298,3,295
13150231,364,38,326
13150232,422,7,415
13150233,377,4,373
13150234,339,5,334
13150235,667,4,663
13150236,423,12,411
13150237,378,14,364
13150238,461,15,446
13150239,451,63,388
13150240,361,8,353
13150241,333,3,330
13150242,342,10,332
13150243,214,3,211
13150244,507,3,504
13150245,504,1,503
13150246,440,3,437
13150247,489,7,482
13150248,538,1,537
13150249,426,1,425
13150250,520,3,517
13150251,465,30,435
13150252,457,27,430
13150253,513,3,510
13150254,391,4,387
13150255,611,2,609
13150256,435,15,420
13150257,388,2,386
13150258,402,57,345
13150259,520,1,519
13150260,498,4,494
13150261,657,29,628
13150262,201,0,201
13150263,369,0,369
13150264,399,8,391
13150265,414,60,354
13150266,460,7,453
13150267,435,12,423
13150268,481,3,478
13150269,305,4,301
13150270,475,11,464
13150271,362,7,355
13150272,517,5,512
13150273,400,10,390
13150274,422,30,392
13150275,234,8,226
13150276,457,6,451
13150277,265,3,262
13150278,339,4,335
13150279,451,37,414
13150280,379,1,378
13150281,349,2,347
13150282,417,1,416
13150283,347,7,340
13150287,353,12,341
13150291,444,4,440
13150292,520,2,518
13150293,499,14,485
13150294,560,10,550
13150295,482,8,474
13150296,462,8,454
13150297,375,5,370
13150298,549,4,545
13150299,452,5,447
13150300,761,12,749
13150301,769,12,757
13150302,475,3,472
13150303,436,2,434
13150304,533,10,523
13150305,1110,13,1097
13150306,422,2,420
13150307,449,7,442
13150308,361,14,347
13150309,504,3,501
13150310,608,8,600
13150311,439,2,437
13150312,490,10,480
13150313,178,6,172
13150314,1478,103,1375
13150315,382,1,381
13150316,515,19,496
13150317,320,8,312
13150318,233,16,217
13150319,388,5,383
13150320,290,19,271
13150321,441,6,435
13150322,766,20,746
13150323,485,10,475
13150324,551,6,545
13150325,533,5,528
13150326,481,1,480
13150329,421,16,405
13150331,436,1,435
13150334,386,16,370
13150342,573,17,556
13150343,401,12,389
13150344,502,22,480
13150345,667,9,658
13150346,636,1,635
13150347,393,5,388
13150348,511,8,503
13150349,732,8,724
24010018,456,16,440
24010019,484,20,464
24010020,488,5,483
24010021,522,8,514
24010022,524,0,524
24010023,529,0,529
24010024,440,1,439
24010025,422,0,422
24010026,460,6,454
24010027,625,0,625
24010028,680,3,677
24010029,564,0,564
24010030,565,6,559
24010031,603,3,600
24010032,503,7,496
24010033,542,87,455
24010034,641,108,533
24010035,653,13,640
24010036,593,3,590
24010037,1149,0,1149
24010038,649,2,647
24020035,454,25,429
24020036,423,15,408
24020037,484,22,462
24020038,387,20,367
24020039,415,2,413
24020040,472,10,462
24020041,402,0,402
24020042,602,12,590
24020043,497,22,475
24020044,524,48,476
24020045,510,26,484
24020046,425,9,416
24020047,429,15,414
24020048,535,9,526
24020049,500,19,481
24020050,568,10,558
24020051,369,5,364
24020052,689,42,647
24020053,437,14,423
24020054,434,2,432
24020055,569,12,557
24020056,407,28,379
24020057,500,15,485
24020058,796,21,775
24020059,480,13,467
24020060,634,2,632
24020061,1008,34,974
24020062,461,2,459
24020063,434,41,393
24020064,415,11,404
24020065,520,20,500
24020066,421,70,351
24020067,387,14,373
24020068,0,0,0
24020069,420,2,418
24030034,261,1,260
24030035,407,3,404
24030036,169,6,163
24030037,515,9,506
24030038,508,1,507
24030039,0,0,0
24030040,346,6,340
24030041,294,1,293
24030042,0,0,0
24030043,328,3,325
24030044,989,17,972
24030045,915,112,803
24030046,346,3,343
24030047,477,3,474
24030048,475,12,463
24030049,1350,42,1308
24030050,430,1,429
24030051,895,62,833
24030052,631,37,594
24030053,582,39,543
24030054,483,61,422
24030055,701,38,663
24030056,502,30,472
24030057,562,5,557
24030058,339,3,336
24030059,471,4,467
24030060,448,15,433
24030061,581,3,578
24030062,916,54,862
24030063,690,14,676
24030064,779,19,760
24030065,478,2,476
24040028,291,1,290
24040029,385,2,383
24040030,342,1,341
24040031,371,6,365
24040032,151,2,149
24040033,127,1,126
24040034,273,1,272
24040035,243,4,239
24040036,175,7,168
24040037,629,11,618
24040038,459,12,447
24040039,349,9,340
24040040,465,2,463
24040041,555,3,552
24040042,590,16,574
24040043,402,3,399
24040044,466,19,447
24040045,468,6,462
24040046,374,3,371
24040047,470,18,452
24040048,374,0,374
24040049,432,0,432
24040050,264,20,244
24040051,413,6,407
24040052,326,4,322
24040053,412,7,405
24040054,423,4,419
24040055,389,3,386
24040056,381,32,349
24040057,0,0,0
24050035,37,21,16
24050036,701,12,689
24050037,446,26,420
24050038,615,7,608
24050039,486,2,484
24050040,662,0,662
24050041,483,10,473
24050042,620,15,605
24050043,368,13,355
24050044,342,23,319
24050045,493,9,484
24050046,432,64,368
24050047,506,42,464
24050048,432,2,430
24050049,391,2,389
24050050,438,11,427
24050051,475,15,460
24050052,427,21,406
24050053,444,11,433
24050054,563,30,533
24050055,337,5,332
24050056,373,5,368
24050057,280,7,273
24050058,564,2,562
24050059,519,2,517
24050060,462,1,461
24050061,464,0,464
24050062,522,56,466
24050063,444,26,418
24050064,540,4,536
24050065,439,9,430
24050066,630,19,611
24050067,542,4,538
24050068,546,39,507
24050069,417,2,415
24050070,734,139,595
24060034,705,680,25
24060035,494,2,492
24060036,478,25,453
24060037,395,3,392
24060038,557,21,536
24060039,615,136,479
24060040,533,9,524
24060041,692,6,686
24060042,422,14,408
24060043,802,29,773
24060044,351,4,347
24060045,445,7,438
24060046,481,7,474
24060047,561,6,555
24060048,477,19,458
24060049,349,8,341
24060050,380,13,367
24060051,498,15,483
24060052,571,10,561
24060053,462,17,445
24060054,273,253,20
24060055,619,547,72
24060056,515,5,510
24060057,434,1,433
24060058,0,0,0
24060061,178,4,174
24060062,652,28,624
24060063,168,2,166
24060064,482,2,480
24060065,297,1,296
24060066,355,9,346
24060067,167,2,165
24060068,0,0,0
24060069,22,20,2
24060071,383,381,2
24070049,5,0,5
24070050,61,8,53
24070051,159,2,157
24070052,438,0,438
24070053,386,3,383
24070054,366,0,366
24070055,344,5,339
24070056,625,4,621
24070057,409,2,407
24070058,516,2,514
24070059,342,4,338
24070060,555,14,541
24070061,645,1,644
24070062,442,2,440
24070063,577,0,577
24070064,378,3,375
24070065,419,12,407
24070066,440,0,440
24070067,440,2,438
24070068,452,1,451
24070069,569,4,565
24070070,449,7,442
24070071,609,1,608
24070072,476,46,430
24070073,407,14,393
24070074,224,31,193
24070075,295,1,294
24070076,568,2,566
24070077,225,1,224
24070078,399,4,395
24070079,335,1,334
24070080,547,4,543
24070081,387,2,385
24070082,422,28,394
24070083,0,0,0
24070084,322,3,319
24070085,411,4,407
24070086,504,15,489
24070087,352,21,331
24070088,5,1,4
24070089,0,0,0
24070090,220,15,205
24070091,373,4,369
24070092,20,11,9
24070093,429,2,427
24070094,294,1,293
24070095,333,4,329
24080043,464,5,459
24080044,500,8,492
24080045,294,2,292
24080046,75,0,75
24080047,503,20,483
24080048,510,15,495
24080049,717,58,659
24080050,450,1,449
24080051,480,1,479
24080052,478,1,477
24080053,476,1,475
24080054,431,5,426
24080055,464,1,463
24080056,508,3,505
24080057,395,11,384
24080058,387,4,383
24080059,317,16,301
24080060,466,6,460
24080061,735,4,731
24080062,478,47,431
24080063,322,5,317
24080064,501,8,493
24080065,408,26,382
24080066,424,2,422
24080067,396,3,393
24080068,474,4,470
24080069,401,4,397
24080070,505,3,502
24080071,484,4,480
24080072,485,8,477
24080073,382,4,378
24080074,425,6,419
24080075,495,5,490
24080076,407,4,403
24080077,425,5,420
24080078,499,3,496
24080079,540,7,533
24080080,51,39,12
24080081,412,3,409
24080082,236,4,232
24080083,396,4,392
24080084,522,1,521
24080085,523,2,521
24080086,592,5,587
24080087,521,5,516
24080088,442,2,440
24090035,576,41,535
24090036,247,3,244
24090037,511,55,456
24090038,477,4,473
24090039,397,3,394
24090040,349,0,349
24090041,535,1,534
24090042,162,2,160
24090043,353,10,343
24090044,4,0,4
24090045,502,3,499
24090046,449,11,438
24090047,785,13,772
24090048,476,7,469
24090049,461,44,417
24090050,474,4,470
24090051,440,2,438
24090052,391,1,390
24090053,455,3,452
24090054,411,3,408
24090055,387,6,381
24090056,483,6,477
24090057,509,7,502
24090058,230,2,228
24090059,518,20,498
24090060,441,6,435
24090061,432,1,431
24090062,477,3,474
24090063,558,0,558
24090064,618,10,608
24090065,500,2,498
24090066,242,4,238
24090067,435,4,431
24090068,284,3,281
24090069,487,23,464
24090070,473,10,463
24090071,0,0,0
24090072,3,1,2
24090073,447,16,431
24090074,410,8,402
24090075,439,10,429
24090076,553,16,537
24090077,480,7,473
24100074,672,3,669
24100075,606,20,586
24100076,664,6,658
24100077,652,2,650
24100078,604,4,600
24100079,1074,4,1070
24100080,563,3,560
24100081,595,6,589
24100082,682,7,675
24100083,3655,62,3593
24100084,625,31,594
24100085,512,5,507
24100086,505,2,503
24100087,774,5,769
24100088,849,8,841
24100089,452,5,447
24100090,644,6,638
24100091,451,9,442
24100092,753,2,751
24100093,476,2,474
24100094,541,2,539
24100095,457,2,455
24100096,531,2,529
24100097,1540,8,1532
24100098,462,11,451
24100099,497,3,494
24100100,464,4,460
24100101,628,3,625
24100102,556,9,547
24100106,644,3,641
24100107,1128,18,1110
24100108,736,10,726
24100109,448,1,447
24100110,458,3,455
24100111,458,1,457
24100112,488,2,486
24100113,546,1,545
24100114,607,12,595
24100115,1014,5,1009
24100116,533,3,530
24100117,485,4,481
24100118,494,6,488
24100119,452,3,449
24100120,459,5,454
24100121,775,18,757
24100122,826,6,820
24100123,809,4,805
24100124,487,5,482
24100125,442,4,438
24100126,485,4,481
24100127,520,1,519
24100128,716,6,710
24100129,477,27,450
24100130,573,6,567
24100131,473,2,471
24100132,617,14,603
24100133,602,4,598
24100134,781,31,750
24100135,446,1,445
24100136,380,9,371
24100137,628,25,603
24100138,598,11,587
24100139,648,4,644
24100140,969,38,931
24100141,526,4,522
24100142,582,5,577
24100143,871,26,845
24100144,909,65,844
24100145,917,35,882
24100146,424,4,420
24100147,882,24,858
24100148,434,1,433
24100149,365,0,365
24100150,541,1,540
24100151,222,0,222
24100152,341,1,340
24100153,23,5,18
24100154,362,16,346
24100155,527,2,525
24100156,401,1,400
24100157,427,0,427
24100158,467,2,465
24100159,432,16,416
24100160,744,3,741
24100161,432,3,429
24100162,573,2,571
24100163,5,0,5
24100164,286,3,283
24100167,1297,16,1281
24100168,706,3,703
24110021,420,2,418
24110022,636,3,633
24110023,0,0,0
24110024,206,4,202
24110025,49,1,48
24110026,415,2,413
24110027,300,4,296
24110028,318,0,318
24110029,361,4,357
24110030,404,14,390
24110031,381,4,377
24110032,334,4,330
24110033,435,3,432
24110034,435,2,433
24110035,402,4,398
24110036,396,6,390
24110037,482,7,475
24110038,421,5,416
24110039,362,5,357
24110040,399,4,395
24110041,345,12,333
24110042,271,4,267
24110043,446,4,442
24120050,380,5,375
24120051,518,30,488
24120052,391,0,391
24120053,500,1,499
24120054,313,9,304
24120055,251,2,249
24120056,336,8,328
24120057,752,6,746
24120058,460,1,459
24120059,412,3,409
24120060,409,2,407
24120061,364,0,364
24120062,1156,5,1151
24120063,923,3,920
24120064,470,25,445
24120065,376,6,370
24120066,372,5,367
24120067,407,2,405
24120068,402,6,396
24120069,377,1,376
24120070,422,12,410
24120071,681,4,677
24120072,492,2,490
24120073,482,2,480
24120074,396,3,393
24120075,484,3,481
24120076,433,4,429
24120077,439,2,437
24120078,457,1,456
24120079,456,4,452
24120080,572,5,567
24120081,479,8,471
24120082,398,2,396
24120083,1555,6,1549
24120084,475,6,469
24120085,425,0,425
24120086,727,5,722
24120087,1120,20,1100
24120088,688,9,679
24120089,524,11,513
24120090,351,8,343
24120091,287,1,286
24120092,352,7,345
24120093,850,4,846
24120094,707,18,689
24120095,889,6,883
24120096,475,1,474
24120097,470,12,458
24120098,489,1,488
24120099,563,13,550
24120100,645,5,640
24120101,538,15,523
24120102,584,0,584
24120106,397,3,394
24120107,572,3,569
24120108,396,3,393
24120109,727,4,723
24120110,37,18,19
24120111,737,22,715
24120112,512,3,509
24120113,510,38,472
24120117,426,0,426
24120118,453,3,450
24120119,574,2,572
24130039,506,5,501
24130040,368,3,365
24130041,320,7,313
24130042,348,0,348
24130043,447,2,445
24130044,262,2,260
24130045,441,6,435
24130046,637,9,628
24130047,562,35,527
24130048,574,14,560
24130049,422,4,418
24130050,508,17,491
24130051,593,15,578
24130052,239,9,230
24130053,607,2,605
24130054,364,5,359
24130055,355,10,345
24130056,438,3,435
24130057,344,8,336
24130058,425,2,423
24130059,587,21,566
24130060,317,2,315
24130061,388,1,387
24130062,374,11,363
24130063,401,40,361
24130064,320,4,316
24130065,345,13,332
24130066,318,1,317
24130067,346,15,331
24130068,385,14,371
24130069,478,11,467
24130070,639,4,635
24130071,559,7,552
24130072,461,5,456
24130073,367,3,364
24130074,523,5,518
24130075,526,5,521
24130076,407,3,404
24130077,577,6,571
24130078,431,1,430
24130079,354,1,353
24130080,426,4,422
24130081,119,1,118
24130082,380,19,361
24140048,369,2,367
24140049,352,2,350
24140050,809,6,803
24140051,481,0,481
24140052,560,0,560
24140053,375,0,375
24140054,523,5,518
24140055,378,10,368
24140056,289,2,287
24140057,391,5,386
24140058,507,0,507
24140059,455,1,454
24140060,498,38,460
24140061,520,0,520
24140062,511,2,509
24140063,392,2,390
24140064,509,2,507
24140065,10,10,0
24140066,424,17,407
24140067,367,2,365
24140068,449,0,449
24140069,512,3,509
24140070,609,0,609
24140071,546,0,546
24140072,380,11,369
24140073,583,0,583
24140074,317,2,315
24140075,592,4,588
24140076,368,1,367
24140077,331,1,330
24140078,389,6,383
24140079,540,5,535
24140080,331,0,331
24140081,330,2,328
24140082,448,4,444
24140083,409,1,408
24140084,437,6,431
24140085,310,1,309
24140086,574,2,572
24140087,525,0,525
24140088,418,16,402
24140089,335,6,329
24140090,330,6,324
24140091,555,2,553
24140092,622,4,618
24140093,13,0,13
24140094,0,0,0
24150028,210,4,206
24150029,359,3,356
24150030,486,50,436
24150031,302,15,287
24150032,366,13,353
24150033,332,4,328
24150034,366,4,362
24150035,418,8,410
24150036,287,13,274
24150037,605,11,594
24150038,567,7,560
24150039,614,25,589
24150040,524,4,520
24150041,494,5,489
24150042,509,8,501
24150043,504,3,501
24150044,446,5,441
24150045,946,5,941
24150046,504,5,499
24150047,352,16,336
24150048,642,8,634
24150049,613,4,609
24150050,881,2,879
24150051,391,24,367
24150052,445,10,435
24150053,449,0,449
24150054,458,4,454
24150055,453,5,448
24150056,375,3,372
24150057,63,2,61
24150058,130,4,126
24150059,506,1,505
24150060,417,1,416
24150061,386,1,385
24160029,461,11,450
24160030,679,2,677
24160031,500,22,478
24160032,439,6,433
24160033,438,11,427
24160034,627,1,626
24160035,0,0,0
24160036,720,1,719
24160037,729,8,721
24160038,371,3,368
24160039,996,3,993
24160040,392,2,390
24160041,488,42,446
24160042,620,1,619
24160043,509,4,505
24160044,613,5,608
24160045,629,40,589
24160046,729,4,725
24160047,411,11,400
24160048,397,7,390
24160049,334,4,330
24160050,833,4,829
24160051,375,1,374
24160052,561,1,560
24170032,446,4,442
24170033,493,7,486
24170034,599,3,596
24170035,785,3,782
24170036,535,1,534
24170037,472,2,470
24170038,444,3,441
24170039,501,0,501
24170040,684,1,683
24170041,804,1,803
24170042,432,2,430
24170043,538,7,531
24170044,561,1,560
24170045,474,1,473
24170046,612,3,609
24170047,660,8,652
24170048,438,5,433
24170049,725,4,721
24170050,560,1,559
24170051,677,15,662
24170052,576,9,567
24170053,349,7,342
24170054,369,2,367
24170055,384,24,360
24170056,432,4,428
24170057,384,2,382
24170058,458,7,451
24170059,411,1,410
24170060,444,1,443
24170061,344,0,344
24170062,337,3,334
24170063,374,0,374
24170064,277,2,275
24170065,505,1,504
24170066,435,10,425
24180039,145,4,141
24180040,508,4,504
24180041,477,0,477
24180042,464,3,461
24180043,566,4,562
24180044,536,6,530
24180045,529,3,526
24180046,433,4,429
24180047,624,4,620
24180048,655,23,632
24180049,649,24,625
24180050,614,1,613
24180051,595,9,586
24180052,434,3,431
24180053,352,10,342
24180054,716,18,698
24180055,637,21,616
24180056,490,5,485
24180057,488,2,486
24180058,432,5,427
24180059,466,1,465
24180060,418,9,409
24180061,372,7,365
24180062,472,4,468
24180063,400,7,393
24180064,305,1,304
24180065,361,4,357
24180066,420,5,415
24180067,484,10,474
24180068,540,21,519
24180069,651,9,642
24180070,438,0,438
24180071,541,5,536
24180072,526,22,504
24180073,513,11,502
24180074,432,41,391
24180075,394,8,386
24180076,319,5,314
24180077,388,3,385
24180078,372,3,369
24180079,535,21,514
24180080,449,13,436
24180081,277,12,265
24180082,395,5,390
24180083,183,7,176
24180084,330,21,309
24180085,311,2,309
24180086,491,3,488
24190046,561,5,556
24190047,518,6,512
24190048,450,7,443
24190049,518,3,515
24190050,848,3,845
24190051,875,2,873
24190052,471,1,470
24190053,996,4,992
24190054,553,10,543
24190055,812,2,810
24190056,529,13,516
24190057,655,2,653
24190058,424,5,419
24190059,356,2,354
24190060,400,11,389
24190061,614,1,613
24190062,794,13,781
24190063,356,3,353
24190064,470,1,469
24190065,732,6,726
24190066,559,2,557
24190067,644,16,628
24190068,378,3,375
24190069,539,3,536
24190070,879,13,866
24190071,414,12,402
24190072,539,2,537
24190073,517,5,512
24190074,711,1,710
24190075,1228,3,1225
24190076,586,15,571
24190077,427,3,424
24190078,789,18,771
24190079,726,8,718
24190080,1167,3,1164
24190081,546,13,533
24190082,759,4,755
24190083,1835,11,1824
24190084,476,3,473
24190085,540,5,535
24190086,401,0,401
24190087,532,32,500
24190088,352,4,348
24190089,481,2,479
24190090,481,4,477
24190091,488,1,487
24190092,241,5,236
24190093,348,3,345
24190094,419,14,405
24190095,400,2,398
24190096,316,9,307
24190097,493,7,486
24190098,479,2,477
24190099,464,11,453
24190100,356,1,355
24190101,388,3,385
24190102,496,1,495
24190103,481,4,477
24190104,588,7,581
24190105,761,10,751
24190106,776,18,758
24190107,484,4,480
24190108,652,27,625
24200011,525,4,521
24200012,472,22,450
24200013,205,1,204
24200014,879,8,871
24200015,1017,3,1014
24200016,520,0,520
24200017,1057,18,1039
24200018,451,4,447
24200019,905,3,902
24200020,480,1,479
24200021,548,8,540
24210038,0,0,0
24210039,522,11,511
24210040,0,0,0
24210041,411,10,401
24210042,568,12,556
24210043,783,29,754
24210044,1000,7,993
24210045,817,51,766
24210046,769,7,762
24210047,696,8,688
24210048,1082,9,1073
24210049,602,8,594
24210050,501,5,496
24210051,637,27,610
24210052,520,12,508
24210053,425,12,413
24210054,481,4,477
24210055,9,9,0
24210056,650,4,646
24210057,336,0,336
24210058,680,5,675
24210059,677,1,676
24210060,459,4,455
24210061,1290,3,1287
24210062,485,31,454
24210063,571,2,569
24210064,318,10,308
24210065,644,5,639
24210066,476,8,468
24210067,341,5,336
24210068,936,7,929
24210069,368,4,364
24210070,437,12,425
24210071,771,18,753
24210072,789,2,787
24210073,516,1,515
24210074,1491,6,1485
24210075,1542,6,1536
24210076,1906,12,1894
24210077,437,6,431
24210078,344,4,340
24210079,346,1,345
24210080,1188,8,1180
24210081,621,5,616
24220036,0,0,0
24220037,588,11,577
24220038,1427,14,1413
24220039,1231,2,1229
24220040,724,13,711
24220041,672,32,640
24220042,1001,5,996
24220043,624,8,616
24220044,777,10,767
24220045,1343,32,1311
24220046,618,9,609
24220047,2275,23,2252
24220048,964,16,948
24220049,974,4,970
24220050,671,3,668
24220051,1252,21,1231
24220052,437,4,433
24220053,455,4,451
24220055,471,5,466
24220056,409,9,400
24220057,1713,9,1704
24220058,0,0,0
24220059,621,1,620
24220060,590,28,562
24220061,1285,31,1254
24220062,2694,21,2673
24220063,331,1,330
24220064,1445,37,1408
24220065,915,2,913
24220066,709,13,696
24220067,538,2,536
24220068,2863,38,2825
24220069,280,5,275
24220070,1074,2,1072
24220071,1043,8,1035
24220072,1004,17,987
24220073,884,19,865
24220074,705,5,700
24220075,486,7,479
24220076,501,13,488
24220077,1260,8,1252
24220078,2323,65,2258
24220079,1123,6,1117
24220080,1213,6,1207
24220081,620,5,615
24220082,412,6,406
24220083,491,8,483
24220084,430,7,423
24220085,459,6,453
24220086,2,0,2
24220087,1153,9,1144
24230001,828,13,815
24230002,734,8,726
24230003,483,8,475
24230004,767,6,761
24230005,1095,6,1089
24230006,543,11,532
24230007,1405,24,1381
24230008,541,4,537
24230009,373,1,372
24230010,492,17,475
24230011,420,4,416
24230012,544,4,540
24230013,574,7,567
24230014,469,9,460
24230015,485,8,477
24230016,331,1,330
24230017,383,13,370
24230018,306,2,304
24230019,391,2,389
24230020,572,1,571
24230021,469,0,469
24230022,446,3,443
24230023,658,13,645
24230024,480,5,475
24230025,626,5,621
24230026,330,0,330
24230027,4627,59,4568
24230028,1495,11,1484
24230029,924,1,923
24230030,518,2,516
24230031,607,0,607
24230032,444,0,444
24230033,795,2,793
24230034,399,32,367
24230035,439,17,422
24230036,542,4,538
24230037,565,21,544
24230038,541,4,537
24230039,377,6,371
24230040,529,7,522
24230041,516,4,512
24230042,500,3,497
24230043,572,0,572
24230044,709,12,697
24230045,278,6,272
24230046,412,5,407
24230047,435,3,432
24230048,502,3,499
24230049,318,5,313
24230050,466,4,462
24230051,465,0,465
24230052,541,6,535
24230053,883,19,864
24230054,313,5,308
24230055,362,4,358
24230056,306,0,306
24230057,301,0,301
24230058,623,9,614
24230059,485,14,471
24230060,644,11,633
24230061,422,4,418
24230062,307,2,305
24230063,340,11,329
24230064,440,9,431
24230065,1213,8,1205
24230066,351,9,342
24230067,1095,2,1093
24230068,551,5,546
24230069,598,13,585
24230070,424,2,422
24230071,487,2,485
24230072,366,3,363
24230073,456,5,451
24230074,436,4,432
24230075,388,4,384
24230076,2080,25,2055
24230077,749,5,744
24230078,638,16,622
24230079,460,13,447
24230080,577,9,568
24230081,595,12,583
24230082,364,2,362
24230083,411,1,410
24230084,418,2,416
24230085,428,8,420
24230086,447,0,447
24230087,587,2,585
24230088,871,13,858
24230089,648,0,648
24230090,860,4,856
24230091,470,1,469
24230092,554,1,553
24230093,566,0,566
24230094,592,17,575
24230095,571,37,534
24230096,512,8,504
24230097,437,8,429
24230098,314,5,309
24230099,336,7,329
24230100,1023,25,998
24230101,446,3,443
24230102,439,0,439
24230103,351,0,351
24230104,418,2,416
24230105,503,18,485
24230106,444,1,443
24230107,502,4,498
24230108,612,22,590
24230109,473,6,467
24230110,486,5,481
24230111,440,12,428
24230112,334,1,333
24230113,438,2,436
24230115,856,7,849
24230116,339,3,336
24230117,384,8,376
24230118,498,22,476
24230119,459,6,453
24230120,349,2,347
24230121,499,4,495
24230122,410,5,405
24230123,405,1,404
24230124,396,2,394
24230125,553,2,551
24230126,616,7,609
24230127,625,2,623
24230128,518,6,512
24230129,582,7,575
24230130,494,1,493
24230131,374,10,364
24230132,307,5,302
24230133,339,6,333
24230134,407,8,399
24230135,516,8,508
24230136,422,13,409
24230137,454,6,448
24230138,504,0,504
24230139,425,5,420
24230140,513,3,510
24230141,520,4,516
24230142,507,2,505
24230143,623,7,616
24230144,576,1,575
24230145,527,4,523
24230146,424,1,423
24230147,685,7,678
24230148,566,3,563
24230149,645,4,641
24230150,518,0,518
24230151,577,2,575
24230152,592,13,579
24230153,425,4,421
24230154,492,10,482
24230155,851,22,829
24230158,602,6,596
24230159,750,20,730
24230160,540,7,533
24230161,697,2,695
24230162,542,5,537
24230163,347,1,346
24230164,482,0,482
24230165,783,1,782
24230166,673,7,666
24230167,458,4,454
24230168,826,3,823
24230169,742,5,737
24230170,545,5,540
24230171,575,3,572
24230172,493,0,493
24230173,854,10,844
24230174,512,0,512
24230175,541,1,540
24230176,559,11,548
24230177,870,8,862
24230178,476,7,469
24230179,591,4,587
24230180,512,5,507
24230181,669,16,653
24230182,658,7,651
24230183,610,5,605
24230185,445,0,445
24230188,360,0,360
24230189,430,4,426
24230190,607,6,601
24230191,775,11,764
24230192,587,2,585
24230193,538,2,536
24230194,444,4,440
24230195,367,1,366
24230196,499,0,499
24230197,430,0,430
24230198,524,9,515
24230199,543,4,539
24230200,423,0,423
24230201,463,4,459
24230202,466,10,456
24230203,420,9,411
24230204,866,30,836
24230206,1021,16,1005
24230208,511,0,511
24230209,546,3,543
24230210,444,0,444
24230211,378,0,378
24230212,1120,1,1119
24230215,980,8,972
24230216,566,2,564
24230217,661,29,632
24230218,481,0,481
24230219,608,5,603
24230220,504,0,504
24230221,438,0,438
24230222,305,1,304
24230223,475,5,470
24230224,589,6,583
24230225,441,0,441
24230226,453,1,452
24230227,601,9,592
24230228,426,0,426
24230229,526,1,525
24230230,433,6,427
24230231,548,7,541
24230232,420,0,420
24230233,527,5,522
24230234,303,2,301
24230235,443,0,443
24230236,293,1,292
24230237,464,14,450
24230238,347,1,346
24230239,557,7,550
24230240,623,5,618
24230241,334,0,334
24230242,466,4,462
24230243,387,0,387
24230246,1204,7,1197
24230247,205,8,197
24230248,708,8,700
24230249,452,6,446
24230250,1115,8,1107
24230251,652,8,644
24230252,461,1,460
24230253,607,4,603
24230254,574,3,571
24230255,404,5,399
24230259,670,6,664
24230260,631,11,620
24230261,423,2,421
24230262,602,9,593
24230263,895,12,883
24230264,744,2,742
24230265,321,4,317
24230266,348,4,344
24230267,563,1,562
24230270,715,8,707
24230271,383,1,382
24230272,418,0,418
24230273,727,55,672
24230274,442,1,441
24230275,946,6,940
24230276,406,4,402
24230277,859,26,833
24230278,592,2,590
24230279,456,1,455
24230280,521,0,521
24230281,468,0,468
24230282,577,1,576
24230283,512,2,510
24230284,472,3,469
24230285,566,2,564
24230286,427,7,420
24230287,516,11,505
24230288,398,6,392
24230289,677,26,651
24230290,529,10,519
24230291,648,10,638
24230292,666,6,660
24230293,523,1,522
24230294,487,3,484
24230295,471,4,467
24230296,504,2,502
24230297,775,0,775
24230298,366,0,366
24230299,553,1,552
24230300,485,4,481
24230301,443,2,441
24230302,528,2,526
24230303,434,5,429
24230304,439,2,437
24230305,604,3,601
24230306,492,0,492
24230310,531,8,523
24230311,643,4,639
24230312,632,7,625
24230313,367,3,364
24230314,408,20,388
24230315,436,0,436
24230316,398,2,396
24230317,531,1,530
24230318,507,1,506
24230319,479,1,478
24230320,664,12,652
24230321,455,10,445
24230322,316,7,309
24230323,492,10,482
24230324,368,11,357
24230325,754,12,742
24230326,472,21,451
24230327,565,15,550
24230328,608,0,608
24230329,651,2,649
24230330,589,6,583
24230331,492,2,490
24230335,510,2,508
24230336,452,0,452
24230337,696,6,690
24230338,366,0,366
24230339,458,1,457
24230340,332,8,324
24230341,420,0,420
24230342,346,2,344
24230343,468,2,466
24230344,600,11,589
24230345,541,3,538
24230346,404,2,402
24230347,381,0,381
24230348,469,5,464
24230349,491,3,488
24230350,706,6,700
24230351,367,0,367
24230352,798,6,792
24230353,465,0,465
24230354,1913,38,1875
24230355,1111,28,1083
24230356,467,3,464
24230357,544,3,541
24230358,618,3,615
24230359,592,3,589
24230360,682,3,679
24230361,463,3,460
24230362,533,5,528
24230363,602,8,594
24230364,316,0,316
24230365,383,8,375
24230366,1078,72,1006
24230367,404,7,397
24230368,427,2,425
24230369,425,10,415
24230371,873,26,847
24230372,294,6,288
24230374,373,7,366
24230375,333,6,327
24230376,546,15,531
24230377,535,8,527
24230378,606,11,595
24230379,430,5,425
24230380,400,6,394
24230381,1150,19,1131
24230382,791,4,787
24230383,703,2,701
24230385,333,2,331
24230386,1004,10,994
24230387,480,3,477
24230388,1532,72,1460
24230389,416,3,413
24230390,642,7,635
24230391,364,1,363
24230392,397,5,392
24230393,368,3,365
24230394,366,0,366
24230395,517,8,509
24230396,484,7,477
24230397,472,2,470
24230398,400,8,392
24230399,394,16,378
24230400,366,10,356
24230401,1501,3,1498
24230402,635,1,634
24230403,951,3,948
24230404,464,1,463
24230405,443,5,438
24230406,3744,42,3702
24230407,872,1,871
24230408,264,22,242
24230409,336,23,313
24230410,774,1,773
24230411,1974,1,1973
24230412,526,2,524
24230413,579,9,570
24230414,460,5,455
24230415,1592,5,1587
24230416,760,7,753
24230417,704,2,702
24230418,651,5,646
24230419,801,15,786
24230420,1171,4,1167
24230421,380,3,377
24230430,689,10,679
24230431,979,10,969
24230432,771,21,750
24230433,455,6,449
24230434,471,3,468
24230435,403,4,399
24230438,482,1,481
24230440,1022,8,1014
24230471,516,6,510
24230472,405,2,403
24230473,394,2,392
24230474,352,2,350
24230475,440,8,432
24230476,471,4,467
24230477,758,19,739
24230478,280,3,277
24230479,460,5,455
24230480,585,10,575
24230481,568,2,566
24230482,395,10,385
24230483,387,1,386
24230484,571,2,569
24230485,525,5,520
24230486,338,0,338
24230488,510,18,492
24230489,1338,16,1322
24230490,390,5,385
24230491,564,11,553
24230492,444,2,442
24230493,427,4,423
24230494,369,2,367
24230495,546,7,539
24230496,404,1,403
24230497,371,3,368
24230498,547,5,542
24230499,396,14,382
24230500,366,2,364
24230501,866,2,864
24230502,466,0,466
24230503,532,4,528
24230506,837,16,821
24230507,570,2,568
24230508,348,9,339
24230509,285,9,276
24230510,305,32,273
24230511,361,2,359
24230512,542,4,538
24230513,470,11,459
24230533,676,2,674
24230539,577,4,573
24230540,248,12,236
24230541,1092,3,1089
24230542,844,9,835
24230544,410,12,398
24230545,528,2,526
24230546,1151,18,1133
24230548,647,1,646
24230550,363,3,360
24230552,341,3,338
24230553,734,74,660
24230554,301,6,295
24230555,266,5,261
24230556,381,5,376
24230557,624,0,624
24230558,297,24,273
24230559,648,0,648
24230561,299,3,296
24230562,429,4,425
24230563,839,8,831
24230564,1147,1,1146
24230566,423,2,421
24230567,503,6,497
24230568,753,5,748
24230569,1016,68,948
24230570,826,12,814
24230571,1409,21,1388
24230572,757,33,724
24230574,645,2,643
24230576,1148,19,1129
24230577,520,0,520
24230578,945,1,944
24230579,850,5,845
24230580,921,3,918
24230581,1269,5,1264
24230582,777,24,753
24230583,577,1,576
24230584,438,1,437
24230585,355,6,349
24230586,470,2,468
24230587,537,1,536
24230588,628,6,622
24230589,417,1,416
24230590,454,6,448
24230591,425,4,421
24230592,528,4,524
24230593,497,3,494
24230594,364,6,358
24230595,352,2,350
24230596,420,9,411
24230597,332,8,324
24230598,343,4,339
24230599,546,3,543
24230600,462,1,461
24230601,442,4,438
24230602,575,1,574
24230603,519,2,517
24230604,373,9,364
24230605,383,4,379
24230606,501,2,499
24230607,526,3,523
24230608,456,5,451
24230610,754,8,746
24230611,711,12,699
24230612,680,7,673
24230613,426,5,421
24230614,696,5,691
24230615,602,6,596
24230616,476,0,476
24230618,516,2,514
24230619,436,6,430
24230620,443,41,402
24230621,572,0,572
24230622,336,1,335
24230623,388,4,384
24230626,467,4,463
24230629,407,12,395
24230630,406,0,406
24230631,895,4,891
24230632,1680,30,1650
24230633,838,1,837
24230634,502,10,492
24230635,806,13,793
24230636,588,0,588
24230637,460,4,456
24230638,461,0,461
24230639,396,0,396
24230640,711,19,692
24230641,683,10,673
24230642,536,0,536
24230643,470,7,463
24230644,435,3,432
24230645,486,13,473
24230646,425,5,420
24230647,409,3,406
24230648,579,9,570
24230649,415,5,410
24230650,516,7,509
24230651,717,14,703
24230652,639,22,617
24230654,358,1,357
24230656,382,14,368
24230657,343,1,342
24230658,313,1,312
24230659,946,11,935
24230660,1496,31,1465
24230661,406,0,406
24230662,978,3,975
24230663,425,2,423
24230664,676,2,674
24230665,540,3,537
24230666,403,0,403
24230667,364,24,340
24230668,455,9,446
24230669,333,48,285
24230670,457,1,456
24230671,584,9,575
24230672,301,5,296
24230673,528,9,519
24230674,450,18,432
24230675,446,1,445
24230676,520,37,483
24230677,482,6,476
24230678,331,1,330
24230679,564,11,553
24230680,431,9,422
24230682,423,9,414
24230684,1554,36,1518
24230685,3403,7,3396
24230686,1845,16,1829
24230687,433,3,430
24230688,657,21,636
24230690,356,6,350
24230692,662,13,649
24230693,429,4,425
24230694,403,6,397
24230695,975,11,964
24230696,456,22,434
24230698,840,7,833
24230701,482,8,474
24230702,553,8,545
24230703,470,5,465
24230704,538,7,531
24230705,403,5,398
24230706,569,3,566
24230707,584,13,571
24230708,753,9,744
24230710,412,5,407
24230711,548,3,545
24230712,622,34,588
24230713,344,2,342
24230721,491,23,468
24230724,334,9,325
24230725,322,11,311
24230726,424,13,411
24230727,433,2,431
24230728,408,2,406
24230729,337,1,336
24230730,375,2,373
24230732,490,3,487
24230733,4966,164,4802
24230734,2004,81,1923
24230735,371,4,367
24230736,418,0,418
24230737,708,1,707
24230738,921,6,915
24230739,517,0,517
24230740,450,0,450
24230741,1495,13,1482
24230742,733,7,726
24230743,671,11,660
24230744,513,3,510
24230745,395,6,389
24230746,3871,117,3754
24230747,109,7,102
24230748,1543,7,1536
24230749,640,0,640
24230750,294,0,294
24230751,878,8,870
24230752,439,2,437
24230753,523,4,519
24230754,411,1,410
24230755,422,4,418
24230756,646,8,638
24230757,558,1,557
24230758,374,17,357
24230759,481,8,473
24230760,815,4,811
24230761,339,2,337
24230762,393,1,392
24230763,497,1,496
24230764,472,21,451
24230765,624,10,614
24230766,347,0,347
24230767,416,2,414
24230768,368,0,368
24230769,859,24,835
24230770,406,6,400
24230771,509,4,505
24230772,432,4,428
24230773,484,8,476
24230774,491,20,471
24230775,522,18,504
24230776,688,10,678
24230777,418,6,412
24230778,530,4,526
24230779,332,12,320
24230780,394,3,391
24230781,445,3,442
24230782,491,3,488
24230783,709,1,708
24230784,448,15,433
24230785,3843,28,3815
24230786,962,3,959
24230787,444,4,440
24230790,274,7,267
24230791,869,2,867
24230792,1001,12,989
24230793,714,3,711
24230794,322,7,315
24230795,855,28,827
24230796,406,2,404
24230797,562,10,552
24230798,576,3,573
24230799,512,3,509
24230800,570,16,554
24230801,425,3,422
24230802,938,9,929
24230803,547,27,520
24230804,370,4,366
24230805,779,1,778
24230806,414,5,409
24230807,515,0,515
24230808,287,5,282
24230809,308,16,292
24230810,353,7,346
24230811,515,1,514
24230812,288,0,288
24230815,522,1,521
24230816,474,0,474
24230817,418,3,415
24230818,634,10,624
24230819,409,0,409
24230820,320,0,320
24230821,1324,3,1321
24230822,503,2,501
24230823,598,31,567
24230824,690,6,684
24230825,507,1,506
24230826,534,3,531
24230827,557,3,554
24230828,527,47,480
24230829,701,5,696
24230830,414,4,410
24230834,445,3,442
24230835,298,5,293
24230836,633,10,623
24230837,438,3,435
24230838,387,1,386
24230839,834,4,830
24230840,652,4,648
24230843,556,12,544
24230844,460,4,456
24230845,430,7,423
24230846,466,0,466
24230847,384,1,383
24230848,350,0,350
24230849,703,4,699
24230850,669,19,650
24230851,566,13,553
24230852,567,4,563
24230853,532,4,528
24230854,544,0,544
24230855,650,2,648
24230856,629,4,625
24230857,367,0,367
24230860,218,0,218
24230861,551,0,551
24230862,253,6,247
24230863,372,11,361
24230865,450,0,450
24230866,892,23,869
24230867,387,0,387
24230868,493,4,489
24230869,506,0,506
24230870,373,1,372
24230871,410,0,410
24230872,381,0,381
24230873,512,2,510
24230874,954,3,951
24230875,360,1,359
24230876,333,1,332
24230882,664,1,663
24230883,492,33,459
24230884,477,4,473
24230885,583,5,578
24230886,487,5,482
24230887,392,3,389
24230888,415,3,412
24230889,663,3,660
24230890,1335,14,1321
24230891,722,2,720
24230892,1644,7,1637
24230893,453,32,421
24230894,379,2,377
24230895,410,11,399
24230896,550,4,546
24230897,313,4,309
24230898,353,1,352
24230899,457,28,429
24230901,370,10,360
24230902,775,2,773
24230903,1297,5,1292
24230904,329,0,329
24230905,1019,3,1016
24230906,464,3,461
24230907,1106,12,1094
24230908,1204,1,1203
24230909,828,12,816
24230910,892,6,886
24230911,851,5,846
24230914,1154,37,1117
24230915,409,2,407
24230916,537,0,537
24230917,562,8,554
24230918,639,2,637
24230919,607,17,590
24230920,744,6,738
24230921,631,5,626
24230922,713,11,702
24230923,716,2,714
24230924,1546,32,1514
24230925,1073,70,1003
24230926,497,11,486
24230927,396,42,354
24230928,347,3,344
24230929,867,25,842
24230930,684,3,681
24230931,415,8,407
24230932,378,3,375
24230933,406,2,404
24230934,379,1,378
24230935,1359,30,1329
24230936,413,7,406
24230937,592,26,566
24230938,586,22,564
24230939,386,1,385
24230940,500,26,474
24230941,1466,37,1429
24230942,422,2,420
24230943,568,2,566
24230944,585,5,580
24230945,351,3,348
24230946,403,1,402
24230947,663,6,657
24230948,390,2,388
24230949,379,1,378
24230950,543,3,540
24230951,433,22,411
24230952,381,1,380
24230953,645,3,642
24230954,381,1,380
24230955,510,0,510
24230956,459,3,456
24230957,463,4,459
24230958,572,2,570
24230959,516,1,515
24230960,472,3,469
24230961,2059,8,2051
24230962,887,16,871
24230963,967,5,962
24230964,435,2,433
24230965,415,8,407
24230966,878,8,870
24230967,779,16,763
24230968,559,2,557
24230969,671,39,632
24230970,1085,8,1077
24230971,448,5,443
24230972,446,3,443
24230973,428,4,424
24230974,473,2,471
24230975,719,5,714
24230976,414,2,412
24230977,641,12,629
24230978,726,0,726
24230979,3289,27,3262
24230980,691,1,690
24230981,540,6,534
24230982,536,3,533
24230983,361,1,360
24230984,414,1,413
24230985,689,15,674
24230986,464,2,462
24230987,425,15,410
24230988,1124,4,1120
24230989,655,9,646
24230990,366,6,360
24230991,388,6,382
24230992,1357,5,1352
24230993,952,50,902
24230994,381,3,378
24230995,499,6,493
24230996,1139,8,1131
24230997,419,7,412
24230998,529,5,524
24230999,271,4,267
24231000,706,16,690
24231001,826,6,820
24231002,265,4,261
24231003,886,25,861
24231004,718,8,710
24231005,567,1,566
24231006,716,8,708
24231007,689,9,680
24231008,490,4,486
24231009,930,9,921
24231010,686,0,686
24231011,1525,6,1519
24231012,811,20,791
24231013,658,2,656
24231014,786,5,781
24231015,449,2,447
24231016,413,3,410
24231017,305,2,303
24231018,299,9,290
24231019,642,6,636
24231020,478,12,466
24231021,161,26,135
24231022,1167,8,1159
24231023,434,0,434
24231024,566,15,551
24231025,374,1,373
24231026,394,0,394
24231027,493,1,492
24231028,356,0,356
24231029,615,8,607
24231030,745,4,741
24231031,475,3,472
24231032,551,0,551
24231034,845,1,844
24231035,0,0,0
24231036,59,1,58
24231037,557,9,548
24231038,458,0,458
24231039,542,1,541
24231040,489,2,487
24231041,754,4,750
24231042,471,45,426
24231043,476,5,471
24231044,658,1,657
24231045,561,10,551
24231046,539,17,522
24231059,323,1,322
24231060,1985,22,1963
24231061,653,1,652
24231062,310,1,309
24231063,430,0,430
24231064,446,8,438
24231065,394,1,393
24231066,550,2,548
24231067,423,1,422
24231068,642,1,641
24231069,942,2,940
24231070,812,3,809
24231071,469,3,466
24231072,506,0,506
24231073,493,0,493
24231074,652,14,638
24231075,342,1,341
24231076,303,1,302
24231077,581,1,580
24231078,704,2,702
24231079,845,7,838
24231080,1060,5,1055
24231081,939,7,932
24231082,412,1,411
24231084,302,1,301
24231086,1003,1,1002
24231090,886,6,880
24231091,387,1,386
24231093,749,210,539
24231095,988,2,986
24231096,623,8,615
24231097,390,6,384
24231099,272,2,270
24231100,603,0,603
24231101,381,3,378
24231102,590,1,589
24231103,1395,6,1389
24231104,2540,13,2527
24231106,573,7,566
24231107,446,10,436
24231108,537,6,531
24231110,487,0,487
24231111,424,1,423
24231112,30,3,27
24231113,0,0,0
24231114,559,4,555
24231115,0,0,0
24231116,1069,4,1065
24231117,1743,1678,65
24231118,5,5,0
24231119,420,404,16
24231120,0,0,0
24231121,805,1,804
24250003,459,4,455
24250004,678,31,647
24250005,803,7,796
24250006,444,6,438
24250007,573,11,562
24250008,437,12,425
24250009,535,0,535
24250010,969,10,959
24250011,421,24,397
24250012,252,3,249
24250013,728,38,690
24250016,1310,18,1292
24250017,1173,3,1170
24250018,449,7,442
24250019,699,13,686
24250022,316,15,301
24250023,692,13,679
24250024,362,11,351
24250025,380,18,362
24250026,477,11,466
24250027,569,7,562
24250028,437,1,436
24250029,430,2,428
24250032,1150,7,1143
24250033,516,0,516
24250035,485,0,485
24250036,390,0,390
24250037,398,1,397
24250039,417,0,417
24250040,348,6,342
24250041,316,16,300
24250042,817,1,816
24250043,539,18,521
24250044,381,2,379
24250045,472,1,471
24250046,728,2,726
24250047,324,2,322
24250048,861,9,852
24250055,688,3,685
24250056,750,10,740
24250057,417,8,409
24250059,1367,72,1295
24250060,354,6,348
24250061,577,7,570
24250063,334,4,330
24250064,566,1,565
24250065,779,5,774
24250066,381,9,372
24250067,425,3,422
24250068,479,6,473
24250069,788,11,777
24250070,406,1,405
24250071,489,1,488
24250073,382,5,377
24250074,615,8,607
24250075,1033,5,1028
24250076,421,1,420
24250078,682,6,676
24250079,1375,11,1364
24250080,311,1,310
24250082,619,7,612
24250086,1530,12,1518
24250087,369,3,366
24250088,486,4,482
24250089,293,2,291
24250090,375,2,373
24250091,425,2,423
24250092,321,1,320
24250093,485,0,485
24250094,1088,2,1086
24250095,609,0,609
24250096,807,4,803
24250097,214,8,206
24250098,496,1,495
24250099,685,2,683
24250100,392,2,390
24250101,785,10,775
24250102,492,12,480
24250103,396,1,395
24250105,537,53,484
24250106,435,4,431
24250107,1750,6,1744
24250108,363,0,363
24250109,564,1,563
24250110,476,6,470
24250111,415,3,412
24250112,566,1,565
24250113,515,2,513
24250114,376,22,354
24250115,435,5,430
24250116,412,1,411
24250117,738,1,737
24250122,395,2,393
24250123,437,4,433
24250124,444,2,442
24250126,375,7,368
24250127,297,0,297
24250128,545,28,517
24250181,1138,30,1108
24250182,2719,3,2716
24250183,750,3,747
24250184,656,17,639
24250185,557,4,553
24250186,1611,71,1540
24250187,863,40,823
24250188,334,0,334
24250189,289,0,289
24250190,617,14,603
24250191,471,3,468
24250192,374,1,373
24250193,476,11,465
24250194,494,0,494
24250195,474,1,473
24250196,432,3,429
24250197,398,10,388
24250198,355,2,353
24250199,420,8,412
24250200,427,3,424
24250201,639,13,626
24250202,508,4,504
24250203,316,2,314
24250204,591,1,590
24250205,442,0,442
24250206,512,1,511
24250207,681,2,679
24250208,1022,5,1017
24250209,529,0,529
24250210,513,1,512
24250211,375,2,373
24250212,786,2,784
24250213,446,0,446
24250214,407,0,407
24250215,497,4,493
24250216,428,0,428
24250217,489,3,486
24250218,445,4,441
24250219,406,3,403
24250220,527,1,526
24250221,433,0,433
24250222,453,0,453
24250223,344,2,342
24250224,613,3,610
24250225,555,8,547
24250226,791,1,790
24250227,453,5,448
24250228,432,13,419
24250229,492,2,490
24250230,409,4,405
24250231,545,23,522
24250232,423,18,405
24250233,373,3,370
24250234,389,3,386
24250235,438,4,434
24250236,947,8,939
24250237,444,4,440
24250238,695,7,688
24250239,402,4,398
24250240,643,9,634
24250241,809,13,796
24250242,341,3,338
24250243,311,1,310
24250244,764,3,761
24250245,487,6,481
24250246,704,57,647
24250247,482,38,444
24250248,495,8,487
24250249,475,5,470
24250250,597,8,589
24250252,1138,10,1128
24250253,522,7,515
24250254,497,2,495
24250255,554,12,542
24250256,421,7,414
24250257,351,9,342
24250258,450,2,448
24250259,516,3,513
24250260,478,10,468
24250261,689,2,687
24250262,626,14,612
24250263,391,1,390
24250264,466,0,466
24250265,615,2,613
24250266,455,1,454
24250267,549,17,532
24250268,979,25,954
24250269,671,1,670
24250270,502,2,500
24250271,648,2,646
24250272,1006,1,1005
24250273,1679,2,1677
24250274,676,22,654
24250275,451,0,451
24250276,723,4,719
24250277,1297,2,1295
24250278,434,3,431
24250279,474,2,472
24250280,434,2,432
24250281,652,10,642
24250282,379,0,379
24250283,466,2,464
24250284,509,25,484
24250285,388,2,386
24250286,1679,12,1667
24250287,419,9,410
24250288,2343,13,2330
24250289,360,9,351
24250290,458,8,450
24250291,296,1,295
24250292,351,11,340
24250293,368,1,367
24250294,1726,9,1717
24250295,449,0,449
24250296,787,6,781
24250297,551,4,547
24250298,1362,15,1347
24250299,295,5,290
24250300,577,8,569
24250301,856,3,853
24250302,789,5,784
24250303,983,7,976
24250304,592,6,586
24250305,409,0,409
24250306,591,3,588
24250307,644,9,635
24250308,806,6,800
24250309,412,0,412
24250310,417,2,415
24250311,1993,9,1984
24250312,2355,3,2352
24250313,798,1,797
24250314,403,18,385
24250315,616,23,593
24250316,1976,20,1956
24260033,639,6,633
24260034,574,4,570
24260035,648,17,631
24260036,1069,4,1065
24260037,1784,80,1704
24260038,815,6,809
24260039,780,4,776
24260040,1294,21,1273
24260041,576,5,571
24260042,760,15,745
24260043,914,20,894
24260044,579,13,566
24260045,731,11,720
24260046,673,2,671
24260047,1340,12,1328
24260048,536,0,536
24260049,597,3,594
24260050,667,8,659
24260051,833,51,782
24260052,884,22,862
24260053,807,9,798
24260054,392,8,384
24260055,544,3,541
24260056,760,17,743
24260057,799,2,797
24260058,1068,2,1066
24260059,778,25,753
24260060,503,23,480
24260061,412,5,407
24260062,575,4,571
24260063,591,1,590
24260064,2903,23,2880
24260065,975,26,949
24260066,856,3,853
24260067,720,3,717
24260068,736,7,729
24260069,1100,3,1097
24260070,431,4,427
24260071,447,9,438
24260072,375,9,366
24260073,596,4,592
24260074,414,2,412
24260075,487,0,487
24260076,717,1,716
24260077,554,8,546
24260078,669,13,656
24260079,611,4,607
24260080,510,4,506
24260081,576,8,568
24270029,438,1,437
24270030,419,5,414
24270031,502,1,501
24270032,544,6,538
24270033,456,15,441
24270034,511,6,505
24270035,518,15,503
24270036,508,0,508
24270037,511,11,500
24270038,477,9,468
24270039,497,1,496
24270040,634,18,616
24270041,451,1,450
24270042,508,15,493
24270043,414,8,406
24270044,700,2,698
24270045,477,0,477
24270046,439,2,437
24270047,574,10,564
24270048,554,25,529
24270049,378,0,378
24270050,545,4,541
24270051,497,5,492
24270052,410,1,409
24270053,475,13,462
24270054,515,4,511
24270055,549,17,532
24270056,286,5,281
24270057,417,2,415
24270058,495,16,479
24270059,418,19,399
24270060,469,3,466
24270061,686,5,681
24270062,447,4,443
24270063,897,7,890
24270064,682,3,679
24270065,377,3,374
24270066,363,11,352
24280030,625,4,621
24280031,352,1,351
24280032,350,5,345
24280033,434,3,431
24280034,464,4,460
24280035,467,10,457
24280036,431,2,429
24280037,484,8,476
24280038,396,14,382
24280039,372,3,369
24280040,385,0,385
24280041,348,0,348
24280042,431,31,400
24280043,434,0,434
24280044,584,20,564
24280045,525,6,519
24280046,430,17,413
24280047,351,1,350
24280048,411,0,411
24280049,424,21,403
24280050,488,3,485
24280051,443,0,443
24280052,372,17,355
24280053,370,1,369
24280054,487,5,482
24280055,373,2,371
24280056,423,1,422
24280057,478,1,477
24280058,413,54,359
24280059,584,4,580
24280060,327,3,324
24280061,266,0,266
24280062,383,0,383
24280063,412,0,412
24280064,451,2,449
24280065,428,3,425
24280066,689,6,683
24290063,567,5,562
24290064,985,4,981
24290065,557,10,547
24290066,687,10,677
24290067,486,5,481
24290068,1483,40,1443
24290069,445,6,439
24290070,651,5,646
24290071,482,7,475
24290072,1043,26,1017
24290073,477,29,448
24290074,543,2,541
24290075,366,4,362
24290076,408,3,405
24290077,478,10,468
24290078,422,6,416
24290079,434,8,426
24290080,433,2,431
24290081,394,10,384
24290082,596,3,593
24290083,651,11,640
24290084,1131,35,1096
24290085,1514,3,1511
24290086,1596,51,1545
24290087,425,5,420
24290088,899,5,894
24290089,1131,17,1114
24290090,704,6,698
24290091,1119,49,1070
24290092,254,2,252
24290093,467,3,464
24290094,494,2,492
24290095,417,9,408
24290096,504,0,504
24290097,373,3,370
24290098,448,4,444
24290099,456,5,451
24290100,597,4,593
24290101,465,3,462
24290102,531,6,525
24290103,990,7,983
24290104,603,15,588
24290105,1147,3,1144
24290106,693,12,681
24290107,502,1,501
24290108,472,21,451
24290109,572,1,571
24290110,499,0,499
24290111,573,9,564
24290112,150,2,148
24290113,489,2,487
24290114,413,0,413
24290115,436,9,427
24290116,451,2,449
24290117,559,20,539
24290118,535,2,533
24290119,541,4,537
24290120,562,7,555
24290121,549,2,547
24290122,415,0,415
24290123,541,9,532
24290124,496,10,486
24290125,455,23,432
24290126,539,3,536
24290127,565,8,557
24290128,521,7,514
24290129,768,17,751
24290130,413,3,410
24290131,679,26,653
24290132,535,1,534
24290133,862,2,860
24290134,582,0,582
24290135,549,28,521
24290136,375,3,372
24290137,810,3,807
24290138,678,2,676
24290139,421,12,409
24290140,1376,8,1368
24290141,504,5,499
24290142,711,5,706
24290143,716,2,714
24290144,387,4,383
24290145,540,5,535
24290146,519,1,518
24290147,94,34,60
24300040,0,0,0
24300041,579,23,556
24300042,469,12,457
24300043,599,6,593
24300044,724,14,710
24300045,420,1,419
24300046,574,1,573
24300047,369,5,364
24300048,472,7,465
24300049,457,4,453
24300050,368,2,366
24300051,1171,7,1164
24300052,335,0,335
24300053,445,2,443
24300054,431,1,430
24300055,332,0,332
24300056,209,4,205
24300057,392,7,385
24300058,347,1,346
24300059,416,1,415
24300060,460,6,454
24300061,761,29,732
24300062,620,1,619
24300063,731,26,705
24300064,525,2,523
24300065,427,4,423
24300066,308,21,287
24300067,178,6,172
24300068,361,13,348
24300069,949,5,944
24300070,705,11,694
24300071,412,4,408
24300072,608,3,605
24300073,532,1,531
24300074,698,3,695
24300075,313,5,308
24300076,343,4,339
24300077,469,15,454
24300078,457,21,436
24300079,369,3,366
24300080,650,3,647
24300081,479,2,477
24300082,435,1,434
24300083,496,4,492
24310067,369,15,354
24310068,312,9,303
24310069,351,11,340
24310070,441,1,440
24310071,538,2,536
24310072,533,6,527
24310073,392,3,389
24310074,480,9,471
24310075,612,0,612
24310076,572,2,570
24310077,837,1,836
24310078,167,2,165
24310079,389,1,388
24310080,718,14,704
24310081,370,12,358
24310082,387,2,385
24310083,479,6,473
24310084,378,3,375
24310085,420,17,403
24310086,291,2,289
24310087,447,5,442
24310088,472,2,470
24310089,442,34,408
24310090,474,4,470
24310091,481,53,428
24310092,498,9,489
24310093,477,4,473
24310094,587,2,585
24310095,513,4,509
24310096,585,5,580
24310097,506,2,504
24310098,568,12,556
24310099,640,4,636
24310100,599,4,595
24310101,323,3,320
24310102,427,1,426
24310103,445,5,440
24310104,337,5,332
24310105,422,18,404
24310106,426,7,419
24310107,451,3,448
24310108,366,18,348
24310109,505,1,504
24310110,437,20,417
24310111,797,13,784
24310112,529,1,528
24310113,461,2,459
24310114,505,2,503
24310115,437,2,435
24310116,456,2,454
24310117,425,0,425
24310120,548,2,546
24310121,188,3,185
24310122,259,4,255
24310123,374,2,372
24310124,478,1,477
24310125,391,1,390
24310126,403,3,400
24310127,373,5,368
24310128,563,9,554
24310129,572,3,569
24310130,441,6,435
24310131,448,10,438
24310132,409,5,404
24310133,485,3,482
24310134,453,4,449
24310135,474,1,473
24310136,654,11,643
24310137,569,10,559
24310138,493,3,490
24310139,582,9,573
24310140,318,26,292
24310141,716,2,714
24310142,402,0,402
24310143,395,1,394
24310144,549,4,545
24310145,537,4,533
24310146,512,3,509
24310147,458,10,448
24310148,407,3,404
24310149,437,9,428
24310150,386,8,378
24310151,458,5,453
24310152,448,15,433
24310153,771,3,768
24310154,594,4,590
24310156,337,3,334
24320035,424,3,421
24320036,591,5,586
24320037,534,2,532
24320038,454,6,448
24320039,433,8,425
24320040,437,5,432
24320041,664,1,663
24320042,489,3,486
24320043,497,1,496
24320044,408,11,397
24320045,453,5,448
24320046,546,37,509
24320047,457,6,451
24320048,454,2,452
24320049,527,4,523
24320050,514,7,507
24320051,455,0,455
24320052,405,4,401
24320053,436,8,428
24320054,596,3,593
24320055,491,2,489
24320056,447,0,447
24320057,645,16,629
24320058,698,8,690
24320059,459,3,456
24320060,613,2,611
24320061,501,5,496
24320062,539,5,534
24320063,651,2,649
24320064,598,3,595
24320065,676,5,671
24320066,480,3,477
24320067,918,3,915
24320068,1074,1,1073
24320069,434,2,432
24320070,609,3,606
24320071,527,3,524
24320072,421,5,416
24320073,398,2,396
24320074,451,1,450
24320075,776,3,773
24320076,521,1,520
24320077,393,0,393
24330041,897,5,892
24330042,468,3,465
24330043,750,17,733
24330044,633,0,633
24330045,741,1,740
24330046,1840,5,1835
24330047,485,3,482
24330048,404,1,403
24330049,393,9,384
24330050,476,8,468
24330051,797,10,787
24330052,417,5,412
24330053,450,8,442
24330054,339,0,339
24330055,528,4,524
24330056,492,1,491
24330057,557,2,555
24330058,491,7,484
24330059,468,12,456
24330060,416,3,413
24330061,562,1,561
24330062,611,12,599
24330063,971,2,969
24330064,1080,6,1074
24330065,1009,8,1001
24330066,387,0,387
24330067,549,18,531
24330068,501,3,498
24330069,985,26,959
24330070,1072,6,1066
24330071,553,18,535
24330072,1059,6,1053
24330073,407,2,405
24330074,745,5,740
24330075,554,12,542
24330076,484,3,481
24330077,538,13,525
24330078,477,3,474
24330079,537,1,536
24330080,637,4,633
24330081,514,24,490
24330082,429,18,411
24330083,478,3,475
24330084,473,1,472
24330085,394,2,392
24330086,296,0,296
24330087,413,1,412
24330088,367,3,364
24330089,642,7,635
24330090,413,0,413
24330091,490,4,486
24330092,723,3,720
24330093,571,2,569
24330094,376,1,375
24340074,0,0,0
24340075,2,0,2
24340076,489,5,484
24340077,488,11,477
24340078,596,2,594
24340079,584,2,582
24340080,745,7,738
24340081,528,9,519
24340082,484,0,484
24340083,676,10,666
24340084,490,5,485
24340085,460,19,441
24340086,688,1,687
24340087,827,5,822
24340088,760,0,760
24340089,534,0,534
24340090,486,4,482
24340091,418,3,415
24340092,446,3,443
24340093,478,3,475
24340094,453,4,449
24340095,959,7,952
24340096,1437,8,1429
24340097,801,9,792
24340098,494,2,492
24340099,547,2,545
24340100,318,8,310
24340101,561,6,555
24340102,619,25,594
24340103,754,18,736
24340104,599,7,592
24340105,519,4,515
24340106,1030,11,1019
24340107,460,14,446
24340108,545,0,545
24340109,372,3,369
24340110,466,5,461
24340111,2360,6,2354
24340112,528,38,490
24340113,771,6,765
24340114,582,4,578
24340115,451,11,440
24340116,455,1,454
24340117,699,12,687
24340118,590,1,589
24340119,402,1,401
24340120,486,2,484
24340121,603,1,602
24340122,529,1,528
24340123,1028,13,1015
24340124,1515,1,1514
24340125,564,3,561
24340126,502,3,499
24340127,483,6,477
24340128,525,14,511
24340129,481,19,462
24340130,689,5,684
24340131,852,10,842
24340132,522,3,519
24340133,711,4,707
24340134,512,1,511
24340135,649,8,641
24340136,605,0,605
24340137,660,4,656
24340138,520,6,514
24340139,521,1,520
24340140,658,5,653
24340141,459,12,447
24340142,605,1,604
24340143,299,16,283
24340144,432,5,427
24340145,404,4,400
24340146,446,1,445
24340147,439,71,368
24340148,392,1,391
24340149,513,3,510
24340150,655,2,653
24340151,500,1,499
24340152,565,5,560
24340153,445,4,441
24340154,379,4,375
24340155,518,4,514
24340156,291,8,283
24340157,367,12,355
24340158,509,5,504
24340159,526,7,519
24340160,642,12,630
24340161,710,21,689
24340162,550,7,543
24340163,0,0,0
24340164,580,40,540
24340165,0,0,0
24350026,5,0,5
24350027,383,0,383
24350028,489,4,485
24350029,429,9,420
24350030,322,2,320
24350031,437,5,432
24350032,453,3,450
24350033,406,3,403
24350034,434,1,433
24350035,523,15,508
24350036,646,1,645
24350037,400,2,398
24350038,292,3,289
24350039,430,4,426
24350040,526,5,521
24350041,534,2,532
24350042,403,4,399
24350043,318,1,317
24350044,401,2,399
24350045,395,1,394
24350046,507,3,504
24350047,500,9,491
24350048,250,0,250
24350049,600,4,596
24350050,425,0,425
24350051,445,1,444
24350052,422,0,422
24350053,469,2,467
24350054,439,11,428
24350055,9,9,0
24350056,2,0,2
24350057,2,0,2
24360079,1360,7,1353
24360080,594,6,588
24360081,1007,7,1000
24360082,936,5,931
24360083,527,3,524
24360084,636,14,622
24360085,681,45,636
24360086,571,25,546
24360087,576,2,574
24360088,418,7,411
24360089,423,2,421
24360090,435,3,432
24360091,418,29,389
24360092,378,8,370
24360093,480,11,469
24360094,450,2,448
24360095,495,9,486
24360096,352,1,351
24360097,487,3,484
24360098,475,2,473
24360099,335,1,334
24360100,444,2,442
24360101,595,3,592
24360102,378,2,376
24360103,459,15,444
24360104,537,4,533
24360105,428,5,423
24360106,427,23,404
24360107,506,2,504
24360108,373,2,371
24360109,525,2,523
24360110,453,17,436
24360111,483,2,481
24360112,609,9,600
24360113,566,3,563
24360114,588,4,584
24360115,406,4,402
24360116,444,5,439
24360117,802,2,800
24360118,1458,7,1451
24360119,457,1,456
24360120,393,0,393
24360121,475,4,471
24360122,460,3,457
24360123,531,3,528
24360124,417,25,392
24360125,753,1,752
24360126,651,5,646
24360127,571,5,566
24360128,748,0,748
24360129,349,4,345
24360130,452,8,444
24360131,503,4,499
24360132,420,2,418
24360133,719,14,705
24360134,453,2,451
24360135,654,5,649
24360136,448,4,444
24360137,522,4,518
24360138,439,0,439
24360139,470,2,468
24360140,556,3,553
24360141,517,3,514
24360142,425,4,421
24360143,477,2,475
24360144,520,8,512
24360145,777,4,773
24360146,767,1,766
24360147,557,5,552
24360148,343,3,340
24360149,339,0,339
24360150,440,5,435
24360151,460,7,453
24360152,457,5,452
24360153,620,85,535
24360154,672,7,665
24360155,547,2,545
24360156,456,10,446
24360157,440,3,437
24360158,536,5,531
24360159,416,10,406
24360160,389,3,386
24360161,551,13,538
24360162,747,13,734
24360163,476,2,474
24360164,499,6,493
24360165,691,9,682
24370016,716,9,707
24370017,511,3,508
24370018,383,3,380
24370019,418,22,396
24370020,359,3,356
24370021,413,5,408
24370022,441,6,435
24370023,471,2,469
24370024,344,0,344
24370025,360,3,357
24370026,618,5,613
24370027,379,0,379
24370028,424,1,423
24370029,476,1,475
24370030,403,0,403
24370031,398,1,397
24370032,394,6,388
24370033,364,1,363
24370034,376,7,369
24370035,507,0,507
24370036,369,0,369
24370037,537,2,535
24370038,391,0,391
24370039,348,2,346
24370040,544,1,543
24370041,431,0,431
24370042,374,6,368
24370043,460,1,459
24370044,349,2,347
24370045,441,5,436
24370046,446,5,441
24370047,392,5,387
24370048,690,7,683
24370049,1070,22,1048
24370050,526,3,523
24370051,1864,12,1852
24370052,596,12,584
24370053,439,10,429
24370054,401,4,397
24370055,465,4,461
24370056,559,7,552
24370057,396,10,386
24370058,383,8,375
24370059,363,7,356
24370060,532,0,532
24370062,455,5,450
24370063,343,3,340
24370064,353,6,347
24370065,361,7,354
24370066,353,4,349
24370067,539,7,532
24370068,533,5,528
24370069,531,8,523
24370070,515,1,514
24370071,561,2,559
24370072,346,2,344
24370073,385,2,383
24370074,359,3,356
24370081,619,5,614
24370082,567,15,552
24370083,567,5,562
24370084,565,10,555
24370085,1309,2,1307
24370086,438,4,434
24370087,875,7,868
24370088,448,5,443
24370089,352,5,347
24370090,352,4,348
24370091,422,3,419
24370092,396,7,389
24370093,516,5,511
24370094,324,1,323
24370095,500,4,496
24370096,371,0,371
24370097,487,6,481
24370098,450,0,450
24370099,501,5,496
24370100,607,4,603
24370101,436,1,435
24370102,443,1,442
24370103,461,3,458
24370104,459,0,459
24370105,416,5,411
24370106,500,6,494
24370107,470,5,465
24370108,362,5,357
24370109,394,2,392
24370110,429,3,426
24370111,373,5,368
24370112,376,8,368
24370113,307,0,307
24370114,458,9,449
24370115,455,3,452
24370116,710,1,709
24370117,199,0,199
24370118,458,3,455
24370119,365,4,361
24370120,413,1,412
24370121,353,7,346
24370122,341,3,338
24370123,388,5,383
24370124,309,1,308
24370125,406,1,405
24370126,364,2,362
24370127,462,5,457
24370128,476,20,456
24370129,304,1,303
24370130,410,1,409
24370131,470,9,461
24370132,261,1,260
24370133,423,1,422
24370134,619,3,616
24370135,587,1,586
24370136,383,3,380
24370137,433,5,428
24370138,439,3,436
24370139,407,1,406
24370140,422,0,422
24370141,588,17,571
24370142,364,2,362
24370143,384,12,372
24370144,492,0,492
24370145,447,22,425
24370146,733,8,725
24370147,481,4,477
24370148,506,2,504
24370149,525,5,520
24370150,406,0,406
24370151,472,1,471
24370152,691,54,637
24370153,544,6,538
24370154,429,9,420
24370155,473,3,470
24370156,448,6,442
24370157,343,10,333
24370158,221,1,220
24370159,434,3,431
24370160,626,18,608
24370161,496,9,487
24370162,409,5,404
24370163,358,1,357
24370164,708,5,703
24370165,653,15,638
24370166,1244,56,1188
24370167,657,5,652
24370168,408,5,403
24370169,631,5,626
24370170,459,6,453
24370171,392,2,390
24370172,652,9,643
24370173,360,5,355
24370174,440,10,430
24370177,334,3,331
24370178,383,6,377
24370179,397,2,395
24370180,416,0,416
24370181,447,2,445
24370182,1229,1,1228
24370183,478,1,477
24370184,327,1,326
24370185,841,3,838
24370186,1176,5,1171
24370187,440,1,439
24370188,329,2,327
24370189,332,1,331
24370190,427,15,412
24370191,274,1,273
24370192,388,1,387
24370193,308,1,307
24370194,372,3,369
24370196,753,32,721
24370197,470,7,463
24370198,303,7,296
24370199,441,0,441
24370200,1268,10,1258
24370201,402,7,395
24370202,509,2,507
24370203,572,2,570
24370211,912,23,889
24370213,512,7,505
24370214,1303,8,1295
24370215,304,1,303
24370216,1299,6,1293
24370218,460,10,450
24370219,727,12,715
24370231,717,17,700
24370232,627,12,615
24370233,479,15,464
24370234,438,8,430
24370235,528,1,527
24370236,433,15,418
24370237,567,13,554
24370238,337,3,334
24370239,362,7,355
24370249,520,11,509
24370250,461,5,456
24370251,538,0,538
24370252,464,1,463
24370253,550,2,548
24370254,620,3,617
24370255,574,5,569
24370256,609,4,605
24370257,557,2,555
24370258,708,4,704
24370259,386,2,384
24370260,1754,3,1751
24370261,2421,39,2382
24370262,663,9,654
24370263,803,1,802
24370264,969,34,935
24370265,648,38,610
24370266,1238,11,1227
24370267,424,4,420
24370268,726,3,723
24370269,414,4,410
24370270,677,3,674
24370271,737,5,732
24370272,377,43,334
24370273,690,13,677
24370274,567,11,556
24370275,786,5,781
24370276,613,17,596
24370277,709,7,702
24370278,1087,1,1086
24370279,505,3,502
24370280,508,2,506
24370281,478,2,476
24370282,535,15,520
24370283,664,3,661
24370284,570,10,560
24370285,504,7,497
24370286,477,10,467
24370287,649,34,615
24370288,593,3,590
24370289,546,3,543
24370290,376,11,365
24370291,514,3,511
24370292,603,6,597
24370293,659,8,651
24370294,517,4,513
24370295,381,7,374
24370296,448,1,447
24370297,540,8,532
24370298,531,5,526
24370299,513,57,456
24370300,514,36,478
24370301,459,8,451
24370302,1070,10,1060
24370303,500,9,491
24370304,643,5,638
24370305,1595,8,1587
24370306,1240,21,1219
24370307,1164,12,1152
24370308,986,34,952
24370309,972,8,964
24370310,1040,5,1035
24370311,591,3,588
24370312,347,3,344
24370313,1062,13,1049
24370314,1295,10,1285
24370315,2667,55,2612
24370316,709,5,704
24370317,751,12,739
24370318,2748,8,2740
24370319,736,13,723
24380034,441,6,435
24380035,536,1,535
24380036,625,8,617
24380037,379,2,377
24380038,378,0,378
24380039,357,6,351
24380040,546,0,546
24380041,482,8,474
24380042,330,4,326
24380043,337,3,334
24380044,495,0,495
24380045,468,3,465
24380046,505,20,485
24380047,476,0,476
24380048,497,0,497
24380049,414,2,412
24380050,401,5,396
24380051,506,6,500
24380052,418,4,414
24380053,201,122,79
24380055,1313,12,1301
24380056,601,7,594
24380057,696,6,690
24380060,270,4,266
24380061,373,2,371
24380062,531,2,529
24380063,856,6,850
24380064,356,2,354
24380065,42,23,19
24380066,1050,7,1043
24380067,305,1,304
24380068,380,1,379
24380069,424,0,424
24380070,453,2,451
24380071,390,3,387
24380072,348,0,348
24380073,313,5,308
24380074,444,0,444
24380075,412,4,408
24380076,0,0,0
24380077,467,3,464
24380079,1560,11,1549
24390086,512,0,512
24390087,482,23,459
24390088,383,3,380
24390089,466,2,464
24390090,508,1,507
24390091,3173,47,3126
24390093,501,1,500
24390094,780,4,776
24390095,459,1,458
24390096,411,0,411
24390097,566,7,559
24390098,322,15,307
24390099,407,23,384
24390100,404,0,404
24390101,388,4,384
24390102,318,0,318
24390103,442,4,438
24390104,429,40,389
24390105,362,1,361
24390106,395,4,391
24390107,373,0,373
24390108,520,3,517
24390109,921,9,912
24390110,359,1,358
24390111,429,3,426
24390112,445,4,441
24390113,526,12,514
24390114,377,0,377
24390115,385,2,383
24390116,461,2,459
24390117,420,3,417
24390118,486,6,480
24390119,454,2,452
24390120,397,10,387
24390121,622,2,620
24390122,240,6,234
24390123,455,1,454
24390124,187,5,182
24390125,409,2,407
24390126,557,6,551
24390127,558,4,554
24390128,379,3,376
24390129,544,2,542
24390130,1486,19,1467
24390131,1454,41,1413
24390132,1044,5,1039
24390133,541,3,538
24390134,595,4,591
24390135,505,1,504
24390136,434,1,433
24390137,396,1,395
24390138,524,7,517
24390139,545,8,537
24390140,507,1,506
24390141,754,1,753
24390142,392,9,383
24390143,403,13,390
24390144,339,0,339
24390145,759,1,758
24390146,1179,28,1151
24390147,855,2,853
24390148,372,1,371
24390149,706,1,705
24390150,917,6,911
24390151,654,27,627
24390152,693,26,667
24390153,695,24,671
24390154,677,1,676
24390155,474,4,470
24390156,419,1,418
24390157,518,1,517
24390158,752,10,742
24390159,341,3,338
24390160,367,1,366
24390161,375,3,372
24390162,362,0,362
24390163,395,1,394
24390164,375,7,368
24390165,452,3,449
24390166,397,2,395
24390167,342,1,341
24390168,323,3,320
24390169,632,0,632
24390170,449,6,443
24390171,451,1,450
24390172,585,17,568
24390173,479,5,474
24390174,359,0,359
24390175,427,0,427
24390176,612,3,609
24390177,521,1,520
24390178,438,2,436
24390179,421,6,415
24390180,404,2,402
24390181,627,7,620
24390182,487,14,473
24390183,419,14,405
24390184,424,1,423
24390185,390,0,390
24390186,569,13,556
24390187,309,2,307
24390188,443,3,440
24390189,376,1,375
24390190,422,0,422
24390191,410,2,408
24390192,610,3,607
24390193,483,0,483
24390194,353,12,341
24390195,514,1,513
24390196,505,12,493
24390197,530,0,530
24390198,562,4,558
24390199,759,2,757
24390200,409,0,409
24390201,593,3,590
24390202,439,4,435
24390203,462,19,443
24390204,486,12,474
24390205,440,2,438
24390206,456,2,454
24390207,382,8,374
24390208,388,2,386
24390209,317,2,315
24390210,457,6,451
24390211,415,3,412
24390212,421,0,421
24390213,425,0,425
24390214,258,2,256
24390215,598,13,585
24390216,311,2,309
24390217,438,6,432
24390218,522,1,521
24390219,408,8,400
24390220,400,6,394
24390221,1278,34,1244
24390222,262,1,261
24400023,528,3,525
24400024,542,2,540
24400025,380,0,380
24400026,428,6,422
24400027,578,2,576
24400028,406,4,402
24400029,423,5,418
24400030,515,2,513
24400031,518,6,512
24400032,514,5,509
24400033,498,4,494
24400034,600,21,579
24400035,448,6,442
24400036,531,3,528
24400037,529,3,526
24400038,416,23,393
24400039,375,6,369
24400040,506,5,501
24400041,489,21,468
24400042,457,3,454
24400043,403,4,399
24400044,414,5,409
24400045,407,20,387
24400046,446,7,439
24400047,395,2,393
24400048,505,22,483
24400049,452,4,448
24400050,459,0,459
24400051,534,2,532
24400052,222,4,218
24410037,452,3,449
24410038,792,27,765
24410039,483,15,468
24410040,405,7,398
24410041,441,1,440
24410042,462,0,462
24410043,671,7,664
24410044,556,2,554
24410045,548,0,548
24410046,539,24,515
24410047,434,9,425
24410048,505,8,497
24410049,486,7,479
24410050,626,5,621
24410051,654,6,648
24410052,496,3,493
24410053,394,11,383
24410054,466,1,465
24410055,701,7,694
24410056,507,1,506
24410057,640,6,634
24410058,505,7,498
24410059,488,1,487
24410060,346,1,345
24410061,345,7,338
24410062,741,25,716
24410063,273,4,269
24410064,769,4,765
24410065,172,1,171
24410066,460,7,453
24410067,433,2,431
24410068,635,6,629
24410069,680,3,677
24410070,608,1,607
24410071,539,2,537
24410072,563,24,539
24410073,582,1,581
24410074,792,5,787
24410075,934,8,926
24410076,957,17,940
24420040,386,0,386
24420041,538,7,531
24420042,485,6,479
24420043,424,4,420
24420044,460,2,458
24420045,468,0,468
24420046,441,2,439
24420047,514,2,512
24420048,434,25,409
24420049,682,2,680
24420050,353,8,345
24420051,405,1,404
24420052,395,1,394
24420053,141,23,118
24420054,664,1,663
24420055,644,57,587
24420056,476,1,475
24420057,408,1,407
24420058,390,17,373
24420059,301,3,298
24420060,380,9,371
24420061,557,5,552
24420062,586,5,581
24420063,421,62,359
24420064,634,0,634
24420065,615,5,610
24420066,590,2,588
24420067,832,15,817
24420068,770,12,758
24420069,782,14,768
24420070,1009,42,967
24420071,755,7,748
24420072,469,9,460
24420073,689,4,685
24420074,451,11,440
24420075,666,2,664
24420076,521,21,500
24420077,429,4,425
24420078,441,8,433
24420080,431,7,424
24420081,408,0,408
24420082,429,3,426
24420083,334,20,314
24420084,489,2,487
24420085,568,1,567
24420086,628,5,623
24420087,509,1,508
24420088,493,4,489
24420090,640,2,638
24420091,556,4,552
24420092,435,2,433
24420093,678,6,672
24420094,441,0,441
24420095,614,10,604
24420096,845,22,823
24420097,554,2,552
24420099,642,15,627
24430011,572,10,562
24430012,665,29,636
24430013,648,4,644
24430014,534,2,532
24430015,449,5,444
24430016,441,6,435
24430017,344,8,336
24430018,414,9,405
24430019,402,5,397
24430020,273,6,267
24430021,398,23,375
24430022,823,5,818
24430023,608,10,598
24430024,1277,8,1269
24430025,900,17,883
24430026,615,8,607
24430027,712,1,711
24430028,216,4,212
24430029,371,3,368
24430030,299,0,299
24430031,568,8,560
24430032,412,2,410
24430033,443,27,416
24430034,579,2,577
24430035,488,6,482
24430036,505,4,501
24430037,313,3,310
24430038,358,2,356
24430039,575,6,569
24430040,326,1,325
24430041,403,5,398
24430042,522,5,517
24430043,754,6,748
24430044,353,1,352
24430045,380,0,380
24430046,134,14,120
24430047,360,4,356
24430048,437,1,436
24430049,418,3,415
24430050,433,0,433
24430051,565,25,540
24430052,384,6,378
24430053,439,0,439
24430054,681,0,681
24430055,489,2,487
24430057,528,6,522
24430058,342,2,340
24430059,412,1,411
24430060,471,0,471
24430061,402,6,396
24430064,837,11,826
24430066,1289,7,1282
24430067,835,0,835
24430069,827,0,827
24430070,662,0,662
24430071,592,26,566
24430072,1806,8,1798
24430073,730,1,729
24430074,617,16,601
24430075,902,2,900
24430077,448,6,442
24430078,525,12,513
24430079,405,0,405
24430080,362,6,356
24430081,771,29,742
24430082,406,1,405
24430083,356,4,352
24430084,808,12,796
24430085,379,12,367
24430086,497,22,475
24430087,483,11,472
24430088,498,1,497
24430089,1331,52,1279
24430091,655,4,651
24430092,298,1,297
24430094,471,1,470
24430119,541,1,540
24430120,494,2,492
24430121,649,4,645
24430122,481,7,474
24430123,441,11,430
24430124,454,6,448
24430125,414,3,411
24430126,449,2,447
24430127,474,2,472
24430128,486,3,483
24430129,504,8,496
24430130,455,5,450
24430131,400,0,400
24430132,436,7,429
24430133,425,16,409
24430134,318,3,315
24430135,401,22,379
24430136,484,2,482
24430137,797,32,765
24430138,354,3,351
24430139,497,15,482
24430147,552,5,547
24430148,452,4,448
24430149,475,6,469
24430150,783,4,779
24430151,470,0,470
24430152,542,2,540
24430153,461,6,455
24430154,483,12,471
24430155,659,20,639
24430156,480,4,476
24430157,1018,9,1009
24430158,434,8,426
24430159,381,4,377
24430160,498,3,495
24430161,593,9,584
24430162,564,24,540
24430163,402,3,399
24430164,398,2,396
24430165,515,6,509
24430166,506,9,497
24430167,637,6,631
24430168,365,1,364
24430169,1170,3,1167
24430172,701,4,697
24430173,460,2,458
24430174,1075,14,1061
24430175,371,3,368
24430176,364,5,359
24430177,374,7,367
24430178,493,7,486
24430179,564,8,556
24430180,574,3,571
24430207,429,2,427
24430217,425,1,424
24430218,567,0,567
24430220,798,3,795
24430221,679,5,674
24430222,1292,14,1278
24430223,565,2,563
24430224,511,24,487
24430225,1133,12,1121
24430226,731,3,728
24430227,787,12,775
24430228,551,12,539
24430229,1065,9,1056
24430230,660,18,642
24430231,451,7,444
24430232,610,3,607
24430233,558,7,551
24430234,1114,7,1107
24430235,497,5,492
24430236,552,8,544
24430237,618,2,616
24430238,601,6,595
24430239,506,11,495
24430240,713,13,700
24430241,485,5,480
24430242,536,2,534
24430243,1191,3,1188
24430244,1396,3,1393
24430245,940,1,939
24430246,2325,7,2318
24430247,712,32,680
24430248,566,11,555
24430249,570,17,553
24430250,622,10,612
24430251,427,0,427
24430252,713,0,713
24430253,471,0,471
24430254,460,4,456
24430255,637,5,632
24430256,1014,8,1006
24430257,533,4,529
24430258,472,3,469
24430259,497,6,491
24430260,742,5,737
24430261,543,19,524
24430262,558,1,557
24430263,599,9,590
24430264,715,6,709
24430265,593,1,592
24430266,724,8,716
24430267,1388,12,1376
24430268,494,6,488
24430269,582,6,576
24430270,609,20,589
24430271,494,6,488
24430272,603,3,600
24430273,561,5,556
24430274,535,4,531
24430275,898,13,885
24430276,409,9,400
24430277,513,8,505
24430278,1446,6,1440
24430279,265,7,258
24430280,771,5,766
24430281,534,7,527
24430282,533,7,526
24430283,949,1,948
24430284,700,15,685
24430285,773,7,766
24430286,485,2,483
24430287,464,4,460
24430288,2325,18,2307
24430289,512,5,507
24430290,518,6,512
24430291,832,5,827
24430292,707,9,698
24430293,556,11,545
24430294,537,1,536
24430295,1030,3,1027
24430296,856,6,850
24430297,450,4,446
24430298,425,2,423
24430299,435,6,429
24430300,467,5,462
24430301,2912,10,2902
24430302,1252,7,1245
24430303,1048,10,1038
24430304,717,4,713
24430305,474,10,464
24430306,1047,8,1039
24430307,750,48,702
24430308,701,6,695
24430309,805,5,800
24430310,533,10,523
24430311,1573,10,1563
24430312,633,22,611
24430314,835,10,825
24430315,932,26,906
24430317,930,5,925
24430318,639,1,638
24430319,824,19,805
24430322,31,27,4
24430323,1730,17,1713
24430324,1459,20,1439
24430325,749,5,744
24430326,821,4,817
24430327,388,8,380
24430328,438,6,432
24430329,644,3,641
24430330,78,39,39
24430331,1292,9,1283
24430332,847,0,847
24430333,725,4,721
24430334,2826,55,2771
24430335,265,1,264
24430336,276,4,272
24430338,2792,22,2770
24430339,802,0,802
24430340,457,9,448
24430342,294,0,294
24440031,428,2,426
24440032,565,16,549
24440033,655,15,640
24440034,690,10,680
24440035,687,5,682
24440036,522,21,501
24440037,691,5,686
24440038,513,0,513
24440039,443,0,443
24440040,616,25,591
24440041,448,4,444
24440042,460,2,458
24440043,484,20,464
24440044,435,5,430
24440045,426,5,421
24440046,645,3,642
24440047,546,8,538
24440048,513,2,511
24440049,546,16,530
24440050,468,3,465
24440051,644,15,629
24440052,271,26,245
24440053,542,2,540
24440054,506,11,495
24440055,508,4,504
24440056,487,4,483
24440057,409,4,405
24440058,875,4,871
24440059,591,3,588
24440060,268,1,267
24440061,699,2,697
24440062,686,20,666
24440063,270,1,269
24440064,97,38,59
24440065,483,1,482
24440066,517,4,513
24450076,1050,35,1015
24450077,1071,3,1068
24450078,1064,4,1060
24450079,1342,6,1336
24450080,725,0,725
24450081,653,4,649
24450082,612,1,611
24450083,543,3,540
24450084,456,1,455
24450085,505,1,504
24450086,380,9,371
24450087,341,1,340
24450088,421,2,419
24450089,467,3,464
24450090,249,2,247
24450091,292,15,277
24450092,463,30,433
24450093,485,6,479
24450094,623,6,617
24450095,454,0,454
24450096,616,6,610
24450097,612,6,606
24450098,857,21,836
24450099,434,6,428
24450100,426,3,423
24450101,408,2,406
24450102,412,14,398
24450103,453,3,450
24450104,794,3,791
24450105,1017,9,1008
24450106,870,99,771
24450107,613,8,605
24450108,1013,6,1007
24450109,614,9,605
24450110,568,1,567
24450111,686,5,681
24450112,439,5,434
24450113,603,18,585
24450114,652,1,651
24450115,1649,68,1581
24450116,652,2,650
24450118,675,2,673
24450119,1262,20,1242
24450120,749,11,738
24450121,1073,12,1061
24450122,1212,14,1198
24450123,455,48,407
24450124,188,0,188
24450125,420,2,418
24450126,546,2,544
24450127,632,8,624
24450128,475,5,470
24450129,814,2,812
24450130,553,30,523
24450131,494,15,479
24450132,499,9,490
24450133,987,5,982
24450134,681,2,679
24450135,583,3,580
24450136,623,5,618
24450137,653,6,647
24450138,434,4,430
24450139,663,7,656
24450140,969,15,954
24450141,539,20,519
24450142,0,0,0
24450143,439,4,435
24450144,620,3,617
24450145,750,8,742
24450146,588,4,584
24450147,543,5,538
24450148,650,12,638
24450149,484,6,478
24450150,528,4,524
24450151,505,21,484
24450152,587,3,584
24450153,673,2,671
24450154,650,17,633
24450155,798,16,782
24460071,420,13,407
24460072,402,20,382
24460073,445,1,444
24460074,517,22,495
24460075,551,2,549
24460076,498,11,487
24460077,430,1,429
24460078,624,5,619
24460079,305,6,299
24460080,559,3,556
24460081,494,1,493
24460082,438,2,436
24460083,606,26,580
24460084,802,4,798
24460085,502,1,501
24460086,481,0,481
24460087,425,0,425
24460088,1266,3,1263
24460089,354,2,352
24460090,396,0,396
24460091,932,4,928
24460092,969,1,968
24460093,276,41,235
24460094,414,1,413
24460095,523,1,522
24460096,437,29,408
24460097,440,4,436
24460098,699,5,694
24460099,474,1,473
24460100,470,0,470
24460101,595,1,594
24460102,491,1,490
24460103,541,15,526
24460104,73,34,39
24460105,0,0,0
24460106,0,0,0
24460107,193,0,193
24460108,574,38,536
24460109,475,1,474
24460110,543,5,538
24460111,449,3,446
24460112,450,9,441
24460113,384,16,368
24460114,749,1,748
24460115,476,7,469
24460116,495,1,494
24460117,484,2,482
24460118,515,2,513
24460119,512,7,505
24460120,358,3,355
24460121,487,1,486
24460122,472,2,470
24460123,532,3,529
24460124,435,0,435
24460125,862,18,844
24460126,475,5,470
24460127,630,2,628
24460128,661,8,653
24460129,693,4,689
24460130,338,65,273
24460131,528,3,525
24460132,362,3,359
24460133,530,37,493
24460134,537,7,530
24460135,493,2,491
24460136,330,2,328
24460137,278,5,273
24460138,522,2,520
24460139,319,1,318
24460140,528,3,525
24460141,335,9,326
24460142,399,6,393
24460143,465,2,463
24460144,658,3,655
24460145,538,5,533
24460146,605,9,596
24460147,541,51,490
24460148,543,1,542
24460149,572,16,556
24460150,547,0,547
24460151,436,56,380
24460152,536,3,533
24460153,689,1,688
24460154,605,1,604
24460155,638,1,637
24460156,558,0,558
24460157,332,4,328
24460158,559,2,557
24460159,510,1,509
24460160,526,6,520
24460161,554,7,547
24460162,759,7,752
24460163,577,9,568
24460164,742,8,734
24460165,513,1,512
24460166,365,0,365
24460250,614,2,612
24460251,664,3,661
24460252,365,4,361
24460253,1020,4,1016
24460254,1127,2,1125
24460255,835,5,830
24460256,1697,5,1692
24460257,1789,139,1650
24460258,660,2,658
24460259,706,8,698
24470097,409,3,406
24470098,503,0,503
24470099,665,5,660
24470100,666,2,664
24470101,474,0,474
24470102,600,8,592
24470103,581,5,576
24470104,821,3,818
24470105,525,1,524
24470106,373,9,364
24470107,447,0,447
24470108,515,3,512
24470109,340,2,338
24470110,387,21,366
24470111,353,4,349
24470112,648,1,647
24470113,1078,6,1072
24470114,510,11,499
24470115,1050,6,1044
24470116,758,5,753
24470117,1101,8,1093
24470118,508,0,508
24470119,727,14,713
24470120,575,4,571
24470121,689,0,689
24470122,765,4,761
24470123,506,7,499
24470124,623,3,620
24470125,2373,14,2359
24470126,753,7,746
24470127,902,0,902
24470128,1022,5,1017
24470129,577,4,573
24470130,724,3,721
24470131,1055,28,1027
24470132,545,6,539
24470133,509,1,508
24470134,457,6,451
24470135,460,51,409
24470136,502,2,500
24470137,458,0,458
24470138,416,3,413
24470139,577,1,576
24470140,405,2,403
24470141,494,8,486
24470142,396,0,396
24470143,450,10,440
24470144,495,3,492
24470145,490,2,488
24470146,485,0,485
24470147,547,11,536
24470148,486,17,469
24470149,496,3,493
24470150,456,2,454
24470151,419,2,417
24470152,448,1,447
24470153,619,1,618
24470154,419,14,405
24470155,419,0,419
24470156,439,0,439
24470157,1035,4,1031
24470158,359,3,356
24470159,420,2,418
24470160,413,2,411
24470161,421,25,396
24470162,432,0,432
24470163,31,19,12
24470164,618,4,614
24470165,582,4,578
24470166,460,4,456
24470167,354,1,353
24470168,428,58,370
24470169,437,3,434
24470170,296,3,293
24470171,695,29,666
24470172,499,2,497
24470173,488,4,484
24470174,272,0,272
24470175,311,0,311
24470176,584,23,561
24470177,643,6,637
24470178,445,18,427
24470179,149,33,116
24470180,2048,17,2031
24470181,931,24,907
24470182,1232,14,1218
24470183,450,2,448
24470184,505,6,499
24470185,887,10,877
24470186,412,2,410
24470187,390,2,388
24470188,631,2,629
24470189,837,10,827
24470190,1406,9,1397
24470191,837,25,812
24470192,675,16,659
24470193,275,6,269
24470194,453,11,442
24470195,839,10,829
24470196,430,2,428
24470197,534,3,531
24470198,450,8,442
24470199,451,5,446
24470200,445,3,442
24470201,414,1,413
24470202,438,3,435
24470203,432,2,430
24470204,364,1,363
24470205,476,10,466
24470206,446,0,446
24470207,499,0,499
24470208,640,11,629
24470209,708,4,704
24470210,466,1,465
24470211,430,9,421
24470212,444,3,441
24470213,532,0,532
24470214,771,21,750
24470215,427,2,425
24470216,628,3,625
24470217,510,12,498
24470218,510,6,504
24470219,469,2,467
24470220,1138,18,1120
24470221,644,45,599
24470222,455,5,450
24470223,441,2,439
24470224,490,0,490
24470225,363,3,360
24470226,484,6,478
24470227,463,0,463
24470228,561,8,553
24470229,469,4,465
24470230,491,3,488
24470231,461,6,455
24470232,466,0,466
24470233,507,3,504
24470234,419,5,414
24470235,495,14,481
24470236,674,5,669
24470237,666,3,663
24470238,792,0,792
24470239,487,1,486
24470240,427,1,426
24470241,509,11,498
24470242,665,6,659
24470243,458,2,456
24470244,510,3,507
24470245,493,16,477
24470246,755,4,751
24470247,447,8,439
24470248,476,4,472
24470249,476,2,474
24470260,572,5,567
24470261,478,4,474
24480024,396,4,392
24480025,501,19,482
24480026,472,5,467
24480027,416,8,408
24480028,493,4,489
24480029,491,4,487
24480030,634,13,621
24480031,422,5,417
24480032,462,23,439
24480033,551,0,551
24480034,457,1,456
24480035,396,10,386
24480036,512,9,503
24480037,450,3,447
24480038,786,3,783
24480039,468,4,464
24480040,395,2,393
24480041,660,5,655
24480042,317,2,315
24480043,491,3,488
24480044,594,22,572
24480045,426,3,423
24480046,571,7,564
24480047,401,8,393
24480048,406,6,400
24480049,502,2,500
24480050,515,1,514
24480051,732,3,729
24480052,323,20,303
24480053,524,3,521
24480054,524,2,522
24490132,696,2,694
24490133,771,26,745
24490134,982,9,973
24490135,426,5,421
24490136,424,3,421
24490137,470,5,465
24490138,373,5,368
24490139,460,6,454
24490140,390,5,385
24490141,469,8,461
24490142,409,5,404
24490143,344,1,343
24490144,490,11,479
24490145,378,2,376
24490146,370,23,347
24490147,501,3,498
24490148,458,4,454
24490149,379,12,367
24490150,1347,8,1339
24490151,686,0,686
24490152,342,27,315
24490153,416,2,414
24490154,392,3,389
24490155,319,2,317
24490156,368,2,366
24490157,413,2,411
24490158,957,3,954
24490159,463,2,461
24490160,478,14,464
24490161,304,3,301
24490162,474,1,473
24490163,967,13,954
24490164,473,4,469
24490165,406,4,402
24490166,417,3,414
24490167,441,1,440
24490168,445,1,444
24490169,415,4,411
24490170,392,0,392
24490171,472,5,467
24490172,434,37,397
24490173,422,6,416
24490174,371,14,357
24490175,556,5,551
24490176,752,3,749
24490177,551,5,546
24490178,426,1,425
24490179,483,8,475
24490180,440,3,437
24490181,540,2,538
24490182,374,11,363
24490183,548,1,547
24490184,409,0,409
24490185,551,1,550
24490186,1016,9,1007
24490187,817,3,814
24490188,916,6,910
24490189,490,1,489
24490190,533,11,522
24490191,985,5,980
24490192,588,5,583
24490193,494,3,491
24490194,401,4,397
24490195,429,4,425
24490196,596,5,591
24490197,467,4,463
24490198,619,43,576
24490199,540,1,539
24490200,441,2,439
24490201,522,1,521
24490202,688,1,687
24490203,1118,13,1105
24490204,639,1,638
24490205,489,2,487
24490206,704,1,703
24490207,909,4,905
24490208,332,4,328
24490209,5020,6,5014
24490210,426,3,423
24490211,1563,10,1553
24490212,443,5,438
24490213,435,5,430
24490214,763,3,760
24490215,517,0,517
24490216,791,7,784
24490217,526,1,525
24490218,610,2,608
24490219,460,17,443
24490220,511,16,495
24490221,488,1,487
24490222,506,2,504
24490223,545,0,545
24490224,452,10,442
24490225,470,4,466
24490226,459,4,455
24490227,541,4,537
24490228,356,13,343
24490229,533,2,531
24490230,403,24,379
24490231,561,14,547
24490232,553,11,542
24490233,479,10,469
24490234,409,8,401
24490235,458,8,450
24490236,599,1,598
24490237,651,8,643
24490238,617,4,613
24490239,872,10,862
24490240,192,4,188
24490241,618,48,570
24490242,476,1,475
24490243,456,5,451
24490244,385,0,385
24490245,739,1,738
24490246,838,1,837
24490247,456,4,452
24490248,536,2,534
24490249,502,1,501
24490250,1041,46,995
24490251,426,30,396
24490252,445,3,442
24490253,456,7,449
24490254,529,4,525
24490255,636,10,626
24490256,1295,11,1284
24490257,493,3,490
24490258,433,1,432
24490259,749,11,738
24490260,121,0,121
24490261,353,2,351
24490262,415,13,402
24490263,402,2,400
24490264,396,0,396
24490265,519,1,518
24490266,730,4,726
24490267,227,1,226
24490268,395,4,391
24490269,385,5,380
24490270,561,7,554
24490271,914,1,913
24490272,376,2,374
24490273,560,8,552
24490274,352,3,349
24490275,442,2,440
24490276,383,9,374
24490277,447,4,443
24490278,421,1,420
24490279,449,3,446
24490280,470,1,469
24490281,347,0,347
24490282,420,0,420
24490283,416,27,389
24490284,451,1,450
24490285,388,2,386
24490286,466,3,463
24490287,437,1,436
24490288,419,4,415
24490289,272,7,265
24490290,436,5,431
24490291,330,4,326
24490292,514,9,505
24490293,449,11,438
24490294,424,3,421
24490295,443,5,438
24490296,311,6,305
24490297,460,10,450
24490298,1800,25,1775
24490299,618,227,391
24490300,587,5,582
24490301,413,0,413
24490302,416,1,415
24490303,521,19,502
24490304,383,15,368
24490305,412,4,408
24490306,466,12,454
24490307,465,1,464
24490308,659,5,654
24490309,395,0,395
24490310,585,5,580
24490311,515,2,513
24490312,532,7,525
24490313,434,2,432
24490314,624,0,624
24490315,488,3,485
24490316,545,32,513
24490317,352,5,347
24500048,440,3,437
24500049,490,10,480
24500050,459,1,458
24500051,248,4,244
24500052,592,16,576
24500053,401,15,386
24500054,1065,32,1033
24500055,609,2,607
24500056,433,5,428
24500057,487,4,483
24500058,454,4,450
24500059,401,3,398
24500060,360,1,359
24500061,302,1,301
24500062,519,16,503
24500063,319,2,317
24500064,441,1,440
24500065,541,1,540
24500066,327,6,321
24500067,308,3,305
24500068,391,0,391
24500069,268,0,268
24500070,443,8,435
24500071,0,0,0
24500072,386,4,382
24500073,384,13,371
24500074,449,308,141
24500075,441,31,410
24500076,437,6,431
24500077,603,4,599
24500078,0,0,0
24500079,0,0,0
24500080,425,15,410
24500081,447,8,439
24500082,457,3,454
24500083,0,0,0
24500084,520,0,520
24500085,495,30,465
24500086,476,0,476
24500087,614,20,594
24500088,494,19,475
24500089,670,15,655
24500090,530,20,510
24500091,405,2,403
24500092,462,1,461
24500093,444,0,444
24500094,426,2,424
24500095,632,2,630
24500096,533,1,532
24500097,570,0,570
24500098,781,21,760
24510043,772,14,758
24510044,588,7,581
24510045,544,17,527
24510047,612,1,611
24510048,523,2,521
24510049,450,4,446
24510050,594,13,581
24510051,305,5,300
24510052,624,3,621
24510053,690,5,685
24510054,755,1,754
24510055,557,6,551
24510056,843,9,834
24510057,479,11,468
24510058,992,6,986
24510060,800,1,799
24510061,633,17,616
24510062,860,41,819
24510063,819,13,806
24510064,789,5,784
24510065,392,4,388
24510066,585,3,582
24510067,518,0,518
24510068,646,13,633
24510069,576,16,560
24510070,536,10,526
24510071,548,5,543
24510072,432,12,420
24510073,369,8,361
24510074,561,1,560
24510075,833,4,829
24510076,496,9,487
24510077,503,14,489
24510078,541,1,540
24510079,644,2,642
24510080,491,3,488
24510081,654,4,650
24510082,664,15,649
24510083,663,7,656
24510084,572,3,569
24510085,527,20,507
24510086,539,20,519
24510087,505,3,502
24510088,419,2,417
24510089,428,5,423
24510090,479,8,471
24510091,567,7,560
24510092,495,10,485
24510093,446,9,437
24510094,433,1,432
24510095,578,6,572
24510096,475,18,457
24510098,724,13,711
24510099,860,2,858
24510101,722,5,717
24510102,468,2,466
24510103,1023,13,1010
24510105,703,8,695
24510106,655,8,647
24510108,758,5,753
24520058,558,3,555
24520059,541,1,540
24520060,506,0,506
24520061,599,4,595
24520062,665,4,661
24520063,499,3,496
24520064,480,10,470
24520065,394,6,388
24520066,510,5,505
24520067,568,1,567
24520068,416,6,410
24520069,692,23,669
24520070,218,3,215
24520071,606,7,599
24520072,406,1,405
24520073,608,38,570
24520074,680,8,672
24520075,546,1,545
24520076,449,4,445
24520077,481,6,475
24520078,470,24,446
24520079,582,2,580
24520080,401,3,398
24520081,455,2,453
24520082,438,11,427
24520083,467,0,467
24520084,506,0,506
24520085,634,14,620
24520086,885,7,878
24520087,601,2,599
24520088,873,1,872
24520089,501,13,488
24520090,492,3,489
24520091,533,2,531
24520092,357,3,354
24520093,534,4,530
24520094,899,11,888
24520095,696,9,687
24520096,975,5,970
24520097,641,5,636
24520098,502,13,489
24520099,480,4,476
24520100,579,86,493
24520101,805,9,796
24520102,578,13,565
24520103,489,2,487
24520104,915,50,865
24520105,549,2,547
24520106,508,1,507
24520107,902,43,859
24520108,853,7,846
24520109,700,35,665
24520110,802,4,798
24520111,487,3,484
24520112,1512,8,1504
24520113,598,26,572
24520114,841,2,839
24520115,1581,27,1554
24520116,829,5,824
24520117,989,5,984
24520118,815,1,814
24520119,664,10,654
24520120,615,11,604
24520121,633,7,626
24520122,511,1,510
24520123,343,0,343
24520124,660,7,653
24530063,604,4,600
24530064,750,7,743
24530065,745,24,721
24530066,712,2,710
24530067,558,17,541
24530068,598,2,596
24530069,670,2,668
24530070,693,14,679
24530071,668,10,658
24530072,599,3,596
24530073,422,1,421
24530074,665,3,662
24530075,719,6,713
24530076,589,1,588
24530077,462,8,454
24530078,417,7,410
24530079,514,1,513
24530080,366,2,364
24530081,490,4,486
24530082,1256,33,1223
24530083,500,1,499
24530084,811,16,795
24530085,746,3,743
24530086,613,17,596
24530087,797,25,772
24530088,517,16,501
24530089,503,15,488
24530090,916,10,906
24530091,821,4,817
24530092,659,20,639
24530093,475,8,467
24530094,420,1,419
24530095,805,7,798
24530096,446,6,440
24530097,569,6,563
24530098,565,75,490
24530099,487,2,485
24530100,448,0,448
24530101,649,43,606
24530102,559,5,554
24530103,968,5,963
24530104,907,19,888
24530105,531,19,512
24530106,477,2,475
24530107,594,27,567
24530108,562,8,554
24530109,488,1,487
24530110,636,2,634
24530111,485,1,484
24530112,850,46,804
24530113,565,1,564
24530114,392,2,390
24530115,525,1,524
24530116,449,16,433
24530117,451,3,448
24530118,533,13,520
24530119,417,1,416
24530120,530,0,530
24530121,458,3,455
24530122,1258,11,1247
24530123,782,5,777
24530124,740,1,739
24530125,570,4,566
24530126,501,4,497
24530127,506,2,504
24530128,688,7,681
24530129,948,46,902
24530130,519,3,516
24530131,441,0,441
24530132,694,3,691
24530133,600,6,594
24530134,682,14,668
24530135,549,1,548
24530136,563,90,473
24530137,459,2,457
24530138,542,22,520
24530139,419,1,418
24530140,405,4,401
24530141,239,4,235
24530142,548,1,547
24530143,538,11,527
24530144,459,15,444
24530145,623,52,571
24540103,495,0,495
24540104,451,22,429
24540105,401,0,401
24540106,504,6,498
24540107,455,13,442
24540108,503,6,497
24540109,775,4,771
24540110,431,0,431
24540111,638,2,636
24540112,539,9,530
24540113,532,3,529
24540114,406,0,406
24540115,552,5,547
24540116,243,1,242
24540117,1427,8,1419
24540118,377,3,374
24540119,586,5,581
24540120,510,1,509
24540121,956,1,955
24540122,676,3,673
24540123,643,2,641
24540124,562,9,553
24540125,489,0,489
24540126,393,2,391
24540127,456,1,455
24540128,615,5,610
24540129,437,0,437
24540130,478,0,478
24540131,435,0,435
24540132,437,0,437
24540133,456,4,452
24540134,668,26,642
24540135,499,0,499
24540136,573,6,567
24540137,423,0,423
24540138,795,8,787
24540139,471,12,459
24540140,442,3,439
24540141,532,3,529
24540142,782,3,779
24540143,691,1,690
24540144,581,11,570
24540145,1066,5,1061
24540146,480,1,479
24540147,343,2,341
24540148,358,7,351
24540149,342,4,338
24540150,406,3,403
24540151,505,1,504
24540152,442,1,441
24540153,487,2,485
24540154,622,4,618
24540155,487,14,473
24540156,446,1,445
24540157,500,3,497
24540158,308,8,300
24540159,489,1,488
24540160,530,0,530
24540161,422,17,405
24540162,484,2,482
24540163,458,3,455
24540164,394,1,393
24540165,664,2,662
24540166,269,2,267
24540167,430,4,426
24540168,315,34,281
24540169,48,23,25
24540170,416,2,414
24540171,505,2,503
24540172,263,1,262
24540173,338,1,337
24540174,477,1,476
24540175,590,18,572
24540176,432,1,431
24540177,506,20,486
24540178,817,2,815
24540179,464,1,463
24540180,422,2,420
24540181,425,1,424
24540182,683,10,673
24540183,467,1,466
24540184,467,4,463
24540185,445,1,444
24540186,429,1,428
24540187,431,3,428
24540188,386,0,386
24540189,374,0,374
24540190,347,4,343
24540191,460,10,450
24540192,490,3,487
24540193,364,4,360
24540194,387,1,386
24540195,489,8,481
24540196,772,12,760
24540197,535,2,533
24540198,507,7,500
24540199,1173,27,1146
24540200,344,0,344
24540201,901,2,899
24540202,612,3,609
24540203,464,2,462
24540204,749,6,743
24540205,483,2,481
24540206,476,3,473
24540207,444,50,394
24540208,797,2,795
24540209,513,2,511
24540210,458,1,457
24540211,386,2,384
24540212,557,0,557
24540213,437,5,432
24540214,396,2,394
24540215,281,3,278
24540216,579,3,576
24540217,441,1,440
24540218,402,1,401
24540219,479,3,476
24540220,514,1,513
24540221,622,35,587
24540222,351,4,347
24540223,164,7,157
24540224,427,2,425
24540225,792,5,787
24540226,633,16,617
24540227,470,9,461
24540228,399,2,397
24540229,563,14,549
24540230,471,2,469
24540231,376,1,375
24540232,644,5,639
24540233,480,25,455
24540234,406,1,405
24540235,1128,8,1120
24540236,617,7,610
24540237,699,32,667
24540238,440,3,437
24540239,796,1,795
24540240,648,4,644
24540241,500,8,492
24540242,380,0,380
24540243,712,6,706
24540244,530,0,530
24540245,600,3,597
24540246,703,23,680
24540247,483,2,481
24540248,488,0,488
24540249,392,8,384
24540250,1017,12,1005
24540251,645,2,643
24540252,655,2,653
24540253,511,3,508
24540254,409,1,408
24540255,492,0,492
24540256,688,3,685
24540257,1356,10,1346
24540258,737,3,734
24540259,695,1,694
24540260,477,8,469
24540261,425,0,425
24540262,381,0,381
24540263,587,18,569
24540264,415,0,415
24550038,579,11,568
24550039,965,1,964
24550040,621,0,621
24550041,400,7,393
24550042,787,2,785
24550043,412,1,411
24550044,732,8,724
24550045,546,1,545
24550046,771,3,768
24550047,697,4,693
24550048,1057,23,1034
24550049,886,4,882
24550050,478,28,450
24550051,460,0,460
24550052,575,3,572
24550053,561,26,535
24550054,1139,5,1134
24550055,1099,12,1087
24550056,631,1,630
24550057,473,1,472
24550058,635,0,635
24550059,513,4,509
24550060,461,21,440
24550061,1045,38,1007
24550062,464,5,459
24550063,674,5,669
24550064,719,7,712
24550065,468,12,456
24550066,524,1,523
24550067,702,6,696
24550068,472,4,468
24550069,367,6,361
24550070,2798,12,2786
24550071,525,4,521
24550072,570,6,564
24550073,790,2,788
24550074,1542,9,1533
24550075,669,2,667
24550076,801,7,794
24550077,565,4,561
24550078,451,1,450
24550079,741,5,736
24550080,683,2,681
24550081,549,5,544
24550082,479,2,477
24550083,923,15,908
24550084,426,6,420
24550085,1034,7,1027
24550086,1003,10,993
24550087,828,6,822
24550088,399,3,396
24560128,420,0,420
24560129,594,2,592
24560130,391,0,391
24560131,563,2,561
24560132,468,2,466
24560133,426,0,426
24560134,552,41,511
24560135,638,4,634
24560136,284,0,284
24560137,1183,6,1177
24560138,405,7,398
24560139,1301,13,1288
24560140,497,9,488
24560141,359,4,355
24560142,710,6,704
24560143,409,3,406
24560144,416,7,409
24560145,420,0,420
24560146,536,35,501
24560147,1205,25,1180
24560148,652,23,629
24560149,492,14,478
24560150,463,6,457
24560151,372,1,371
24560152,454,0,454
24560153,398,4,394
24560154,349,3,346
24560155,439,8,431
24560156,479,10,469
24560157,424,5,419
24560158,404,6,398
24560159,374,6,368
24560160,445,4,441
24560161,485,8,477
24560162,419,4,415
24560163,509,5,504
24560164,362,1,361
24560165,495,3,492
24560166,623,9,614
24560167,495,4,491
24560168,462,3,459
24560169,20,0,20
24560170,427,2,425
24560171,470,4,466
24560172,519,1,518
24560173,401,4,397
24560174,640,14,626
24560175,523,11,512
24560176,494,1,493
24560177,457,15,442
24560178,468,2,466
24560179,407,1,406
24560180,342,3,339
24560181,250,3,247
24560182,430,1,429
24560183,449,13,436
24560184,478,0,478
24560185,403,8,395
24560186,530,39,491
24560187,459,1,458
24560188,444,2,442
24560189,460,2,458
24560190,364,4,360
24560191,473,4,469
24560192,467,4,463
24560193,413,3,410
24560194,578,25,553
24560195,505,2,503
24560196,532,6,526
24560197,484,12,472
24560198,438,0,438
24560199,484,2,482
24560200,631,5,626
24560201,595,6,589
24560202,549,8,541
24560203,354,4,350
24560204,646,15,631
24560205,480,0,480
24560206,591,6,585
24560207,351,2,349
24560208,781,9,772
24560209,621,52,569
24560210,535,5,530
24560211,981,8,973
24560212,336,1,335
24560213,739,1,738
24560214,550,9,541
24560215,476,13,463
24560216,500,2,498
24560217,548,3,545
24560218,1523,3,1520
24560219,567,4,563
24560220,532,4,528
24560221,477,1,476
24560222,356,3,353
24560223,432,12,420
24560224,468,1,467
24560225,344,3,341
24560226,554,1,553
24560227,337,3,334
24560228,358,1,357
24560229,665,8,657
24560230,388,3,385
24560231,443,2,441
24560232,445,3,442
24560233,538,2,536
24560234,513,14,499
24560235,647,2,645
24560236,620,6,614
24560237,425,1,424
24560238,498,5,493
24560239,438,1,437
24560240,508,23,485
24560241,460,5,455
24560242,1372,1,1371
24560243,382,4,378
24560244,421,9,412
24560245,507,6,501
24560246,1379,5,1374
24560247,465,6,459
24560248,415,1,414
24560249,563,5,558
24560250,770,12,758
24560251,525,0,525
24560252,515,4,511
24560253,403,4,399
24560254,468,6,462
24560255,557,0,557
24560256,611,21,590
24560257,495,2,493
24560258,597,0,597
24560259,410,3,407
24560260,0,0,0
24560261,632,8,624
24560262,2098,25,2073
24560263,434,3,431
24560264,368,8,360
24560265,442,3,439
24560266,397,9,388
24560267,404,3,401
24560268,509,1,508
24560269,552,8,544
24560270,740,7,733
24560271,985,43,942
24560272,838,2,836
24560273,623,2,621
24560274,511,3,508
24560275,561,0,561
24560276,820,30,790
24560277,686,17,669
24560278,542,4,538
24560279,577,0,577
24560280,638,6,632
24560281,461,6,455
24560282,489,7,482
24560283,340,12,328
24560284,494,3,491
24560285,615,9,606
24560286,1260,6,1254
24560287,1721,12,1709
24560288,456,2,454
24560289,588,20,568
24560290,398,4,394
24560291,452,9,443
24560292,458,3,455
24560293,423,7,416
24560294,393,3,390
24560295,532,4,528
24560296,9,0,9
24560297,410,4,406
24560298,451,0,451
24560299,449,13,436
24560300,479,1,478
24560301,629,3,626
24560302,521,2,519
24560303,398,0,398
24560304,704,3,701
24560305,432,10,422
24560306,425,0,425
24560307,483,3,480
24560308,481,1,480
24560309,706,5,701
24560310,756,7,749
24560311,352,2,350
24560312,469,23,446
24560313,316,1,315
24560314,402,20,382
24560315,538,9,529
24560316,525,1,524
24560317,423,1,422
24560318,630,1,629
24560319,606,13,593
24560320,466,15,451
24560321,597,2,595
24560322,550,1,549
24560323,446,7,439
24560324,408,2,406
24560325,758,1,757
24560326,584,1,583
24560327,469,0,469
24560328,643,11,632
24560329,899,2,897
24560330,760,34,726
24560331,435,3,432
24560332,448,3,445
24560333,694,5,689
24560334,0,0,0
24560335,380,2,378
24560336,473,5,468
24560337,543,4,539
24560338,538,3,535
24560339,465,2,463
24560340,438,13,425
24560341,404,4,400
24560342,787,12,775
24560343,378,10,368
24560344,608,18,590
24560345,400,6,394
24560346,423,15,408
24570012,5000,35,4965
24570013,518,5,513
24570014,463,4,459
24570015,413,5,408
24570016,399,1,398
24570017,589,17,572
24570018,368,11,357
24570019,404,7,397
24570020,397,7,390
24570021,381,3,378
24570022,478,4,474
24570023,482,4,478
24570024,423,2,421
24570025,473,2,471
24570026,350,15,335
24570027,355,1,354
24570028,383,5,378
24570036,1074,0,1074
24570037,430,5,425
24570038,457,5,452
24570039,408,2,406
24570040,684,2,682
24570041,389,2,387
24570042,426,6,420
24570043,880,4,876
24570044,386,1,385
24570045,343,3,340
24570046,609,5,604
24570047,447,1,446
24570048,591,6,585
24570049,652,3,649
24570050,1027,12,1015
24570051,413,4,409
24570052,877,7,870
24570053,423,4,419
24570054,767,3,764
24570055,536,4,532
24570056,496,5,491
24570057,600,3,597
24570058,523,4,519
24570059,641,0,641
24570060,503,2,501
24570061,414,0,414
24570062,502,2,500
24570063,466,2,464
24570064,531,10,521
24570065,459,3,456
24570066,392,0,392
24570068,547,5,542
24570069,515,19,496
24570070,774,2,772
24570071,445,2,443
24570072,437,0,437
24570073,506,20,486
24570074,1035,2,1033
24570075,425,0,425
24570076,634,3,631
24570077,499,1,498
24570078,639,3,636
24570079,523,3,520
24570080,422,4,418
24570081,531,6,525
24570082,396,12,384
24570083,1102,6,1096
24570084,1112,28,1084
24570088,593,6,587
24570089,653,1,652
24570136,789,38,751
24570138,1319,40,1279
24570139,537,3,534
24570140,416,19,397
24570141,782,8,774
24570142,687,1,686
24570143,334,0,334
24570144,529,1,528
24570145,473,0,473
24570146,369,0,369
24570147,492,3,489
24570148,478,0,478
24570149,649,4,645
24570150,491,13,478
24570151,807,2,805
24570152,5354,30,5324
24570153,3657,31,3626
24570154,384,7,377
24570155,303,5,298
24570156,499,12,487
24570157,277,4,273
24570158,917,31,886
24570159,393,1,392
24570161,494,28,466
24570163,570,4,566
24570164,476,2,474
24570167,286,1,285
24570168,497,3,494
24570169,640,2,638
24570170,614,9,605
24570171,472,8,464
24570174,641,3,638
24570175,871,7,864
24570176,1892,7,1885
24570177,547,8,539
24570178,2141,54,2087
24570179,849,2,847
24570180,585,12,573
24570181,773,85,688
24570182,512,1,511
24570184,1310,6,1304
24570185,668,18,650
24570186,397,13,384
24570187,591,105,486
24570188,464,0,464
24570189,377,0,377
24570190,519,4,515
24570191,495,5,490
24570192,667,1,666
24570194,459,2,457
24570196,389,3,386
24570197,446,1,445
24570198,405,4,401
24570200,445,8,437
24570201,766,4,762
24570208,720,1,719
24570209,983,7,976
24570210,1904,9,1895
24570211,1244,6,1238
24570213,603,2,601
24570214,1519,34,1485
24570215,874,2,872
24570216,451,1,450
24570217,555,0,555
24570218,523,0,523
24570219,711,7,704
24570220,467,1,466
24570221,564,5,559
24570222,772,16,756
24570223,548,0,548
24570224,1051,5,1046
24570225,604,14,590
24570226,611,0,611
24570227,1077,1,1076
24570228,785,5,780
24570229,4433,7,4426
24570230,622,1,621
24570231,410,2,408
24570232,372,0,372
24570233,567,2,565
24570234,328,7,321
24570235,430,10,420
24570236,466,1,465
24570237,471,39,432
24570238,524,7,517
24570239,1330,32,1298
24570240,417,0,417
24570241,353,10,343
24570242,694,1,693
24570243,696,9,687
24570244,1100,1,1099
24570245,553,2,551
24570246,520,1,519
24570247,2240,23,2217
24570248,913,1,912
24570249,457,0,457
24570250,738,5,733
24570251,758,1,757
24570252,1015,23,992
24570253,1046,23,1023
24570254,1854,5,1849
24570255,597,6,591
24570256,962,1,961
24570257,1500,3,1497
24580001,300,2,298
24580002,276,1,275
24580003,464,0,464
24580004,299,17,282
24580005,899,1,898
24580006,419,5,414
24580007,323,2,321
24580008,786,14,772
24580009,399,26,373
24580010,942,1,941
24580011,474,1,473
24580012,683,8,675
24580013,375,2,373
24580014,1018,8,1010
24580015,535,0,535
24580016,998,2,996
24580017,816,7,809
24580018,427,14,413
24580019,633,9,624
24580020,383,4,379
24580021,390,3,387
24580022,436,7,429
24580023,595,4,591
24580024,504,4,500
24580025,290,2,288
24580026,608,0,608
24580027,637,7,630
24580028,396,4,392
24580029,388,0,388
24580030,182,1,181
24580031,375,4,371
24580032,497,5,492
24580033,516,2,514
24580034,527,7,520
24580035,640,4,636
24580036,509,9,500
24580037,475,7,468
24580038,285,0,285
24580039,527,4,523
24580040,637,1,636
24580041,387,44,343
24580042,591,5,586
24580043,654,6,648
24580044,658,4,654
24580045,586,0,586
24580046,516,10,506
24580047,466,1,465
24580048,453,0,453
24580049,600,0,600
24580050,580,34,546
24580051,508,8,500
24580052,405,4,401
24580053,475,5,470
24580054,375,20,355
24580055,519,4,515
24580056,535,14,521
24580057,645,6,639
24580058,471,9,462
24580059,423,18,405
24580060,376,13,363
24580061,463,3,460
24580062,395,8,387
24580063,564,17,547
24580064,465,3,462
24580065,452,26,426
24580066,516,5,511
24580067,742,11,731
24580068,520,4,516
24580069,572,19,553
24580070,594,5,589
24580071,446,5,441
24580072,537,3,534
24580073,650,6,644
24580074,408,8,400
24580075,400,1,399
24580076,419,11,408
24580077,548,6,542
24580078,568,54,514
24580079,342,1,341
24580080,461,0,461
24580081,556,10,546
24580082,483,4,479
24580083,419,4,415
24580084,551,6,545
24580085,396,4,392
24580087,656,1,655
24580088,803,12,791
24580089,419,2,417
24580090,463,0,463
24580091,436,7,429
24580092,431,3,428
24580093,362,5,357
24580094,331,5,326
24580095,534,6,528
24580096,412,7,405
24580097,794,1,793
24580098,659,5,654
24580099,595,3,592
24580100,657,5,652
24580101,534,2,532
24580102,443,0,443
24580103,567,7,560
24580104,563,0,563
24580105,520,0,520
24580106,357,3,354
24580107,279,2,277
24580108,473,9,464
24580109,512,4,508
24580110,576,4,572
24580112,510,4,506
24580113,600,6,594
24580114,708,12,696
24580115,374,3,371
24580116,506,0,506
24580117,495,11,484
24580118,548,5,543
24580119,483,12,471
24580120,534,8,526
24580121,687,4,683
24580122,408,4,404
24580123,449,0,449
24580124,429,0,429
24580125,362,4,358
24580126,553,0,553
24580127,531,1,530
24580128,551,3,548
24580132,586,1,585
24580134,562,3,559
24580135,634,3,631
24580136,544,4,540
24580137,782,11,771
24580138,766,6,760
24580139,453,3,450
24580140,545,1,544
24580141,470,0,470
24580142,552,6,546
24580143,614,0,614
24580144,743,0,743
24580145,539,9,530
24580146,543,0,543
24580147,595,3,592
24580148,581,3,578
24580149,479,1,478
24580150,547,54,493
24580151,472,12,460
24580152,526,0,526
24580153,464,2,462
24580154,403,3,400
24580155,441,1,440
24580156,652,5,647
24580157,604,9,595
24580158,497,3,494
24580159,485,10,475
24580160,444,6,438
24580162,450,15,435
24580163,467,1,466
24580164,664,3,661
24580165,577,3,574
24580166,452,0,452
24580167,448,1,447
24580168,506,7,499
24580169,844,7,837
24580170,502,2,500
24580171,473,2,471
24580172,494,1,493
24580173,575,1,574
24580174,667,3,664
24580175,404,3,401
24580176,454,3,451
24580177,492,6,486
24580178,484,3,481
24580179,543,28,515
24580180,414,20,394
24580181,642,3,639
24580182,572,4,568
24580183,527,6,521
24580184,649,6,643
24580185,537,5,532
24580186,541,5,536
24580187,556,21,535
24580188,345,12,333
24580189,366,1,365
24580190,452,0,452
24580191,498,2,496
24580192,529,6,523
24580193,477,0,477
24580194,592,10,582
24580195,523,2,521
24580196,437,0,437
24580197,514,0,514
24580198,586,3,583
24580199,1010,2,1008
24580200,437,10,427
24580201,415,1,414
24580202,581,38,543
24580203,345,3,342
24580204,643,6,637
24580205,702,20,682
24580206,608,6,602
24580207,633,6,627
24580208,828,7,821
24580209,399,0,399
24580210,476,2,474
24580211,794,1,793
24580212,990,4,986
24580213,692,4,688
24580214,686,9,677
24580215,448,1,447
24580216,716,1,715
24580217,438,1,437
24580218,464,2,462
24580219,358,4,354
24580220,615,6,609
24580221,557,5,552
24580222,534,17,517
24580223,403,9,394
24580224,402,13,389
24580225,388,1,387
24580226,843,2,841
24580229,619,6,613
24580232,692,3,689
24580234,660,2,658
24580235,410,4,406
24580237,493,5,488
24580238,1255,8,1247
24580239,505,0,505
24580240,370,2,368
24580241,557,0,557
24580242,452,2,450
24580243,493,0,493
24580244,503,4,499
24580246,511,6,505
24580247,545,2,543
24580248,396,6,390
24580249,457,2,455
24580250,525,7,518
24580251,427,6,421
24580252,301,5,296
24580253,448,6,442
24580254,574,8,566
24580255,292,2,290
24580256,501,35,466
24580257,436,4,432
24580258,473,5,468
24580259,634,125,509
24580260,493,1,492
24580261,522,1,521
24580262,806,1,805
24580263,367,0,367
24580264,606,2,604
24580265,902,15,887
24580266,484,1,483
24580267,647,4,643
24580268,489,6,483
24580269,1657,9,1648
24580271,903,29,874
24580273,403,4,399
24580274,715,3,712
24580275,505,3,502
24580276,406,0,406
24580277,2708,64,2644
24580278,1041,13,1028
24580279,653,3,650
24580280,615,5,610
24580281,1498,6,1492
24580282,638,15,623
24580284,377,2,375
24580285,236,7,229
24580286,548,3,545
24580287,413,2,411
24580288,451,6,445
24580289,570,5,565
24580290,482,0,482
24580293,401,16,385
24580294,446,13,433
24580295,577,1,576
24580296,457,7,450
24580297,578,14,564
24580298,668,9,659
24580299,580,21,559
24580300,732,18,714
24580302,531,10,521
24580303,404,2,402
24580304,520,1,519
24580305,373,13,360
24580306,597,9,588
24580307,518,3,515
24580308,640,3,637
24580309,530,5,525
24580310,314,6,308
24580311,522,1,521
24580312,393,13,380
24580313,528,3,525
24580314,999,11,988
24580315,530,6,524
24580316,403,1,402
24580317,517,3,514
24580318,740,9,731
24580319,459,9,450
24580320,480,9,471
24580321,531,12,519
24580322,558,7,551
24580323,443,6,437
24580324,724,15,709
24580325,626,9,617
24580326,1191,8,1183
24580327,1009,2,1007
24580328,553,4,549
24580329,1029,2,1027
24580332,582,3,579
24580333,430,1,429
24580334,495,1,494
24580335,544,12,532
24580336,501,4,497
24580337,288,5,283
24580338,428,2,426
24580339,473,58,415
24580340,453,10,443
24580341,385,15,370
24580342,659,4,655
24580343,359,2,357
24580344,615,4,611
24580345,372,7,365
24580346,606,22,584
24580347,575,3,572
24580348,476,3,473
24580349,1288,3,1285
24580350,1672,24,1648
24580351,374,6,368
24580352,400,3,397
24580353,605,1,604
24580354,555,1,554
24580355,379,5,374
24580356,639,6,633
24580357,366,0,366
24580358,377,2,375
24580359,435,4,431
24580360,442,2,440
24580361,379,1,378
24580362,255,0,255
24580363,704,9,695
24580364,446,11,435
24580365,688,6,682
24580366,516,4,512
24580367,265,0,265
24580368,1272,7,1265
24580369,446,2,444
24580370,413,2,411
24580371,331,1,330
24580372,433,0,433
24580373,264,23,241
24580374,382,3,379
24580375,534,4,530
24580376,384,1,383
24580377,705,3,702
24580378,608,6,602
24580379,374,1,373
24580380,489,4,485
24580381,500,3,497
24580382,241,1,240
24580383,1158,2,1156
24580384,531,1,530
24580385,1066,17,1049
24580386,309,3,306
24580387,286,1,285
24580388,287,1,286
24580389,2031,8,2023
24580390,729,2,727
24580391,1378,3,1375
24580392,761,2,759
24580395,734,2,732
24580396,727,2,725
24580398,552,0,552
24580399,874,5,869
24580400,733,3,730
24580401,896,3,893
24580403,1043,2,1041
24580404,578,1,577
24580405,4879,2,4877
24580406,953,3,950
24580408,295,1,294
24580409,297,0,297
24580410,431,2,429
24580411,263,1,262
24580412,515,2,513
24580413,597,1,596
24580414,400,1,399
24580415,285,3,282
24580416,897,7,890
24580417,453,2,451
24580419,543,2,541
24580420,325,3,322
24580421,402,3,399
24580422,1008,17,991
24580423,482,6,476
24580424,548,1,547
24580428,517,0,517
24580429,1193,29,1164
24580430,419,0,419
24580431,292,1,291
24580432,1031,1,1030
24580433,658,21,637
24580434,524,6,518
24580435,1974,48,1926
24580436,720,5,715
24580437,726,1,725
24580440,423,4,419
24580441,585,12,573
24580442,617,3,614
24580443,507,2,505
24580444,563,4,559
24580445,493,5,488
24580446,377,13,364
24580447,483,3,480
24580448,412,9,403
24580449,499,2,497
24580450,603,3,600
24580451,499,3,496
24580452,262,4,258
24580453,368,0,368
24580454,353,38,315
24580455,412,5,407
24580457,1506,10,1496
24580458,867,16,851
24580459,389,2,387
24580460,456,10,446
24580461,359,5,354
24580462,448,4,444
24580463,491,3,488
24580464,1257,15,1242
24580465,1085,9,1076
24580466,789,2,787
24580467,1989,14,1975
24580468,640,4,636
24580469,288,4,284
24580470,751,28,723
24580471,437,0,437
24580472,465,1,464
24580473,494,24,470
24580474,517,0,517
24580475,572,1,571
24580476,630,2,628
24580477,365,0,365
24580478,421,0,421
24580479,292,1,291
24580480,342,11,331
24580481,423,9,414
24580482,468,5,463
24580483,584,10,574
24580484,489,5,484
24580485,378,8,370
24580486,520,8,512
24580487,413,6,407
24580488,475,20,455
24580489,744,3,741
24580490,390,2,388
24580491,511,7,504
24580492,475,7,468
24580493,649,41,608
24580494,539,7,532
24580495,439,46,393
24580496,479,1,478
24580497,509,14,495
24580498,449,1,448
24580499,501,2,499
24580500,479,7,472
24580501,499,4,495
24580502,638,3,635
24580503,2030,2,2028
24580504,532,0,532
24580505,593,4,589
24580506,558,7,551
24580508,441,4,437
24580509,426,1,425
24580511,763,3,760
24580512,567,3,564
24580513,430,17,413
24580514,637,15,622
24580515,546,0,546
24580516,612,3,609
24580517,1313,1,1312
24580518,541,2,539
24580519,258,0,258
24580520,380,0,380
24580521,440,2,438
24580522,488,2,486
24580523,397,0,397
24580526,805,7,798
24580527,622,1,621
24580528,578,2,576
24580529,467,0,467
24580530,410,0,410
24580531,406,0,406
24580532,986,2,984
24580533,415,0,415
24580534,618,2,616
24580535,526,0,526
24580536,484,3,481
24580537,554,6,548
24580538,488,3,485
24580539,684,6,678
24580540,621,4,617
24580541,571,1,570
24580542,487,1,486
24580543,302,0,302
24580544,315,0,315
24580545,419,0,419
24580546,655,2,653
24580547,567,1,566
24580548,670,2,668
24580549,512,2,510
24580550,353,4,349
24580551,720,7,713
24580552,910,7,903
24580553,403,2,401
24580554,520,2,518
24580555,587,5,582
24580556,561,8,553
24580557,460,2,458
24580558,944,4,940
24580559,563,3,560
24580560,786,3,783
24580561,404,3,401
24580562,414,11,403
24580563,442,10,432
24580564,387,2,385
24580565,515,26,489
24580566,737,5,732
24580567,655,33,622
24580568,653,2,651
24580569,487,6,481
24580570,747,4,743
24580571,541,3,538
24580572,455,4,451
24580573,425,2,423
24580574,395,14,381
24580575,406,20,386
24580576,563,12,551
24580577,414,6,408
24580578,407,1,406
24580579,216,1,215
24580580,454,4,450
24580581,327,3,324
24580582,572,2,570
24580583,349,2,347
24580584,361,1,360
24580585,464,1,463
24580586,422,4,418
24580587,281,1,280
24580588,402,3,399
24580589,390,5,385
24580590,399,7,392
24580591,470,1,469
24580592,429,4,425
24580593,385,1,384
24580594,420,1,419
24580595,1109,7,1102
24580596,352,5,347
24580597,479,15,464
24580598,467,4,463
24580599,420,1,419
24580600,363,2,361
24580601,630,3,627
24580602,758,6,752
24580603,511,7,504
24580604,935,1,934
24580607,929,5,924
24580608,857,5,852
24580609,452,20,432
24580611,506,4,502
24580612,601,4,597
24580613,545,5,540
24580614,599,4,595
24580615,518,11,507
24580616,932,7,925
24580617,813,30,783
24580618,389,1,388
24580619,443,1,442
24580620,457,2,455
24580621,379,1,378
24580622,472,4,468
24580623,641,12,629
24580624,513,2,511
24580625,651,2,649
24580626,270,5,265
24580627,372,2,370
24580628,460,5,455
24580629,417,5,412
24580630,426,7,419
24580631,481,5,476
24580632,505,16,489
24580633,402,1,401
24580634,332,10,322
24580635,302,0,302
24580636,510,4,506
24580637,447,25,422
24580638,502,3,499
24580639,476,3,473
24580640,454,8,446
24580641,390,8,382
24580642,409,0,409
24580643,352,0,352
24580645,749,13,736
24580646,389,1,388
24580647,444,6,438
24580648,556,8,548
24580650,360,0,360
24580651,719,0,719
24580652,932,6,926
24580653,553,3,550
24580654,831,2,829
24580655,506,12,494
24580656,548,9,539
24580657,605,27,578
24580658,462,2,460
24580659,390,15,375
24580660,474,3,471
24580661,452,2,450
24580662,797,4,793
24580663,621,4,617
24580664,476,0,476
24580665,795,5,790
24580666,884,5,879
24580667,394,5,389
24580668,430,2,428
24580669,388,8,380
24580670,518,9,509
24580671,605,1,604
24580672,398,6,392
24580673,533,0,533
24580674,301,2,299
24580675,530,3,527
24580676,485,32,453
24580677,21,21,0
24580678,1114,18,1096
24580679,1153,3,1150
24580680,1449,8,1441
24580682,1940,13,1927
24580683,909,1,908
24580684,878,0,878
24580685,1046,4,1042
24580686,1039,2,1037
24580687,2954,11,2943
24580689,473,2,471
24580690,925,2,923
24580691,647,3,644
24580692,774,4,770
24580693,794,5,789
24580694,470,1,469
24580695,330,0,330
24580696,646,4,642
24580697,995,1,994
24580698,498,6,492
24580699,669,7,662
24580700,655,0,655
24580701,440,2,438
24580702,793,1,792
24580703,856,3,853
24580704,764,3,761
24580705,1234,68,1166
24580706,908,10,898
24580707,1360,8,1352
24580708,366,2,364
24580709,1187,6,1181
24580710,293,2,291
24580711,1344,10,1334
24580712,688,7,681
24580713,959,7,952
24580714,2292,0,2292
24580715,450,4,446
24580716,1174,34,1140
24580717,678,4,674
24580721,742,2,740
24580722,3606,11,3595
24580724,324,1,323
24580727,294,1,293
24580728,1070,7,1063
24580730,484,10,474
24580731,2076,11,2065
24580732,1488,25,1463
24580733,367,10,357
24580734,560,0,560
24580735,642,0,642
24580736,978,6,972
24580737,400,1,399
24580738,3229,2,3227
24580739,1955,10,1945
24580740,7324,22,7302
24580741,2158,1,2157
24580742,794,2,792
24580743,427,2,425
24580744,550,1,549
24590012,2260,2,2258
24590013,402,2,400
24590014,321,0,321
24590015,461,3,458
24590016,419,6,413
24590017,386,6,380
24590018,866,1,865
24590019,864,8,856
24590020,338,26,312
24590021,394,4,390
24590022,352,0,352
24590023,635,39,596
24590024,680,3,677
24590025,424,3,421
24590026,705,1,704
24590027,427,4,423
24590097,566,2,564
24590098,451,64,387
24590099,509,8,501
24590100,504,1,503
24590101,437,8,429
24590102,346,23,323
24590103,392,6,386
24590104,402,15,387
24590107,491,14,477
24590109,730,9,721
24590110,647,21,626
24590111,518,0,518
24590112,490,3,487
24590113,446,0,446
24590114,481,5,476
24590115,615,2,613
24590116,406,0,406
24590122,419,4,415
24590123,430,2,428
24590124,567,4,563
24590125,455,9,446
24590126,481,0,481
24590127,887,61,826
24590128,390,0,390
24590129,753,3,750
24590130,423,3,420
24590131,294,15,279
24590132,393,4,389
24590133,442,1,441
24590134,525,3,522
24590135,465,4,461
24590136,661,2,659
24590137,470,5,465
24590138,1152,27,1125
24590139,587,0,587
24590140,2983,31,2952
24590141,2107,33,2074
24590142,1344,10,1334
24590143,755,3,752
24590144,457,2,455
24590145,648,46,602
24590146,509,6,503
24590147,604,11,593
24590148,357,5,352
24590149,715,18,697
24590150,608,4,604
24590152,496,4,492
24590153,558,3,555
24590154,423,8,415
24590156,951,12,939
24590157,343,0,343
24590158,527,2,525
24590159,699,10,689
24590160,566,11,555
24590161,370,0,370
24590162,563,8,555
24590163,549,19,530
24590164,1383,8,1375
24590165,566,3,563
24590166,304,0,304
24590167,487,7,480
24590168,421,0,421
24590169,706,14,692
24590170,559,5,554
24590171,1103,8,1095
24590172,688,34,654
24590173,506,39,467
24590174,495,1,494
24590175,486,13,473
24590176,790,7,783
24590177,464,5,459
24590178,528,13,515
24590179,449,2,447
24590180,1601,3,1598
24590181,2263,11,2252
24590182,413,5,408
24590183,689,33,656
24590184,566,3,563
24590185,666,5,661
24590186,647,10,637
24590187,510,24,486
24590188,1312,34,1278
24590189,647,17,630
24590190,506,0,506
24590191,538,41,497
24590192,547,3,544
24590193,768,6,762
24590194,324,6,318
24590195,559,4,555
24590197,675,6,669
24590198,557,0,557
24590199,422,0,422
24590200,356,6,350
24590201,488,2,486
24590202,423,0,423
24590203,329,4,325
24590204,868,3,865
24590205,499,7,492
24590207,713,7,706
24590208,520,4,516
24590209,443,5,438
24590210,724,5,719
24590211,475,1,474
24590212,549,7,542
24590213,232,0,232
24590214,255,2,253
24590215,1056,11,1045
24590216,469,10,459
24590217,331,4,327
24590219,656,2,654
24600014,3288,8,3280
24600016,527,4,523
24600017,334,1,333
24600018,398,4,394
24600019,476,10,466
24600020,357,2,355
24600021,449,0,449
24600022,597,3,594
24600023,517,4,513
24600024,462,4,458
24600025,384,16,368
24600027,1016,6,1010
24600028,687,37,650
24600029,258,11,247
24600030,536,1,535
24600031,423,1,422
24600032,655,54,601
24600033,540,8,532
24600034,455,3,452
24600035,606,2,604
24600036,421,2,419
24600037,331,2,329
24600038,536,3,533
24600039,269,1,268
24600040,700,16,684
24600041,733,1,732
24600042,410,1,409
24600043,638,3,635
24600044,463,4,459
24600045,541,3,538
24600046,453,0,453
24600047,526,57,469
24600048,536,3,533
24600049,419,38,381
24600050,603,13,590
24600051,373,8,365
24600052,462,9,453
24600053,609,1,608
24600054,537,5,532
24600055,642,1,641
24600056,458,2,456
24600057,387,1,386
24600058,382,23,359
24600059,423,0,423
24600060,491,3,488
24600061,496,20,476
24600062,528,7,521
24600063,472,14,458
24600064,596,4,592
24600065,485,1,484
24600066,356,0,356
24600067,468,4,464
24600068,624,6,618
24600069,549,2,547
24600071,548,13,535
24600072,244,13,231
24600073,1102,11,1091
24600074,421,20,401
24600075,310,11,299
24600076,453,5,448
24600077,326,6,320
24600078,917,6,911
24600079,680,31,649
24600080,784,6,778
24600081,503,2,501
24600082,702,12,690
24600083,399,15,384
24600084,573,7,566
24600085,497,3,494
24600086,1707,11,1696
24600087,694,11,683
24600088,538,9,529
24600089,436,3,433
24600090,358,1,357
24600091,326,0,326
24600092,366,3,363
24600093,429,3,426
24600094,479,10,469
24600095,411,3,408
24600098,477,1,476
24600099,363,4,359
24600100,667,2,665
24600101,513,10,503
24600102,446,2,444
24600103,370,1,369
24600104,417,2,415
24600105,411,3,408
24600106,619,7,612
24600107,549,1,548
24600108,712,3,709
24600109,370,9,361
24600110,374,0,374
24600111,342,0,342
24600112,458,1,457
24600113,692,9,683
24600114,470,2,468
24600115,482,1,481
24600116,598,9,589
24600117,572,27,545
24600118,588,18,570
24600119,423,4,419
24600120,329,4,325
24600121,399,6,393
24600122,482,4,478
24600123,399,7,392
24600124,751,14,737
24600125,279,2,277
24600126,373,4,369
24600127,458,3,455
24600129,567,2,565
24600132,392,44,348
24600133,447,8,439
24600134,533,10,523
24600135,465,1,464
24600136,552,0,552
24600138,464,4,460
24600139,807,4,803
24600140,732,5,727
24600141,627,3,624
24600148,1242,1,1241
24600149,682,16,666
24600150,585,2,583
24600151,548,0,548
24600152,513,1,512
24600153,444,3,441
24600155,1130,13,1117
24600156,304,4,300
24600157,248,3,245
24600158,412,3,409
24600159,636,23,613
24600160,477,2,475
24600167,947,3,944
24600168,639,5,634
24600171,730,10,720
24600172,992,0,992
24600173,588,6,582
24600174,440,1,439
24600175,692,0,692
24600176,531,0,531
24600177,517,0,517
24600178,3493,3,3490
24600179,556,17,539
24600180,421,3,418
24600181,502,2,500
24600182,699,5,694
24600183,541,4,537
24600184,437,10,427
24600185,449,1,448
24600186,513,5,508
24600187,432,1,431
24600188,500,1,499
24600189,376,7,369
24600190,431,16,415
24600191,396,8,388
24600192,406,0,406
24600193,544,0,544
24600194,536,2,534
24600195,286,1,285
24600196,704,1,703
24600197,427,3,424
24600198,1075,4,1071
24600199,508,1,507
24600200,698,4,694
24600201,457,12,445
24600202,517,3,514
24600203,1512,15,1497
24600204,418,7,411
24600205,842,12,830
24600206,508,3,505
24600207,557,14,543
24600208,645,16,629
24600209,672,16,656
24600210,617,2,615
24600211,447,2,445
24600212,373,1,372
24600213,370,0,370
24600214,539,2,537
24600215,535,9,526
24600216,818,11,807
24600217,443,7,436
24600218,415,6,409
24600219,365,7,358
24600220,537,8,529
24600221,383,7,376
24600222,1386,2,1384
24600223,487,1,486
24600224,811,1,810
24600225,354,24,330
24600226,1928,15,1913
24600227,1046,3,1043
24600228,1140,2,1138
24600229,411,1,410
24600230,860,5,855
24600231,526,4,522
24600232,1556,12,1544
24600234,2692,10,2682
24600236,1106,30,1076
24600237,2993,10,2983
24600238,3756,25,3731
24600239,1138,1,1137
24610068,850,8,842
24610069,663,19,644
24610070,520,4,516
24610071,820,7,813
24610072,432,1,431
24610073,684,3,681
24610074,491,5,486
24610075,457,3,454
24610076,803,2,801
24610077,543,8,535
24610078,2907,161,2746
24610079,663,20,643
24610080,205,1,204
24610081,574,1,573
24610082,432,3,429
24610083,365,3,362
24610084,419,6,413
24610085,814,10,804
24610086,436,0,436
24610087,538,3,535
24610088,385,23,362
24610089,1391,4,1387
24610090,153,2,151
24610091,218,25,193
24610092,447,4,443
24610093,469,1,468
24610094,436,9,427
24610095,504,7,497
24610096,393,5,388
24610097,534,4,530
24610098,724,3,721
24610099,344,1,343
24610100,321,3,318
24610101,608,4,604
24610102,477,2,475
24610103,630,2,628
24610104,506,4,502
24610105,774,27,747
24610106,459,2,457
24610107,509,3,506
24610108,697,29,668
24610109,423,8,415
24610110,635,3,632
24610111,462,4,458
24610112,640,7,633
24610113,370,5,365
24610114,851,6,845
24610115,469,8,461
24610116,1402,4,1398
24610117,672,30,642
24610118,2174,8,2166
24610119,1467,1,1466
24610120,2198,2,2196
24610121,750,14,736
24610122,277,3,274
24610123,823,3,820
24610124,499,4,495
24610125,628,6,622
24610126,473,2,471
24610127,1114,7,1107
24610128,524,1,523
24610129,519,3,516
24610130,929,4,925
24610131,471,28,443
24610132,596,0,596
24610133,878,3,875
24610134,608,5,603
24610136,704,0,704
24610137,428,7,421
24610138,519,6,513
24610139,1021,22,999
24610140,510,12,498
24610141,642,4,638
24610142,667,24,643
24610143,1021,34,987
24610144,716,16,700
24610145,522,5,517
24610146,406,3,403
24610147,762,20,742
24610148,1078,2,1076
24610149,868,65,803
24610150,655,0,655
24610151,595,0,595
24610152,573,35,538
24610153,937,9,928
24610154,1259,8,1251
24610155,618,1,617
24610156,556,6,550
24610157,995,3,992
24610158,1119,2,1117
24610159,589,2,587
24610160,791,6,785
24610161,756,7,749
24610162,490,4,486
24610163,514,5,509
24610234,690,1,689
24620101,0,0,0
24620102,0,0,0
24620103,0,0,0
24620104,0,0,0
24620105,390,389,1
24620106,1359,1348,11
24620107,409,403,6
24620108,5,3,2
24620109,0,0,0
24620110,0,0,0
24620111,668,7,661
24620112,372,0,372
24620113,375,2,373
24620114,410,1,409
24620115,477,8,469
24620116,601,16,585
24620117,91,4,87
24620118,519,5,514
24620119,482,1,481
24620120,495,0,495
24620121,639,15,624
24620122,604,10,594
24620123,755,6,749
24620124,777,39,738
24620125,517,15,502
24620126,602,2,600
24620127,613,10,603
24620128,591,11,580
24620129,580,7,573
24620130,447,3,444
24620131,554,3,551
24620132,580,4,576
24620133,393,5,388
24620134,486,0,486
24620135,1120,14,1106
24620136,565,18,547
24620137,467,0,467
24620138,481,15,466
24620139,373,4,369
24620140,459,4,455
24620141,663,8,655
24620142,670,1,669
24620143,794,1,793
24620144,670,1,669
24620145,600,2,598
24620146,751,3,748
24620147,613,7,606
24620148,741,3,738
24620149,675,6,669
24620150,585,2,583
24620151,619,1,618
24620152,475,8,467
24620153,610,2,608
24620154,601,26,575
24620155,672,2,670
24620156,823,12,811
24620157,544,3,541
24620158,412,15,397
24620159,484,3,481
24620160,468,1,467
24620161,631,4,627
24620162,598,4,594
24620163,767,3,764
24620164,1136,70,1066
24620165,872,5,867
24620166,693,67,626
24620167,656,4,652
24620168,684,10,674
24620169,525,2,523
24620170,614,63,551
24620171,577,9,568
24620172,468,39,429
24620173,617,11,606
24620174,584,14,570
24620175,720,4,716
24620176,569,4,565
24620177,554,6,548
24620178,267,1,266
24620179,678,2,676
24620180,494,3,491
24620181,412,3,409
24620182,585,5,580
24620183,397,3,394
24620184,459,5,454
24620185,465,2,463
24620186,668,3,665
24620187,604,15,589
24620188,701,6,695
24620189,0,0,0
24620190,0,0,0
24620191,9,5,4
24620192,0,0,0
24620193,601,1,600
24620194,608,3,605
24620195,476,2,474
24620196,547,7,540
24620197,566,10,556
24620198,698,8,690
24630052,462,0,462
24630053,543,3,540
24630054,574,0,574
24630055,412,1,411
24630056,493,1,492
24630057,532,2,530
24630058,521,4,517
24630059,630,24,606
24630060,510,2,508
24630061,709,7,702
24630062,560,2,558
24630063,503,3,500
24630064,1265,5,1260
24630065,802,3,799
24630066,419,6,413
24630067,592,4,588
24630068,980,26,954
24630069,523,3,520
24630070,281,3,278
24630071,532,0,532
24630072,616,3,613
24630073,508,4,504
24630074,729,14,715
24630075,539,9,530
24630076,481,70,411
24630077,543,21,522
24630078,755,8,747
24630079,381,14,367
24630080,681,11,670
24630081,2244,12,2232
24630082,572,16,556
24630083,703,7,696
24630084,511,21,490
24630085,1181,15,1166
24630086,755,39,716
24630087,618,3,615
24630088,654,4,650
24630089,702,4,698
24630090,389,0,389
24630091,621,9,612
24630092,505,56,449
24630093,599,73,526
24630094,509,33,476
24630095,514,8,506
24630096,629,3,626
24630097,606,19,587
24630098,1352,3,1349
24630099,623,15,608
24630100,594,4,590
24630101,765,4,761
24630102,724,0,724
24630103,706,6,700
24630104,593,4,589
24630105,516,1,515
24630106,546,6,540
24630107,501,2,499
24630108,1485,24,1461
24630109,1318,6,1312
24630110,2383,34,2349
24630111,798,11,787
24630112,1787,70,1717
24630113,3425,5,3420
24630114,382,3,379
24630115,1135,5,1130
24630116,443,8,435
24630117,565,3,562
24630118,525,14,511
24630119,847,32,815
24630120,757,8,749
24630121,686,8,678
24630122,693,9,684
24630123,589,4,585
24630124,680,4,676
24630125,875,62,813
24640001,529,0,529
24640002,1016,2,1014
24640003,1465,1,1464
24640004,506,5,501
24640005,508,2,506
24640006,515,1,514
24640007,382,2,380
24640008,1530,22,1508
24640009,461,0,461
24640010,461,2,459
24640011,490,3,487
24640012,413,4,409
24640014,749,2,747
24640015,994,1,993
24640018,348,1,347
24640019,566,2,564
24640020,635,8,627
24640021,566,29,537
24640022,579,4,575
24640023,3753,2,3751
24640024,411,1,410
24640025,670,1,669
24640026,535,0,535
24640027,459,12,447
24640028,363,1,362
24640029,686,1,685
24640030,972,5,967
24640031,680,3,677
24640032,597,7,590
24640034,801,1,800
24640035,385,1,384
24640036,448,8,440
24640037,813,12,801
24640038,2127,13,2114
24640039,513,2,511
24640040,927,7,920
24640041,386,1,385
24640042,534,7,527
24640043,304,1,303
24640044,1423,5,1418
24640047,419,1,418
24640048,448,2,446
24640049,389,3,386
24640050,596,18,578
24640051,561,1,560
24640052,779,4,775
24640053,637,17,620
24640054,1213,3,1210
24640068,430,3,427
24640069,317,4,313
24640070,551,8,543
24640072,906,15,891
24640073,375,3,372
24640074,288,4,284
24640076,893,23,870
24640077,1482,17,1465
24640079,1858,109,1749
24640080,578,4,574
24640081,572,0,572
24640082,725,1,724
24640083,412,2,410
24640084,298,0,298
24640122,595,3,592
24640123,517,6,511
24640129,372,3,369
24640134,905,5,900
24640136,553,18,535
24640137,575,1,574
24640138,479,2,477
24640139,403,2,401
24640140,429,1,428
24640141,1971,20,1951
24640142,428,4,424
24640143,805,8,797
24640144,425,1,424
24640145,303,12,291
24640146,410,0,410
24640147,475,3,472
24640148,460,1,459
24640149,892,6,886
24640150,628,7,621
24640151,371,13,358
24640152,619,22,597
24640153,525,3,522
24640154,465,2,463
24640155,336,3,333
24640156,547,5,542
24640157,382,9,373
24640158,2632,9,2623
24640159,1016,3,1013
24640160,489,9,480
24640161,466,1,465
24640162,501,0,501
24640163,443,4,439
24640164,383,1,382
24640165,404,0,404
24640166,384,1,383
24640167,386,1,385
24640168,351,3,348
24640169,313,3,310
24640170,236,2,234
24640171,351,1,350
24640172,565,20,545
24640173,701,4,697
24640174,591,1,590
24640175,442,2,440
24640176,1603,14,1589
24640177,590,7,583
24640178,487,8,479
24640179,582,3,579
24640181,457,2,455
24640182,944,23,921
24640183,578,0,578
24640184,561,5,556
24640185,477,4,473
24640186,451,4,447
24640187,399,5,394
24640188,409,4,405
24640189,536,24,512
24640190,433,3,430
24640191,830,24,806
24640192,351,3,348
24640193,445,3,442
24640194,530,5,525
24640195,392,12,380
24640196,498,0,498
24640197,622,5,617
24640198,585,9,576
24640199,468,5,463
24640200,6001,52,5949
24640201,455,10,445
24640202,952,8,944
24640203,618,1,617
24640204,343,0,343
24640205,410,0,410
24640206,332,0,332
24640207,597,3,594
24640208,601,6,595
24640209,416,1,415
24640210,1197,25,1172
24640211,1037,14,1023
24640212,415,2,413
24640213,424,1,423
24640214,391,2,389
24640215,387,2,385
24640216,432,1,431
24640217,391,0,391
24640218,539,29,510
24640219,436,3,433
24640220,593,4,589
24640221,449,1,448
24640222,502,13,489
24640223,421,4,417
24640224,435,2,433
24640225,372,5,367
24640226,375,3,372
24640227,904,7,897
24640228,546,5,541
24640229,301,4,297
24640230,538,2,536
24640231,532,3,529
24640232,485,6,479
24640233,673,4,669
24640234,142,1,141
24640235,417,0,417
24640236,442,4,438
24640237,425,2,423
24640238,488,5,483
24640239,536,1,535
24640240,423,4,419
24640241,447,1,446
24640242,369,3,366
24640243,470,3,467
24640244,440,8,432
24640245,498,0,498
24640246,455,8,447
24640247,465,3,462
24640248,405,2,403
24640249,341,10,331
24640250,542,5,537
24640251,373,2,371
24640252,415,1,414
24640253,457,2,455
24640254,434,0,434
24640255,504,0,504
24640256,1195,8,1187
24640257,606,1,605
24640258,371,1,370
24640259,319,4,315
24640260,397,3,394
24640261,437,1,436
24640262,365,3,362
24640263,499,2,497
24640264,488,10,478
24640265,543,0,543
24640266,482,1,481
24640267,288,18,270
24640268,411,0,411
24640269,616,1,615
24640270,373,1,372
24640271,522,9,513
24640272,519,3,516
24640273,445,8,437
24640275,723,4,719
24640276,537,6,531
24640277,1206,0,1206
24640278,562,2,560
24640280,463,1,462
24640281,488,37,451
24640282,478,2,476
24640283,1710,5,1705
24640284,930,6,924
24640285,564,5,559
24640286,426,1,425
24640287,409,2,407
24640288,2900,11,2889
24640289,3320,26,3294
24640290,1463,12,1451
24640293,265,2,263
24640295,739,7,732
24640296,366,0,366
24640298,713,15,698
24640302,1464,11,1453
24640303,657,22,635
24640304,1210,1,1209
24640305,1169,13,1156
24640306,1228,9,1219
24640307,1237,6,1231
24640308,1994,28,1966
24640309,10164,92,10072
24640311,730,0,730
24640312,1036,1,1035
24650001,637,2,635
24650002,1033,7,1026
24650003,535,4,531
24650004,642,8,634
24650005,430,4,426
24650006,421,3,418
24650007,295,4,291
24650008,650,9,641
24650009,524,5,519
24650010,618,4,614
24650011,453,2,451
24650012,496,5,491
24650013,471,5,466
24650014,585,3,582
24650015,2979,13,2966
24650016,499,6,493
24650017,501,7,494
24650019,491,12,479
24650020,652,9,643
24650023,1009,2,1007
24650024,733,4,729
24650025,880,3,877
24650026,2246,3,2243
24650027,2192,11,2181
24650030,590,4,586
24650031,379,5,374
24650032,651,3,648
24650033,308,8,300
24650034,332,7,325
24650035,759,2,757
24650036,446,2,444
24650037,1265,3,1262
24650038,695,4,691
24650039,1131,6,1125
24650040,572,7,565
24650041,621,2,619
24650045,568,3,565
24650046,599,5,594
24650047,573,4,569
24650048,738,14,724
24650049,632,2,630
24650050,913,3,910
24650051,1062,6,1056
24650052,614,5,609
24650053,1437,3,1434
24650054,628,4,624
24650056,723,5,718
24650057,426,3,423
24650058,388,2,386
24650059,485,2,483
24650060,357,3,354
24650061,1647,11,1636
24650062,438,0,438
24650063,526,0,526
24650064,649,1,648
24650065,478,0,478
24650066,576,1,575
24650067,456,4,452
24650068,510,0,510
24650069,500,3,497
24650070,756,7,749
24650071,439,3,436
24650072,531,3,528
24650073,661,8,653
24650074,403,3,400
24650075,455,3,452
24650076,494,2,492
24650077,491,1,490
24650078,642,2,640
24650079,391,0,391
24650080,571,5,566
24650081,497,2,495
24650082,413,0,413
24650083,566,1,565
24650084,562,0,562
24650085,578,2,576
24650086,613,0,613
24650089,540,3,537
24650090,406,4,402
24650091,478,2,476
24650092,533,5,528
24650093,565,1,564
24650094,457,4,453
24650095,415,4,411
24650096,394,3,391
24650097,520,51,469
24650098,400,1,399
24650099,544,1,543
24650100,452,0,452
24650101,601,1,600
24650102,515,0,515
24650103,419,5,414
24650104,782,6,776
24650105,574,4,570
24650106,781,4,777
24650107,442,2,440
24650108,332,2,330
24650109,674,6,668
24650110,484,3,481
24650111,411,2,409
24650112,429,2,427
24650113,424,2,422
24650114,814,11,803
24650115,184,5,179
24650116,755,10,745
24650117,338,2,336
24650118,1941,57,1884
24650119,444,3,441
24650120,492,2,490
24650121,434,3,431
24650122,531,6,525
24650123,557,4,553
24650124,483,2,481
24650125,510,5,505
24650126,866,3,863
24650127,372,1,371
24650128,441,2,439
24650129,481,1,480
24650130,602,4,598
24650131,537,4,533
24650132,747,8,739
24650133,691,2,689
24650134,675,2,673
24650135,568,2,566
24650136,457,3,454
24650137,519,0,519
24650138,576,4,572
24650139,511,5,506
24650140,397,3,394
24650141,691,8,683
24650142,731,5,726
24650143,497,1,496
24650144,672,1,671
24650145,705,7,698
24650146,1545,11,1534
24650147,1862,16,1846
24650148,366,3,363
24650149,541,0,541
24650150,521,3,518
24650151,439,2,437
24650153,538,1,537
24650154,462,1,461
24650155,281,1,280
24650156,334,0,334
24650158,599,8,591
24650159,1483,6,1477
24650160,410,1,409
24650161,398,1,397
24650162,989,1,988
24650163,670,2,668
24650165,1265,10,1255
24650166,562,6,556
24650167,846,4,842
24650168,971,7,964
24650169,1951,14,1937
24650170,633,5,628
24650171,395,5,390
24650172,338,4,334
24650173,297,3,294
24650174,421,3,418
24650175,697,4,693
24650176,735,4,731
24650177,545,7,538
24650178,473,5,468
24650179,613,4,609
24650180,766,6,760
24650181,1070,8,1062
24650182,784,6,778
24650183,489,4,485
24650184,408,1,407
24650185,441,1,440
24650186,569,2,567
24650187,459,0,459
24650188,564,0,564
24650189,478,0,478
24650190,524,0,524
24650191,693,11,682
24650192,559,1,558
24650193,564,1,563
24650194,576,3,573
24650195,474,1,473
24650196,471,1,470
24650197,600,0,600
24650198,622,1,621
24650199,513,5,508
24650200,432,6,426
24650201,526,12,514
24650202,524,4,520
24650204,722,8,714
24650205,626,5,621
24650206,830,15,815
24650207,525,5,520
24650208,611,1,610
24650209,455,1,454
24650210,376,2,374
24650211,721,4,717
24650212,493,0,493
24650213,567,2,565
24650214,472,13,459
24650215,546,2,544
24650216,648,1,647
24650217,542,2,540
24650218,502,2,500
24650219,574,0,574
24650220,924,3,921
24650221,473,18,455
24650222,422,1,421
24650223,523,0,523
24650224,607,2,605
24650225,492,0,492
24650226,608,1,607
24650227,584,20,564
24650228,664,4,660
24650229,1117,6,1111
24650230,480,0,480
24650231,718,6,712
24650232,639,2,637
24650235,474,1,473
24650236,465,0,465
24650237,529,1,528
24650238,349,0,349
24650239,407,0,407
24650240,500,1,499
24650242,527,1,526
24650243,478,0,478
24650244,563,2,561
24650246,471,4,467
24650247,389,0,389
24650248,404,4,400
24650249,351,2,349
24650250,415,1,414
24650251,431,0,431
24650252,434,2,432
24650255,636,0,636
24650256,1847,4,1843
24650258,1444,4,1440
24650260,718,1,717
24650261,725,10,715
24650262,493,0,493
24650263,407,0,407
24650264,267,1,266
24650265,912,7,905
24650266,826,0,826
24650267,709,1,708
24650268,497,0,497
24650269,660,1,659
24650270,449,1,448
24650271,529,3,526
24650272,538,1,537
24650273,553,1,552
24650274,541,1,540
24650275,493,0,493
24650276,513,0,513
24650277,569,2,567
24650278,476,17,459
24650279,344,1,343
24650280,515,3,512
24650281,283,1,282
24650283,584,2,582
24650284,464,8,456
24650285,738,12,726
24650286,560,1,559
24650287,614,2,612
24650289,432,4,428
24650291,651,1,650
24650292,514,1,513
24650293,601,1,600
24650294,651,6,645
24650295,698,4,694
24650296,781,2,779
24650297,572,1,571
24650298,456,0,456
24650299,478,1,477
24650300,449,0,449
24650301,1344,9,1335
24650302,458,1,457
24650303,520,1,519
24650304,728,1,727
24650305,528,0,528
24650306,520,2,518
24650307,606,1,605
24650308,1016,4,1012
24650309,596,2,594
24650310,687,1,686
24650311,619,0,619
24650312,497,0,497
24650313,566,1,565
24650314,484,2,482
24650315,562,5,557
24650316,577,3,574
24650317,1300,10,1290
24650318,690,4,686
24650319,888,2,886
24650320,1084,5,1079
24650321,554,1,553
24650322,476,0,476
24650323,497,1,496
24650324,609,1,608
24650325,419,0,419
24650326,570,0,570
24650327,612,1,611
24650328,546,1,545
24650329,592,1,591
24650330,497,0,497
24650331,443,0,443
24650332,438,1,437
24650333,388,10,378
24650334,679,2,677
24650337,489,0,489
24650339,435,4,431
24650340,512,5,507
24650341,578,0,578
24650342,611,4,607
24650343,620,1,619
24650344,637,5,632
24650345,526,0,526
24650346,422,0,422
24650347,902,13,889
24650348,403,0,403
24650349,409,0,409
24650350,654,1,653
24650351,470,2,468
24650352,671,5,666
24650353,540,0,540
24650354,465,0,465
24650355,469,0,469
24650356,451,0,451
24650357,488,1,487
24650358,419,0,419
24650359,359,1,358
24650360,676,1,675
24650361,588,1,587
24650362,600,1,599
24650363,531,0,531
24650364,621,5,616
24650365,329,0,329
24650366,599,0,599
24650367,489,0,489
24650368,596,0,596
24650369,546,2,544
24650370,593,1,592
24650371,981,2,979
24650372,487,2,485
24650373,103,2,101
24650374,691,3,688
24650380,638,6,632
24650381,858,11,847
24650382,655,2,653
24650383,405,5,400
24650384,143,2,141
24650385,395,2,393
24650386,411,2,409
24650387,681,13,668
24650389,547,2,545
24650390,489,8,481
24650391,482,13,469
24650392,665,6,659
24650393,495,7,488
24650394,479,4,475
24650395,489,3,486
24650396,798,3,795
24650397,419,4,415
24650398,487,5,482
24650399,459,5,454
24650400,436,5,431
24650401,715,6,709
24650402,1165,6,1159
24650404,576,6,570
24650405,714,1,713
24650406,705,17,688
24650407,545,5,540
24650408,1671,5,1666
24650410,584,7,577
24650411,490,18,472
24650412,411,57,354
24650413,762,22,740
24650414,554,15,539
24650415,534,14,520
24650416,576,29,547
24650417,429,5,424
24650418,481,9,472
24650419,575,1,574
24650420,440,2,438
24650421,643,2,641
24650422,590,1,589
24650423,522,7,515
24650424,592,10,582
24650425,723,4,719
24650426,597,4,593
24650427,661,3,658
24650428,2087,36,2051
24650429,317,2,315
24650433,448,1,447
24650434,476,0,476
24650437,583,14,569
24650438,748,1,747
24650439,559,2,557
24650440,675,21,654
24650441,1827,18,1809
24650442,399,2,397
24650443,818,7,811
24650444,492,2,490
24650445,555,9,546
24650446,907,10,897
24650447,408,4,404
24650448,440,4,436
24650449,468,2,466
24650450,415,4,411
24650451,491,0,491
24650452,551,5,546
24650453,586,0,586
24650454,670,7,663
24650455,451,8,443
24650456,609,9,600
24650457,709,5,704
24650458,421,3,418
24650459,449,3,446
24650460,479,5,474
24650461,649,2,647
24650462,485,28,457
24650463,442,6,436
24650464,1001,33,968
24650466,598,1,597
24650467,450,0,450
24650468,547,14,533
24650469,366,1,365
24650470,435,3,432
24650471,485,12,473
24650472,409,5,404
24650473,508,4,504
24650474,421,4,417
24650475,660,11,649
24650476,418,8,410
24650477,620,1,619
24650478,650,7,643
24650479,1142,3,1139
24650480,507,0,507
24650481,585,1,584
24650482,502,3,499
24650483,670,7,663
24650485,661,1,660
24650486,941,7,934
24650487,517,1,516
24650488,600,1,599
24650489,334,0,334
24650490,438,0,438
24650492,588,4,584
24650493,613,6,607
24650494,502,2,500
24650495,590,3,587
24650496,404,3,401
24650497,711,7,704
24650498,755,5,750
24650499,441,4,437
24650500,571,3,568
24650501,807,3,804
24650502,1194,9,1185
24650504,551,3,548
24650505,743,5,738
24650506,1099,5,1094
24650507,493,0,493
24650508,527,1,526
24650509,544,6,538
24650510,546,4,542
24650511,1818,5,1813
24650512,793,0,793
24650513,339,2,337
24650514,431,3,428
24650515,554,4,550
24650516,438,1,437
24650517,517,5,512
24650518,540,12,528
24650519,446,8,438
24650520,612,0,612
24650521,464,9,455
24650522,567,3,564
24650523,489,10,479
24650527,648,4,644
24650528,1241,6,1235
24650529,392,0,392
24650530,439,7,432
24650531,359,2,357
24650532,1077,8,1069
24650533,504,1,503
24650534,451,3,448
24650535,775,15,760
24650536,1529,5,1524
24650537,625,4,621
24650538,652,1,651
24650539,452,0,452
24650540,450,5,445
24650541,1056,5,1051
24650542,833,1,832
24650543,803,1,802
24650544,553,0,553
24650545,947,2,945
24650546,416,0,416
24650547,898,15,883
24650548,356,0,356
24650549,379,1,378
24650550,525,0,525
24650551,420,6,414
24650552,605,0,605
24650554,1074,7,1067
24650555,506,4,502
24650556,329,3,326
24650557,372,1,371
24650558,394,2,392
24650559,572,4,568
24650562,1065,13,1052
24650563,478,3,475
24650564,579,3,576
24650565,581,2,579
24650566,956,3,953
24650567,826,2,824
24650568,452,3,449
24650569,535,9,526
24650570,538,0,538
24650571,953,5,948
24650573,1187,3,1184
24650574,532,0,532
24650575,526,14,512
24650576,618,4,614
24650577,1824,5,1819
24650579,355,0,355
24650580,479,1,478
24650581,350,1,349
24650582,700,12,688
24650583,439,2,437
24650584,499,1,498
24650585,473,2,471
24650586,575,5,570
24650587,803,21,782
24650588,612,2,610
24650589,331,7,324
24650590,608,2,606
24650591,211,1,210
24650592,468,1,467
24650593,464,1,463
24650594,1625,29,1596
24650595,0,0,0
24650596,631,4,627
24650597,874,3,871
24650598,967,6,961
24650599,1152,14,1138
24650600,1332,4,1328
24650602,1526,7,1519
24650603,2238,5,2233
24650604,1301,6,1295
24650605,764,4,760
24650606,493,3,490
24650607,724,17,707
24650608,456,2,454
24650609,1793,12,1781
24650610,1374,4,1370
24650612,1211,106,1105
24650613,495,5,490
24650614,479,3,476
24650615,566,3,563
24650616,515,5,510
24650618,753,0,753
24650619,441,7,434
24650620,1094,1,1093
24650621,507,6,501
24650622,738,7,731
24650623,367,5,362
24650624,769,4,765
24650625,580,6,574
24650626,767,10,757
24650627,498,6,492
24650628,628,9,619
24650629,1491,2,1489
24650630,2912,3,2909
24650631,1167,8,1159
24650632,918,2,916
24650633,887,1,886
24650634,1515,4,1511
24650635,1934,2,1932
24650636,473,5,468
24650637,632,3,629
24650638,872,6,866
24650639,1713,13,1700
24650640,654,2,652
24650641,590,0,590
24650642,371,0,371
24650643,525,0,525
24650644,653,2,651
24650645,1788,8,1780
24650646,726,4,722
24650647,2725,6,2719
24650649,1541,10,1531
24650650,253,3,250
24650651,556,6,550
24650653,546,1,545
24650654,423,3,420
24650655,465,0,465
24650657,1031,9,1022
24650658,1084,4,1080
24650663,323,0,323
24650664,616,23,593
24650665,714,1,713
24650667,1873,1,1872
24650668,3745,11,3734
24650669,1083,2,1081
24650670,1114,2,1112
24650672,2675,13,2662
24650673,577,1,576
24650676,417,0,417
24650677,927,1,926
24650678,454,0,454
24650679,2114,4,2110
24650680,1131,1,1130
24650681,530,5,525
24650682,619,8,611
24650683,1334,2,1332
24650684,1568,9,1559
24650685,371,0,371
24650686,402,15,387
24650687,492,0,492
24650688,467,3,464
24650689,832,2,830
24650690,1186,6,1180
24650691,718,3,715
24650692,697,2,695
24650693,664,1,663
24650694,816,1,815
24650697,713,10,703
24650698,705,0,705
24650699,1120,4,1116
24650700,1175,14,1161
24650701,5214,73,5141
24650702,316,3,313
24650703,373,2,371
24650704,621,7,614
24650705,582,8,574
24650708,393,5,388
24650710,772,26,746
24660001,620,1,619
24660002,531,4,527
24660003,323,4,319
24660004,289,7,282
24660005,240,4,236
24660006,422,4,418
24660007,710,11,699
24660008,546,6,540
24660009,249,4,245
24660010,549,5,544
24660011,660,2,658
24660012,946,50,896
24660013,492,8,484
24660014,542,16,526
24660015,459,23,436
24660016,724,3,721
24660017,530,0,530
24660020,465,6,459
24660021,587,3,584
24660022,341,1,340
24660023,554,8,546
24660024,612,4,608
24660025,499,4,495
24660026,473,3,470
24660027,574,9,565
24660028,331,2,329
24660029,376,2,374
24660030,1109,6,1103
24660031,510,3,507
24660032,499,6,493
24660033,930,11,919
24660034,354,2,352
24660035,459,6,453
24660036,832,8,824
24660037,674,18,656
24660038,590,16,574
24660039,517,15,502
24660040,475,11,464
24660041,585,7,578
24660042,599,8,591
24660043,457,10,447
24660044,238,14,224
24660045,481,2,479
24660046,407,1,406
24660047,376,2,374
24660048,526,3,523
24660049,500,13,487
24660050,566,5,561
24660051,391,9,382
24660052,589,2,587
24660053,430,8,422
24660054,502,4,498
24660055,628,21,607
24660056,523,1,522
24660057,917,0,917
24660058,352,25,327
24660059,427,3,424
24660060,387,1,386
24660061,589,3,586
24660062,447,0,447
24660063,620,3,617
24660064,633,6,627
24660065,580,0,580
24660066,520,0,520
24660067,570,0,570
24660068,485,0,485
24660069,606,1,605
24660070,517,0,517
24660071,553,0,553
24660072,576,6,570
24660073,498,4,494
24660074,465,3,462
24660075,447,4,443
24660076,503,2,501
24660077,474,1,473
24660078,510,3,507
24660079,501,3,498
24660080,629,3,626
24660081,614,1,613
24660082,656,4,652
24660083,477,8,469
24660084,468,1,467
24660085,606,10,596
24660086,428,4,424
24660087,794,5,789
24660088,460,7,453
24660089,403,3,400
24660090,1076,26,1050
24660091,588,3,585
24660092,321,5,316
24660093,648,8,640
24660094,598,7,591
24660095,544,11,533
24660096,532,2,530
24660097,544,6,538
24660098,505,3,502
24660099,800,4,796
24660100,477,5,472
24660101,528,25,503
24660102,534,6,528
24660103,390,1,389
24660104,621,5,616
24660107,503,0,503
24660108,772,5,767
24660109,584,21,563
24660110,709,2,707
24660111,384,2,382
24660112,476,0,476
24660114,658,1,657
24660115,434,0,434
24660117,536,2,534
24660118,590,0,590
24660119,282,0,282
24660120,546,2,544
24660121,512,0,512
24660122,457,7,450
24660123,476,0,476
24660124,604,0,604
24660125,659,0,659
24660126,532,0,532
24660127,487,0,487
24660128,527,2,525
24660129,527,0,527
24660130,619,1,618
24660131,595,0,595
24660132,557,0,557
24660133,661,5,656
24660134,558,0,558
24660135,509,1,508
24660136,321,0,321
24660137,506,0,506
24660138,1885,5,1880
24660139,378,0,378
24660140,738,3,735
24660141,475,0,475
24660142,481,2,479
24660143,409,0,409
24660144,1428,6,1422
24660145,493,0,493
24660146,582,0,582
24660147,691,1,690
24660148,584,0,584
24660149,1015,10,1005
24660150,602,0,602
24660151,439,3,436
24660152,398,2,396
24660153,491,2,489
24660154,489,0,489
24660155,586,3,583
24660156,748,10,738
24660157,535,22,513
24660158,596,6,590
24660159,669,8,661
24660160,423,3,420
24660161,349,2,347
24660162,512,6,506
24660163,1042,15,1027
24660164,677,0,677
24660165,997,4,993
24660166,648,0,648
24660167,820,0,820
24660168,339,0,339
24660169,542,0,542
24660170,501,0,501
24660171,662,0,662
24660172,426,1,425
24660173,417,5,412
24660174,648,3,645
24660175,594,5,589
24660176,804,0,804
24660177,383,0,383
24660178,463,0,463
24660179,487,1,486
24660180,604,10,594
24660181,942,10,932
24660182,723,4,719
24660183,537,4,533
24660184,478,0,478
24660185,308,3,305
24660186,812,13,799
24660187,579,4,575
24660188,601,0,601
24660189,553,0,553
24660190,791,6,785
24660191,533,11,522
24660192,653,13,640
24660193,452,6,446
24660194,354,12,342
24660195,622,10,612
24660196,434,5,429
24660197,632,23,609
24660198,635,18,617
24660199,444,7,437
24660200,445,7,438
24660201,578,6,572
24660202,514,4,510
24660203,1316,0,1316
24660204,479,3,476
24660205,1362,0,1362
24660206,460,2,458
24660207,401,0,401
24660208,327,0,327
24660209,406,0,406
24660210,681,0,681
24660211,789,1,788
24660212,586,1,585
24660213,646,1,645
24660214,538,0,538
24660215,534,0,534
24660216,428,0,428
24660217,624,1,623
24660218,670,0,670
24660219,392,0,392
24660220,990,3,987
24660221,343,2,341
24660222,509,0,509
24660223,569,3,566
24660224,444,8,436
24660225,569,0,569
24660226,604,2,602
24660227,731,4,727
24660228,471,0,471
24660229,601,0,601
24660230,540,2,538
24660231,780,0,780
24660232,1021,5,1016
24660233,1578,4,1574
24660234,594,8,586
24660235,870,9,861
24660236,770,13,757
24660238,514,5,509
24660239,896,4,892
24660241,850,0,850
24660242,896,5,891
24660243,906,8,898
24660244,814,0,814
24660245,541,0,541
24660246,922,5,917
24660247,662,2,660
24660248,693,0,693
24660249,679,3,676
24660250,583,0,583
24660251,577,0,577
24660252,635,0,635
24660253,509,0,509
24660254,922,5,917
24660255,650,0,650
24660256,703,0,703
24660257,577,2,575
24660258,645,15,630
24660259,529,9,520
24660260,759,11,748
24660261,450,9,441
24660262,636,17,619
24660263,726,3,723
24660264,1158,9,1149
24660265,461,0,461
24660266,670,0,670
24660267,553,0,553
24660268,455,0,455
24660269,410,0,410
24660270,510,0,510
24660271,531,0,531
24660272,442,0,442
24660273,512,0,512
24660274,693,3,690
24660275,954,6,948
24660276,503,2,501
24660277,559,0,559
24660278,529,0,529
24660279,390,1,389
24660280,498,1,497
24660281,605,3,602
24660282,577,0,577
24660283,425,0,425
24660284,736,3,733
24660285,728,0,728
24660286,714,0,714
24660287,465,3,462
24660288,685,1,684
24660289,1078,2,1076
24660290,727,5,722
24660291,408,2,406
24660292,714,0,714
24660293,596,1,595
24660294,439,4,435
24660295,628,0,628
24660296,769,1,768
24660297,399,1,398
24660298,267,5,262
24660299,800,3,797
24660300,623,0,623
24660301,1466,30,1436
24660302,961,5,956
24660303,617,0,617
24660304,446,0,446
24660305,454,2,452
24660306,638,0,638
24660307,554,0,554
24660308,403,0,403
24660309,491,0,491
24660310,618,0,618
24660311,933,2,931
24660312,550,1,549
24660313,783,0,783
24660314,490,1,489
24660315,420,0,420
24660316,588,0,588
24660319,461,1,460
24660320,603,0,603
24660321,816,1,815
24660322,683,4,679
24660323,668,0,668
24660324,604,3,601
24660325,566,0,566
24660326,395,1,394
24660327,578,0,578
24660328,697,0,697
24660329,510,3,507
24660330,623,0,623
24660331,549,0,549
24660332,517,1,516
24660333,487,2,485
24660334,669,1,668
24660335,694,5,689
24660336,592,0,592
24660337,674,2,672
24660338,889,3,886
24660339,617,0,617
24660340,255,0,255
24660341,407,0,407
24660342,584,5,579
24660343,550,0,550
24660344,508,1,507
24660345,677,7,670
24660346,778,2,776
24660347,497,4,493
24660348,348,1,347
24660349,424,2,422
24660350,615,3,612
24660351,538,1,537
24660352,537,2,535
24660353,569,11,558
24660354,687,3,684
24660355,543,2,541
24660356,479,3,476
24660357,488,3,485
24660358,624,3,621
24660359,495,0,495
24660360,493,2,491
24660361,582,0,582
24660362,673,0,673
24660363,742,3,739
24660364,834,0,834
24660365,605,0,605
24660366,569,0,569
24660367,865,33,832
24660368,781,2,779
24660369,602,1,601
24660370,622,3,619
24660371,559,0,559
24660372,775,5,770
24660373,713,2,711
24660374,514,0,514
24660375,507,0,507
24660376,311,0,311
24660377,335,0,335
24660378,328,2,326
24660379,470,1,469
24660380,381,0,381
24660381,1183,5,1178
24660382,498,3,495
24660383,575,0,575
24660384,534,1,533
24660385,698,5,693
24660386,543,2,541
24660387,431,0,431
24660388,466,2,464
24660389,758,5,753
24660390,410,0,410
24660391,370,0,370
24660392,458,3,455
24660393,653,1,652
24660394,589,0,589
24660395,565,0,565
24660396,479,0,479
24660397,656,0,656
24660398,945,1,944
24660399,453,0,453
24660400,594,0,594
24660401,554,4,550
24660402,799,1,798
24660403,375,1,374
24660404,430,0,430
24660405,615,3,612
24660406,431,1,430
24660407,460,2,458
24660408,537,2,535
24660409,536,0,536
24660410,490,1,489
24660411,503,0,503
24660412,731,1,730
24660413,599,0,599
24660414,603,0,603
24660415,696,0,696
24660416,435,1,434
24660417,410,2,408
24660418,274,3,271
24660419,462,4,458
24660420,534,1,533
24660421,643,5,638
24660422,558,4,554
24660423,485,4,481
24660424,479,3,476
24660425,586,0,586
24660426,529,0,529
24660427,528,1,527
24660428,802,8,794
24660429,647,1,646
24660430,465,1,464
24660431,522,1,521
24660432,648,2,646
24660433,713,3,710
24660434,651,3,648
24660435,582,0,582
24660436,498,0,498
24660437,383,1,382
24660438,446,3,443
24660439,366,2,364
24660440,315,0,315
24660441,316,0,316
24660442,620,1,619
24660443,555,0,555
24660444,508,8,500
24660445,697,17,680
24660446,309,8,301
24660447,443,5,438
24660448,443,0,443
24660449,404,0,404
24660450,599,4,595
24660451,663,5,658
24660452,487,1,486
24660453,702,0,702
24660454,510,0,510
24660455,399,7,392
24660456,823,5,818
24660457,555,0,555
24660458,698,0,698
24660459,653,0,653
24660460,738,33,705
24660461,640,14,626
24660462,588,2,586
24660463,724,4,720
24660464,655,4,651
24660465,557,0,557
24660466,513,3,510
24660467,417,0,417
24660468,708,5,703
24660469,527,3,524
24660470,699,0,699
24660471,604,10,594
24660472,674,34,640
24660473,690,9,681
24660474,681,2,679
24660475,529,6,523
24660476,493,0,493
24660478,761,3,758
24660479,661,0,661
24660480,484,1,483
24660481,435,0,435
24660482,573,0,573
24660483,497,0,497
24660484,725,0,725
24660485,468,0,468
24660486,999,0,999
24660487,607,0,607
24660488,729,7,722
24660489,562,2,560
24660490,590,1,589
24660491,626,0,626
24660492,682,0,682
24660493,540,2,538
24660494,641,2,639
24660495,399,2,397
24660496,1079,29,1050
24660497,583,2,581
24660498,719,5,714
24660499,558,0,558
24660500,893,1,892
24660501,734,4,730
24660502,963,4,959
24660503,520,0,520
24660504,540,1,539
24660505,590,0,590
24660506,726,0,726
24660507,492,0,492
24660508,551,0,551
24660509,534,1,533
24660510,444,2,442
24660511,436,0,436
24660512,1158,7,1151
24660513,930,0,930
24660514,493,0,493
24660515,715,4,711
24660516,1461,6,1455
24660517,1080,7,1073
24660518,1133,11,1122
24660525,598,0,598
24660526,748,0,748
24660530,655,0,655
24660533,573,1,572
24660536,1865,3,1862
24660537,1051,1,1050
24660538,516,0,516
24660539,674,0,674
24660540,1166,3,1163
24660541,599,0,599
24660542,445,0,445
24660543,547,3,544
24660544,547,0,547
24660545,765,0,765
24660546,603,2,601
24660547,497,4,493
24660548,620,0,620
24660550,501,0,501
24660551,429,2,427
24660552,753,7,746
24660555,613,4,609
24660556,1110,10,1100
24660557,717,2,715
24660558,686,4,682
24660560,529,0,529
24660561,647,0,647
24660562,632,0,632
24660563,600,0,600
24660564,631,0,631
24660565,997,8,989
24660566,599,0,599
24660567,541,0,541
24660568,618,0,618
24660569,503,5,498
24660570,541,0,541
24660571,746,9,737
24660572,567,0,567
24660576,568,2,566
24660577,433,4,429
24660578,876,4,872
24660579,518,2,516
24660580,299,0,299
24660581,761,0,761
24660582,891,0,891
24660583,910,2,908
24660584,555,0,555
24660585,888,8,880
24660586,513,0,513
24660587,488,1,487
24660588,546,0,546
24660590,346,0,346
24660594,547,0,547
24660595,2117,0,2117
24660596,620,0,620
24660597,463,0,463
24660598,417,0,417
24660599,458,0,458
24660600,618,3,615
24660601,747,2,745
24660602,505,0,505
24660603,415,0,415
24660604,483,0,483
24660605,540,0,540
24660606,374,0,374
24660607,944,1,943
24660608,1195,4,1191
24660609,1064,4,1060
24660610,628,0,628
24660611,1859,12,1847
24660613,1066,4,1062
24660614,425,3,422
24660615,563,0,563
24660616,911,0,911
24660617,370,0,370
24660618,659,0,659
24660619,526,0,526
24660620,454,0,454
24660621,355,0,355
24660622,523,0,523
24660623,273,0,273
24660624,455,2,453
24660625,570,0,570
24660626,509,0,509
24660627,497,0,497
24660628,570,1,569
24660629,834,2,832
24660630,476,0,476
24660631,701,2,699
24660632,500,0,500
24660633,628,3,625
24660634,701,9,692
24660635,926,6,920
24660636,599,0,599
24660637,571,0,571
24660638,479,0,479
24660639,503,57,446
24660640,433,12,421
24660641,515,3,512
24660642,495,5,490
24660643,617,1,616
24660644,614,10,604
24660645,715,4,711
24660646,677,2,675
24660649,801,0,801
24660650,962,3,959
24660652,556,3,553
24660654,383,28,355
24660655,468,0,468
24660656,562,1,561
24660657,771,8,763
24660659,641,0,641
24660660,559,6,553
24660661,746,9,737
24660662,249,4,245
24660663,652,2,650
24660664,1055,5,1050
24660665,517,0,517
24660666,836,5,831
24660667,551,1,550
24660668,473,0,473
24660669,525,0,525
24660670,776,0,776
24660671,791,3,788
24660672,503,0,503
24660673,463,0,463
24660676,490,0,490
24660677,583,0,583
24660678,990,7,983
24660679,590,2,588
24660680,435,0,435
24660681,1062,5,1057
24660682,233,0,233
24660683,470,0,470
24660684,612,0,612
24660685,633,0,633
24660686,366,0,366
24660687,633,0,633
24660688,626,6,620
24660689,710,9,701
24660690,626,3,623
24660691,563,4,559
24660692,628,8,620
24660693,783,6,777
24660694,671,0,671
24660695,1044,14,1030
24660696,592,0,592
24660697,714,1,713
24660698,257,1,256
24660699,410,0,410
24660700,512,0,512
24660701,509,2,507
24660710,546,3,543
24660711,667,2,665
24660712,505,1,504
24660713,510,0,510
24660714,482,0,482
24660715,578,1,577
24660716,545,10,535
24660717,682,1,681
24660718,607,9,598
24660719,399,0,399
24660722,409,0,409
24660723,536,0,536
24660724,427,0,427
24660725,598,1,597
24660726,509,0,509
24660727,700,1,699
24660728,676,4,672
24660729,359,5,354
24660730,568,2,566
24660731,371,4,367
24660732,314,1,313
24660733,521,4,517
24660734,510,0,510
24660735,571,5,566
24660736,887,4,883
24660737,710,4,706
24660738,502,2,500
24660741,1618,2,1616
24660742,357,0,357
24660743,429,3,426
24660744,1194,27,1167
24660745,539,4,535
24660746,561,4,557
24660748,594,0,594
24660749,793,0,793
24660750,600,0,600
24660751,636,0,636
24660752,466,2,464
24660753,517,4,513
24660754,628,5,623
24660755,1234,9,1225
24660756,534,0,534
24660757,655,1,654
24660758,438,4,434
24660759,808,5,803
24660760,489,0,489
24660761,556,0,556
24660762,659,6,653
24660763,544,0,544
24660764,854,15,839
24660765,556,0,556
24660766,559,1,558
24660767,516,2,514
24660768,512,0,512
24660769,791,2,789
24660770,508,3,505
24660771,682,1,681
24660772,520,0,520
24660773,509,0,509
24660774,693,5,688
24660775,540,1,539
24660776,653,0,653
24660777,435,0,435
24660778,521,0,521
24660779,523,0,523
24660780,582,10,572
24660781,546,0,546
24660783,592,0,592
24660784,474,0,474
24660785,542,0,542
24660786,417,0,417
24660787,413,0,413
24660788,868,1,867
24660794,1078,2,1076
24660797,449,1,448
24660798,598,1,597
24660799,572,0,572
24660800,526,1,525
24660801,444,0,444
24660802,614,2,612
24660803,413,0,413
24660804,776,1,775
24660805,494,0,494
24660806,529,0,529
24660807,530,0,530
24660808,332,1,331
24660809,543,2,541
24660810,495,0,495
24660812,1358,30,1328
24660813,651,18,633
24660814,643,10,633
24660815,529,18,511
24660816,802,25,777
24660818,710,14,696
24660820,539,0,539
24660821,556,0,556
24660822,363,4,359
24660823,612,4,608
24660824,941,3,938
24660825,580,3,577
24660826,477,2,475
24660827,709,0,709
24660828,608,0,608
24660829,616,3,613
24660830,604,1,603
24660832,419,0,419
24660833,409,0,409
24660834,604,0,604
24660835,759,4,755
24660836,492,1,491
24660837,672,2,670
24660838,606,0,606
24660839,762,0,762
24660840,686,5,681
24660841,682,0,682
24660842,664,0,664
24660843,282,0,282
24660844,593,0,593
24660845,500,0,500
24660846,694,0,694
24660847,604,0,604
24660848,445,1,444
24660849,609,2,607
24660850,426,0,426
24660851,542,1,541
24660852,583,0,583
24660853,589,0,589
24660854,820,0,820
24660855,508,1,507
24660856,961,1,960
24660857,644,3,641
24660858,465,0,465
24660859,686,1,685
24660860,693,5,688
24660861,991,3,988
24660862,501,0,501
24660863,595,1,594
24660864,751,1,750
24660865,1139,3,1136
24660866,976,0,976
24660868,616,5,611
24660869,328,0,328
24660870,379,0,379
24660871,676,6,670
24660872,789,8,781
24660874,799,0,799
24660876,530,1,529
24660877,467,1,466
24660878,248,3,245
24660879,521,1,520
24660880,630,0,630
24660881,298,6,292
24660882,444,0,444
24660883,711,5,706
24660884,678,0,678
24660885,611,0,611
24660886,984,5,979
24660887,432,0,432
24660888,445,0,445
24660889,412,0,412
24660890,595,0,595
24660891,463,0,463
24660892,564,0,564
24660893,529,0,529
24660894,774,3,771
24660895,487,0,487
24660896,423,1,422
24660897,677,2,675
24660898,267,0,267
24660899,489,1,488
24660900,645,0,645
24660901,536,0,536
24660902,536,7,529
24660903,452,8,444
24660904,410,7,403
24660905,727,2,725
24660906,436,1,435
24660907,332,1,331
24660908,762,3,759
24660909,446,0,446
24660910,484,1,483
24660911,427,0,427
24660912,557,2,555
24660913,387,0,387
24660914,341,2,339
24660915,828,9,819
24660916,461,4,457
24660917,463,6,457
24660918,496,14,482
24660919,522,20,502
24660920,424,4,420
24660921,683,0,683
24660922,581,0,581
24660923,643,3,640
24660924,417,1,416
24660925,651,6,645
24660926,711,0,711
24660927,650,7,643
24660928,417,4,413
24660929,656,1,655
24660930,343,5,338
24660931,530,4,526
24660932,390,8,382
24660933,443,4,439
24660934,469,8,461
24660935,627,8,619
24660936,457,6,451
24660937,420,8,412
24660938,577,4,573
24660939,368,4,364
24660940,641,13,628
24660941,349,5,344
24660942,766,8,758
24660943,341,0,341
24660944,564,5,559
24660945,423,6,417
24660946,573,5,568
24660947,426,30,396
24660948,708,3,705
24660949,885,2,883
24660950,598,10,588
24660951,523,0,523
24660952,832,3,829
24660953,463,1,462
24660954,506,5,501
24660955,380,4,376
24660956,563,9,554
24660957,384,45,339
24660958,506,3,503
24660959,340,8,332
24660960,468,7,461
24660961,551,2,549
24660962,497,11,486
24660963,460,6,454
24660964,559,9,550
24660965,452,8,444
24660966,648,9,639
24660967,792,15,777
24660968,773,12,761
24660969,450,4,446
24660970,546,3,543
24660971,425,3,422
24660972,308,7,301
24660973,407,5,402
24660974,353,3,350
24660975,661,2,659
24660976,490,1,489
24660977,547,2,545
24660978,532,3,529
24660979,544,11,533
24660980,422,1,421
24660981,993,3,990
24660982,433,1,432
24660983,708,10,698
24660984,342,8,334
24660985,429,7,422
24660986,421,4,417
24660987,432,3,429
24660988,363,4,359
24660989,351,9,342
24660990,637,6,631
24660991,726,1,725
24660992,776,38,738
24660993,544,0,544
24660994,568,2,566
24660995,298,0,298
24660997,1007,17,990
24660998,704,7,697
24660999,547,14,533
24661000,519,5,514
24661001,591,9,582
24661002,833,6,827
24661003,586,12,574
24661004,571,10,561
24661005,497,7,490
24661006,313,11,302
24661007,535,9,526
24661008,403,6,397
24661009,653,8,645
24661010,634,6,628
24661011,460,8,452
24661012,391,10,381
24661013,670,1,669
24661014,644,4,640
24661015,333,8,325
24661016,651,13,638
24661017,750,17,733
24661018,794,149,645
24661019,581,11,570
24661020,644,15,629
24661021,299,0,299
24661022,418,0,418
24661023,509,2,507
24661024,512,0,512
24661025,563,5,558
24661026,747,6,741
24661027,550,0,550
24661028,509,3,506
24661029,505,1,504
24661030,936,2,934
24661031,456,0,456
24661032,819,0,819
24661033,382,0,382
24661034,645,8,637
24661035,498,8,490
24661036,507,5,502
24661037,413,6,407
24661038,457,5,452
24661039,411,2,409
24661040,550,2,548
24661041,605,0,605
24661042,582,5,577
24661043,809,13,796
24661044,612,15,597
24661045,556,10,546
24661046,381,9,372
24661047,829,2,827
24661048,1613,52,1561
24661049,452,12,440
24661050,616,16,600
24661051,559,20,539
24661052,544,8,536
24661053,582,16,566
24661054,804,59,745
24661055,1333,9,1324
24661058,685,0,685
24661059,429,0,429
24661060,974,0,974
24661062,1034,0,1034
24661063,568,2,566
24661066,460,1,459
24661067,395,11,384
24661068,626,1,625
24661069,689,4,685
24661070,609,1,608
24661071,439,5,434
24661072,548,1,547
24661073,647,1,646
24661080,1410,3,1407
24661081,674,0,674
24661082,904,0,904
24661083,450,1,449
24661084,675,2,673
24661086,138,0,138
24661087,622,0,622
24661093,622,14,608
24661094,985,1,984
24661099,370,0,370
24661100,705,0,705
24661102,913,2,911
24661103,495,0,495
24661104,1560,3,1557
24661105,325,2,323
24661106,3030,12,3018
24661108,712,2,710
24661109,604,3,601
24661110,479,2,477
24661111,559,1,558
24661113,709,0,709
24661114,622,15,607
24661116,589,0,589
24661117,553,0,553
24661118,529,0,529
24661119,880,0,880
24661120,897,5,892
24661121,579,1,578
24661122,725,0,725
24661123,601,12,589
24661124,1317,0,1317
24661125,958,0,958
24661126,699,0,699
24661127,750,13,737
24661128,646,7,639
24661129,758,4,754
24661130,565,55,510
24661131,519,4,515
24661132,521,8,513
24661133,393,9,384
24661134,513,7,506
24661135,825,9,816
24661136,606,5,601
24661137,704,2,702
24661138,476,25,451
24661139,542,11,531
24661140,586,4,582
24661141,542,3,539
24661142,384,2,382
24661143,530,5,525
24661144,796,1,795
24661145,322,0,322
24661146,703,0,703
24661147,650,2,648
24661148,514,0,514
24661149,627,0,627
24661150,579,0,579
24661151,374,0,374
24661152,578,0,578
24661153,553,1,552
24661154,434,1,433
24661155,491,3,488
24661156,520,2,518
24661157,438,0,438
24661158,464,1,463
24661159,399,10,389
24661160,462,13,449
24661161,377,6,371
24661162,682,4,678
24661163,728,49,679
24661164,509,0,509
24661165,581,0,581
24661166,659,0,659
24661167,464,0,464
24661168,404,0,404
24661169,791,29,762
24661170,575,39,536
24661171,609,4,605
24661172,687,16,671
24661173,422,11,411
24661174,585,5,580
24661175,484,25,459
24661176,504,11,493
24661177,503,8,495
24661178,377,8,369
24661179,1046,27,1019
24661180,818,15,803
24661181,651,33,618
24661182,501,0,501
24661183,793,9,784
24661184,620,29,591
24661185,542,0,542
24661187,612,4,608
24661189,779,4,775
24661190,657,17,640
24661191,544,30,514
24661192,663,8,655
24661193,341,5,336
24661194,695,13,682
24661195,594,22,572
24661196,699,12,687
24661197,595,2,593
24661198,534,20,514
24661199,542,19,523
24661200,578,16,562
24661201,525,28,497
24661202,442,7,435
24661203,889,6,883
24661204,274,6,268
24661205,703,13,690
24661206,539,6,533
24661207,532,14,518
24661208,61,52,9
24661209,748,28,720
24661210,376,16,360
24661211,329,2,327
24661212,4684,41,4643
24661213,338,4,334
24661214,679,39,640
24661215,730,62,668
24661216,394,39,355
24661217,392,19,373
24661218,471,35,436
24661219,361,34,327
24661220,390,0,390
24661221,441,0,441
24661222,1110,3,1107
24661223,680,11,669
24661224,1391,4,1387
24661225,275,6,269
24661226,861,0,861
24661227,1532,0,1532
24661228,509,10,499
24661229,1251,3,1248
24661230,1144,1,1143
24661231,386,0,386
24661232,1431,0,1431
24661233,784,1,783
24661234,402,0,402
24661237,102,0,102
24661240,2353,6,2347
24661241,316,2,314
24661242,670,9,661
24661243,675,11,664
24661244,552,7,545
24661245,485,22,463
24661246,556,8,548
24661247,444,3,441
24661248,376,6,370
24661249,603,30,573
24661250,663,13,650
24661251,667,0,667
24661252,1354,13,1341
24661255,555,0,555
24661256,1137,0,1137
24661257,913,0,913
24661258,211,0,211
24661259,364,0,364
24661260,1175,4,1171
24661261,901,5,896
24661262,921,2,919
24661263,255,0,255
24661264,951,2,949
24661265,544,0,544
24661269,531,0,531
24661270,399,2,397
24661271,465,1,464
24661272,726,2,724
24661273,654,0,654
24661276,704,4,700
24661277,599,4,595
24661278,634,0,634
24661279,415,0,415
24661280,721,4,717
24661281,808,9,799
24661282,445,5,440
24661283,2741,4,2737
24661284,233,0,233
24661285,538,0,538
24661286,444,0,444
24661299,313,5,308
24661300,323,0,323
24661301,626,4,622
24661302,496,1,495
24661303,584,4,580
24661304,309,0,309
24661305,458,0,458
24661306,420,2,418
24661308,840,2,838
24661309,310,0,310
24661310,275,0,275
24661311,489,0,489
24661312,460,0,460
24661313,609,2,607
24661314,813,5,808
24661315,681,1,680
24661316,925,4,921
24661317,470,2,468
24661318,294,0,294
24661319,567,0,567
24661320,728,0,728
24661321,486,0,486
24661322,479,0,479
24661323,726,0,726
24661324,435,1,434
24661325,367,0,367
24661326,311,0,311
24661327,490,1,489
24661328,774,1,773
24661329,692,0,692
24661330,530,0,530
24661331,344,0,344
24661332,629,0,629
24661333,524,0,524
24661334,108,0,108
24661335,516,0,516
24661336,648,0,648
24661337,492,0,492
24661338,525,0,525
24661339,1039,3,1036
24661340,727,0,727
24661341,283,2,281
24661342,471,0,471
24661343,1169,3,1166
24661344,400,0,400
24661345,317,0,317
24661346,803,0,803
24661347,348,0,348
24661348,445,0,445
24661349,400,0,400
24661350,443,0,443
24661351,1105,12,1093
24661352,665,32,633
24661353,556,0,556
24661354,586,0,586
24661355,635,3,632
24661356,547,0,547
24661357,534,0,534
24661358,574,7,567
24661359,673,0,673
24661360,465,43,422
24661361,693,0,693
24661362,850,6,844
24661363,513,0,513
24661364,907,4,903
24661365,597,0,597
24661366,693,0,693
24661367,1053,0,1053
24661368,822,4,818
24661369,651,0,651
24661370,652,0,652
24661371,592,0,592
24661372,421,0,421
24661373,440,2,438
24661374,286,0,286
24661375,981,10,971
24661376,605,2,603
24661377,406,0,406
24661378,545,3,542
24661379,549,3,546
24661380,455,0,455
24661381,708,3,705
24661382,716,0,716
24661383,1101,3,1098
24661384,744,0,744
24661385,619,0,619
24661386,371,0,371
24661387,447,0,447
24661388,460,0,460
24661389,444,1,443
24661390,461,0,461
24661391,517,0,517
24661392,486,1,485
24661393,381,0,381
24661394,708,0,708
24661395,450,0,450
24661396,624,16,608
24661397,412,0,412
24661398,491,0,491
24661399,456,0,456
24661400,415,0,415
24661401,459,0,459
24661402,1412,5,1407
24661405,1368,2,1366
24661407,608,3,605
24661408,439,2,437
24661409,481,0,481
24661410,445,0,445
24661411,464,1,463
24661412,289,0,289
24661413,683,0,683
24661414,526,2,524
24661415,767,4,763
24661416,523,8,515
24661417,693,3,690
24661418,335,1,334
24661419,491,2,489
24661420,417,0,417
24661421,471,0,471
24661422,602,6,596
24661423,711,3,708
24661424,553,0,553
24661425,798,1,797
24661426,528,0,528
24661427,597,4,593
24661428,503,0,503
24661429,526,0,526
24661430,389,0,389
24661431,644,0,644
24661432,608,0,608
24661433,255,7,248
24661434,1000,10,990
24661435,613,9,604
24661436,660,14,646
24661437,920,13,907
24661438,674,13,661
24661439,440,0,440
24661440,571,2,569
24661441,1133,12,1121
24661442,1144,22,1122
24661443,599,7,592
24661444,1526,22,1504
24661445,459,8,451
24661446,581,7,574
24661447,876,10,866
24661448,508,9,499
24661449,495,9,486
24661450,459,0,459
24661451,425,5,420
24661452,393,1,392
24661453,775,4,771
24661454,668,16,652
24661455,416,20,396
24661456,638,0,638
24661457,699,3,696
24661458,398,0,398
24661459,384,0,384
24661460,305,0,305
24661461,656,0,656
24661462,490,0,490
24661463,799,0,799
24661464,650,0,650
24661465,378,1,377
24661466,517,0,517
24661467,577,4,573
24661468,661,2,659
24661469,495,0,495
24661470,395,2,393
24661471,431,0,431
24661472,419,0,419
24661473,360,2,358
24661474,385,6,379
24661475,362,6,356
24661476,345,2,343
24661477,765,4,761
24661478,461,5,456
24661479,725,4,721
24661480,584,6,578
24661481,645,6,639
24661482,769,5,764
24661483,569,3,566
24661484,627,0,627
24661485,468,0,468
24661486,539,0,539
24661487,626,0,626
24661488,502,0,502
24661489,657,0,657
24661490,622,7,615
24661491,651,10,641
24661492,474,3,471
24661493,759,9,750
24661494,779,7,772
24661495,445,4,441
24661496,365,0,365
24661497,343,0,343
24661498,373,0,373
24661499,612,6,606
24661500,553,0,553
24661501,559,1,558
24661502,491,0,491
24661503,474,0,474
24661504,590,9,581
24661505,487,0,487
24661506,757,3,754
24661507,585,10,575
24661508,455,14,441
24661509,634,18,616
24661510,565,10,555
24661513,574,0,574
24661514,549,0,549
24661515,491,0,491
24661516,638,0,638
24661517,562,1,561
24661518,626,4,622
24661519,664,1,663
24661520,1055,2,1053
24661521,1799,35,1764
24661522,923,1,922
24661523,480,0,480
24661524,343,0,343
24661525,557,5,552
24661526,404,4,400
24661527,435,3,432
24661528,504,3,501
24661529,406,1,405
24661530,554,6,548
24661531,596,7,589
24661532,653,0,653
24661533,837,27,810
24661534,421,3,418
24661535,536,4,532
24661536,520,4,516
24661537,534,3,531
24661538,451,0,451
24661539,594,0,594
24661540,640,0,640
24661541,518,0,518
24661542,365,0,365
24661543,393,0,393
24661544,391,2,389
24661545,644,0,644
24661546,494,1,493
24661547,545,6,539
24661548,587,0,587
24661549,578,0,578
24661550,381,0,381
24661551,534,2,532
24661554,348,0,348
24661555,720,0,720
24661556,603,2,601
24661557,451,0,451
24661558,343,0,343
24661559,346,0,346
24661560,576,0,576
24661561,368,0,368
24661562,528,0,528
24661563,734,0,734
24661564,916,5,911
24661566,786,3,783
24661567,455,0,455
24661568,435,0,435
24661569,421,0,421
24661570,408,2,406
24661571,490,1,489
24661572,618,0,618
24661573,1378,3,1375
24661574,596,11,585
24661575,738,20,718
24661576,619,0,619
24661577,642,0,642
24661578,547,0,547
24661579,644,0,644
24661580,637,19,618
24661581,595,0,595
24661582,441,2,439
24661583,471,14,457
24661584,405,0,405
24661585,609,1,608
24661586,499,0,499
24661587,655,0,655
24661589,427,0,427
24661590,492,0,492
24661591,591,10,581
24661592,560,0,560
24661593,387,0,387
24661594,621,5,616
24661595,511,0,511
24661597,500,3,497
24661598,476,0,476
24661599,526,0,526
24661600,513,0,513
24661601,854,1,853
24661602,584,0,584
24661603,579,3,576
24661606,492,0,492
24661609,1154,1,1153
24661611,490,0,490
24661614,872,0,872
24661615,796,12,784
24661616,690,0,690
24661617,323,2,321
24661618,1046,1,1045
24661619,875,0,875
24661620,913,6,907
24661621,1153,4,1149
24661622,400,0,400
24661623,562,1,561
24661624,429,0,429
24661625,561,2,559
24661626,860,0,860
24661627,965,3,962
24661628,675,0,675
24661629,545,9,536
24661630,745,4,741
24661631,800,12,788
24661632,626,29,597
24661633,690,20,670
24661634,365,2,363
24661635,558,3,555
24661636,499,12,487
24661637,304,0,304
24661638,383,0,383
24661639,728,0,728
24661640,781,6,775
24661641,697,3,694
24661642,460,0,460
24661643,479,1,478
24661644,470,0,470
24661645,672,0,672
24661646,412,1,411
24661647,912,3,909
24661648,469,0,469
24661649,443,0,443
24661650,481,0,481
24661651,504,5,499
24661652,563,6,557
24661653,645,10,635
24661654,797,4,793
24661655,390,1,389
24661656,349,3,346
24661657,441,4,437
24661658,665,1,664
24661659,559,3,556
24661660,602,4,598
24661661,436,0,436
24661662,480,0,480
24661663,526,22,504
24661664,676,38,638
24661665,489,7,482
24661666,745,6,739
24661667,443,8,435
24661668,625,6,619
24661669,531,6,525
24661670,825,6,819
24661671,442,5,437
24661672,371,6,365
24661673,1134,9,1125
24661674,640,4,636
24661675,293,3,290
24661676,439,4,435
24661677,447,2,445
24661678,449,4,445
24661679,288,2,286
24661680,640,2,638
24661681,608,8,600
24661682,651,7,644
24661683,524,3,521
24661684,656,14,642
24661685,850,1,849
24661686,656,16,640
24661687,565,2,563
24661688,481,0,481
24661689,433,4,429
24661690,449,1,448
24661691,606,8,598
24661692,752,12,740
24661693,504,0,504
24661694,250,0,250
24661695,354,0,354
24661696,602,0,602
24661697,1262,9,1253
24661698,546,5,541
24661699,678,3,675
24661700,738,3,735
24661701,475,0,475
24661702,516,1,515
24661703,609,0,609
24661704,638,4,634
24661705,594,5,589
24661708,2852,3,2849
24661709,923,11,912
24661710,471,2,469
24661711,526,9,517
24661712,402,5,397
24661713,586,8,578
24661714,490,26,464
24661715,717,0,717
24661716,543,20,523
24661717,458,21,437
24661718,425,1,424
24661719,668,7,661
24661720,648,1,647
24661721,488,0,488
24661723,655,0,655
24661725,304,5,299
24661726,450,9,441
24661727,479,6,473
24661728,871,2,869
24661729,172,7,165
24661730,432,1,431
24661731,463,0,463
24661732,410,0,410
24661733,481,0,481
24661734,578,1,577
24661735,560,2,558
24661736,556,0,556
24661737,433,8,425
24661738,692,8,684
24661739,560,5,555
24661740,457,4,453
24661741,580,6,574
24661742,496,4,492
24661743,407,13,394
24661744,620,0,620
24661745,476,4,472
24661746,796,11,785
24661747,492,4,488
24661748,1086,8,1078
24661749,584,0,584
24661750,580,9,571
24661751,335,9,326
24661752,768,3,765
24661753,530,0,530
24661754,449,18,431
24661755,458,0,458
24661756,440,2,438
24661757,818,2,816
24661758,484,3,481
24661759,520,0,520
24661760,436,1,435
24661761,833,6,827
24661762,615,6,609
24661763,1045,10,1035
24661764,336,5,331
24661765,995,0,995
24661766,889,3,886
24661767,1293,7,1286
24661768,486,6,480
24661769,351,12,339
24661770,433,1,432
24661771,767,4,763
24661772,368,4,364
24661773,679,10,669
24661774,465,3,462
24661775,447,3,444
24661776,426,1,425
24661777,702,0,702
24661778,1079,9,1070
24661779,638,12,626
24661780,549,36,513
24661781,730,3,727
24661782,630,2,628
24661783,1042,5,1037
24661784,690,0,690
24661785,418,1,417
24661786,600,0,600
24661787,559,0,559
24661788,559,17,542
24661789,564,27,537
24661790,614,14,600
24661791,557,3,554
24661792,659,11,648
24661793,424,3,421
24661794,431,15,416
24661795,807,24,783
24661796,473,1,472
24661797,335,22,313
24661798,643,2,641
24661799,537,2,535
24661800,544,0,544
24661801,306,0,306
24661802,653,2,651
24661803,471,0,471
24661804,528,0,528
24661805,671,16,655
24661806,702,2,700
24661807,585,4,581
24661808,455,0,455
24661809,492,6,486
24661810,1289,14,1275
24661811,496,0,496
24661812,457,1,456
24661813,419,1,418
24661814,581,5,576
24661815,357,0,357
24661816,647,21,626
24661817,557,0,557
24661818,464,8,456
24661819,676,10,666
24661820,511,3,508
24661821,762,47,715
24661822,564,0,564
24661823,586,2,584
24661824,1060,33,1027
24661825,502,0,502
24661826,597,15,582
24661827,959,11,948
24661828,676,10,666
24661829,512,1,511
24661830,566,3,563
24661831,452,3,449
24661832,577,0,577
24661833,626,11,615
24661834,552,2,550
24661835,633,6,627
24661836,337,4,333
24661837,436,3,433
24661838,750,18,732
24661839,580,0,580
24661840,338,2,336
24661841,362,0,362
24661842,733,7,726
24661843,664,1,663
24661844,547,2,545
24661845,544,20,524
24661846,576,10,566
24661847,602,32,570
24661848,755,30,725
24661849,641,0,641
24661850,529,0,529
24661851,703,3,700
24661852,686,14,672
24661853,921,3,918
24661854,509,0,509
24661855,589,0,589
24661856,346,3,343
24661857,367,12,355
24661858,855,4,851
24661859,667,2,665
24661860,628,5,623
24661861,622,3,619
24661862,433,0,433
24661863,583,3,580
24661864,343,0,343
24661865,570,2,568
24661866,580,3,577
24661867,451,0,451
24661868,475,1,474
24661869,467,0,467
24661870,834,4,830
24661871,1406,4,1402
24661872,148,0,148
24661873,625,7,618
24661874,712,2,710
24661877,445,2,443
24661879,941,26,915
24661880,572,0,572
24661881,728,0,728
24661882,1062,4,1058
24661883,707,34,673
24661884,585,0,585
24661885,769,2,767
24661886,702,1,701
24661887,631,0,631
24661889,1323,9,1314
24661890,388,3,385
24661891,323,2,321
24661892,550,16,534
24661893,317,27,290
24661894,334,4,330
24661895,684,0,684
24661896,509,4,505
24661897,694,2,692
24661898,551,12,539
24661899,982,15,967
24661900,591,7,584
24661901,415,7,408
24661902,709,3,706
24661903,455,1,454
24661904,477,0,477
24661905,541,7,534
24661906,510,8,502
24661907,679,2,677
24661908,786,2,784
24661909,410,0,410
24661910,503,0,503
24661911,523,0,523
24661912,468,2,466
24661913,571,0,571
24661916,673,3,670
24661917,771,3,768
24661918,620,1,619
24661919,865,2,863
24661920,421,8,413
24661921,378,0,378
24661922,541,1,540
24661925,2382,1,2381
24661926,510,0,510
24661927,665,4,661
24661928,631,8,623
24661929,536,0,536
24661936,409,0,409
24661937,708,4,704
24661940,694,0,694
24661941,501,3,498
24661942,287,0,287
24661943,501,0,501
24661944,628,0,628
24661945,392,0,392
24661946,682,1,681
24661947,464,0,464
24661948,529,2,527
24661949,679,0,679
24661950,399,0,399
24661953,608,5,603
24661954,624,5,619
24661955,513,0,513
24661956,451,0,451
24661957,747,6,741
24661958,781,3,778
24661959,489,1,488
24661960,617,1,616
24661961,459,21,438
24661962,440,0,440
24661963,785,0,785
24661964,763,0,763
24661965,618,9,609
24661966,1198,8,1190
24661967,836,13,823
24661968,538,4,534
24661969,636,2,634
24661970,514,0,514
24661971,489,0,489
24661972,786,4,782
24661973,491,0,491
24661974,528,5,523
24661975,587,0,587
24661976,581,8,573
24661977,421,1,420
24661978,567,28,539
24661979,663,5,658
24661980,576,8,568
24661981,461,3,458
24661982,541,1,540
24661983,645,4,641
24661984,637,18,619
24661985,401,0,401
24661986,636,0,636
24661987,398,0,398
24661988,330,0,330
24661989,547,17,530
24661990,474,6,468
24661991,611,3,608
24661992,562,0,562
24661993,638,0,638
24661994,490,0,490
24661995,734,2,732
24661996,480,2,478
24661997,525,0,525
24661998,701,2,699
24661999,594,0,594
24662000,510,0,510
24662001,617,0,617
24662002,591,0,591
24662003,286,5,281
24662004,565,2,563
24662005,532,0,532
24662006,587,6,581
24662007,599,6,593
24662008,548,2,546
24662009,486,2,484
24662010,576,0,576
24662011,771,5,766
24662012,680,23,657
24662013,584,6,578
24662014,774,12,762
24662015,389,6,383
24662016,627,4,623
24662017,408,1,407
24662018,445,11,434
24662019,444,6,438
24662020,472,28,444
24662021,464,3,461
24662022,507,15,492
24662024,1181,21,1160
24662025,736,4,732
24662026,767,4,763
24662027,637,2,635
24662028,433,0,433
24662029,573,0,573
24662030,481,0,481
24662031,724,5,719
24662032,639,0,639
24662033,423,3,420
24662034,321,17,304
24662035,563,14,549
24662036,520,11,509
24662037,597,13,584
24662038,418,2,416
24662039,324,8,316
24662040,1010,17,993
24662041,884,5,879
24662042,574,0,574
24662043,285,13,272
24662044,528,12,516
24662045,647,18,629
24662046,786,19,767
24662047,522,10,512
24662048,521,8,513
24662049,732,5,727
24662050,595,0,595
24662051,727,17,710
24662052,511,0,511
24662053,600,0,600
24662054,767,0,767
24662055,1062,4,1058
24662056,935,0,935
24662057,624,0,624
24662058,909,0,909
24662064,720,14,706
24662065,606,0,606
24662066,1210,3,1207
24662067,2,1,1
24662069,480,0,480
24662070,885,0,885
24662071,617,8,609
24662072,628,11,617
24662073,1455,11,1444
24662074,699,4,695
24662075,499,15,484
24662076,683,6,677
24662077,529,0,529
24662078,638,0,638
24662079,713,0,713
24662080,577,0,577
24662081,817,2,815
24662082,484,4,480
24662083,614,5,609
24662084,799,10,789
24662085,671,8,663
24662086,641,5,636
24662087,645,6,639
24662088,737,10,727
24662089,1123,5,1118
24662090,733,4,729
24662091,482,5,477
24662092,621,17,604
24662093,520,0,520
24662094,715,11,704
24662095,625,2,623
24662096,581,11,570
24662097,605,37,568
24662098,366,8,358
24662099,580,12,568
24662100,387,8,379
24662101,419,4,415
24662102,301,1,300
24662103,476,8,468
24662104,608,1,607
24662105,612,2,610
24662106,483,0,483
24662108,771,5,766
24662109,589,6,583
24662110,483,4,479
24662111,461,0,461
24662112,535,0,535
24662113,484,2,482
24662114,795,2,793
24662115,1058,3,1055
24662116,569,0,569
24662117,320,0,320
24662118,391,0,391
24662119,689,21,668
24662120,528,1,527
24662121,503,13,490
24662122,682,29,653
24662123,433,1,432
24662124,544,3,541
24662125,706,0,706
24662126,586,0,586
24662127,796,10,786
24662128,921,5,916
24662129,585,13,572
24662130,500,4,496
24662131,649,9,640
24662132,622,1,621
24662133,550,8,542
24662134,500,62,438
24662135,478,3,475
24662136,1880,2,1878
24662137,342,1,341
24662138,597,0,597
24662140,871,0,871
24662141,516,0,516
24662142,800,2,798
24662143,385,0,385
24662144,842,1,841
24662145,323,1,322
24662147,629,2,627
24662148,629,0,629
24662149,749,1,748
24662150,656,1,655
24662151,556,0,556
24662152,802,3,799
24662153,746,0,746
24662154,850,0,850
24662155,1157,48,1109
24662156,375,4,371
24662157,609,4,605
24662158,602,3,599
24662159,697,5,692
24662160,836,1,835
24662161,718,0,718
24662162,524,3,521
24662163,1112,31,1081
24662164,344,10,334
24662165,643,32,611
24662167,650,0,650
24662168,656,0,656
24662169,362,1,361
24662170,742,0,742
24662171,864,5,859
24662172,512,0,512
24662173,555,0,555
24662174,938,16,922
24662175,672,9,663
24662176,658,5,653
24662177,324,9,315
24662178,880,33,847
24662179,935,13,922
24662180,908,21,887
24662182,522,8,514
24662183,271,4,267
24662187,613,14,599
24662192,513,0,513
24662193,961,28,933
24662194,2232,26,2206
24662195,570,13,557
24662196,555,11,544
24662197,610,8,602
24662198,683,5,678
24662199,589,6,583
24662200,491,5,486
24662201,523,5,518
24662202,521,4,517
24662203,706,12,694
24662204,547,29,518
24662205,977,9,968
24662206,455,1,454
24662209,753,0,753
24662210,444,0,444
24662211,525,1,524
24662212,442,3,439
24662213,423,16,407
24662214,629,4,625
24662215,770,0,770
24662216,575,2,573
24662217,934,16,918
24662218,567,4,563
24662219,421,8,413
24662220,710,11,699
24662221,627,5,622
24662222,596,1,595
24662223,482,4,478
24662224,447,6,441
24662225,569,2,567
24662226,629,1,628
24662227,556,10,546
24662228,741,9,732
24662229,604,4,600
24662230,582,2,580
24662231,390,5,385
24662232,533,3,530
24662233,1606,19,1587
24662234,519,7,512
24662235,368,5,363
24662236,633,7,626
24662237,425,20,405
24662238,870,17,853
24662239,544,3,541
24662240,675,9,666
24662241,423,6,417
24662242,801,9,792
24662243,633,6,627
24662244,432,6,426
24662245,453,6,447
24662246,1276,74,1202
24662247,9,1,8
24662248,483,4,479
24662250,566,4,562
24662251,540,6,534
24662252,383,5,378
24662253,399,9,390
24662254,454,6,448
24662255,503,41,462
24662256,528,3,525
24662257,600,6,594
24662258,451,2,449
24662259,720,4,716
24662260,464,1,463
24662261,1104,7,1097
24662262,553,18,535
24662263,527,22,505
24662264,493,5,488
24662265,590,10,580
24662266,488,6,482
24662267,633,4,629
24662268,302,3,299
24662269,1337,8,1329
24662270,447,2,445
24662271,799,10,789
24662272,671,7,664
24662273,504,5,499
24662274,566,6,560
24662275,568,6,562
24662276,508,2,506
24662277,662,7,655
24662278,761,63,698
24662279,460,0,460
24662280,492,1,491
24662281,450,1,449
24662282,478,0,478
24662283,424,1,423
24662284,653,2,651
24662285,231,0,231
24662286,366,0,366
24662287,458,0,458
24662288,436,0,436
24662289,877,3,874
24662290,668,4,664
24662291,711,1,710
24662292,580,0,580
24662293,591,0,591
24662294,454,0,454
24662295,364,0,364
24662296,476,1,475
24662297,497,2,495
24662298,501,3,498
24662299,599,3,596
24662300,473,0,473
24662301,559,5,554
24662302,459,0,459
24662303,582,6,576
24662304,490,1,489
24662305,571,12,559
24662306,426,0,426
24662307,399,0,399
24662308,526,2,524
24662309,387,0,387
24662310,441,1,440
24662311,544,2,542
24662312,506,1,505
24662313,616,1,615
24662314,540,1,539
24662315,556,0,556
24662316,374,0,374
24662317,546,1,545
24662318,464,1,463
24662319,517,0,517
24662320,683,5,678
24662321,514,4,510
24662322,798,10,788
24662323,605,5,600
24662324,649,3,646
24662325,799,3,796
24662326,652,5,647
24662327,629,9,620
24662328,548,25,523
24662329,477,4,473
24662330,442,0,442
24662331,681,3,678
24662332,1240,9,1231
24662333,497,5,492
24662334,583,2,581
24662335,464,0,464
24662336,872,0,872
24662337,420,0,420
24662338,421,0,421
24662339,487,0,487
24662340,427,0,427
24662341,785,3,782
24662342,535,1,534
24662343,472,0,472
24662344,509,0,509
24662345,498,0,498
24662346,492,0,492
24662347,405,0,405
24662348,484,0,484
24662349,512,0,512
24662350,344,1,343
24662351,220,0,220
24662352,604,0,604
24662353,1216,1,1215
24662354,363,3,360
24662355,570,1,569
24662356,471,2,469
24662357,921,0,921
24662358,1132,1,1131
24662359,458,0,458
24662362,351,3,348
24662363,421,0,421
24662364,485,0,485
24662365,342,0,342
24662366,574,0,574
24662367,758,1,757
24662368,797,4,793
24662369,488,0,488
24662370,495,1,494
24662371,513,1,512
24662372,551,0,551
24662373,504,0,504
24662374,399,0,399
24662375,714,8,706
24662376,456,3,453
24662377,560,8,552
24662378,481,8,473
24662379,686,10,676
24662380,509,7,502
24662381,578,8,570
24662382,496,11,485
24662383,546,17,529
24662384,508,8,500
24662385,731,13,718
24662386,919,1,918
24662387,1283,6,1277
24662388,513,1,512
24662389,510,0,510
24662390,507,1,506
24662391,981,3,978
24662392,666,0,666
24662393,390,0,390
24662394,781,0,781
24662395,473,0,473
24662396,570,0,570
24662397,1054,1,1053
24662398,1418,6,1412
24662399,852,1,851
24662400,889,7,882
24662401,959,3,956
24662402,448,8,440
24662403,650,11,639
24662404,876,7,869
24662405,1340,22,1318
24662408,735,4,731
24662409,641,0,641
24662410,368,0,368
24662411,1021,1,1020
24662412,734,3,731
24662413,299,5,294
24662414,585,9,576
24662415,493,0,493
24662416,756,27,729
24662417,1168,13,1155
24662418,369,5,364
24662419,440,6,434
24662420,394,2,392
24662421,620,4,616
24662422,739,22,717
24662423,439,3,436
24662424,567,6,561
24662425,540,41,499
24662426,612,8,604
24662427,546,1,545
24662428,460,1,459
24662429,459,18,441
24662430,590,1,589
24662431,529,2,527
24662432,515,2,513
24662433,608,16,592
24662434,476,0,476
24662435,718,0,718
24662436,322,0,322
24662439,647,0,647
24662440,911,3,908
24662442,878,0,878
24662444,951,5,946
24662445,863,0,863
24662447,364,0,364
24662448,551,0,551
24662449,465,0,465
24662450,512,0,512
24662452,930,9,921
24662453,873,5,868
24662454,655,0,655
24662455,435,0,435
24662456,759,1,758
24662457,504,0,504
24662458,264,0,264
24662459,416,0,416
24662460,519,0,519
24662461,379,0,379
24662463,618,0,618
24662465,918,0,918
24662466,968,4,964
24662467,400,0,400
24662468,531,4,527
24662469,458,1,457
24662470,597,0,597
24662471,568,0,568
24662472,405,0,405
24662473,473,0,473
24662474,655,0,655
24662475,751,3,748
24662476,930,4,926
24662477,587,5,582
24662478,765,0,765
24662479,379,2,377
24662480,344,4,340
24662483,835,1,834
24662484,554,0,554
24662485,832,1,831
24662486,778,2,776
24662489,331,4,327
24662490,689,0,689
24662491,522,0,522
24662492,342,1,341
24662493,866,0,866
24662494,378,0,378
24662495,626,5,621
24662496,380,0,380
24662497,479,0,479
24662498,437,2,435
24662499,377,1,376
24662500,487,0,487
24662501,794,0,794
24662502,1377,10,1367
24662503,692,5,687
24662504,310,2,308
24662505,415,8,407
24662506,416,3,413
24662507,566,4,562
24662508,604,5,599
24662509,527,1,526
24662510,566,0,566
24662511,530,2,528
24662512,747,13,734
24662513,564,3,561
24662515,645,4,641
24662516,747,0,747
24662518,455,0,455
24662519,280,9,271
24662520,456,0,456
24662521,653,3,650
24662522,586,4,582
24662523,554,11,543
24662524,371,1,370
24662525,553,3,550
24662526,552,5,547
24662527,496,6,490
24662528,916,0,916
24662529,765,5,760
24662530,605,1,604
24662531,601,17,584
24662532,445,7,438
24662533,415,0,415
24662534,516,5,511
24662535,512,0,512
24662536,523,0,523
24662537,494,0,494
24662538,441,0,441
24662539,433,1,432
24662540,790,2,788
24662541,555,1,554
24662542,827,0,827
24662543,270,1,269
24662544,766,3,763
24662545,792,3,789
24662546,753,6,747
24662547,575,13,562
24662548,457,0,457
24662549,517,0,517
24662550,822,3,819
24662551,447,0,447
24662552,542,0,542
24662553,425,0,425
24662554,481,0,481
24662555,492,0,492
24662556,501,0,501
24662557,599,3,596
24662558,426,0,426
24662559,466,3,463
24662560,721,0,721
24662561,521,0,521
24662562,470,0,470
24662563,1131,5,1126
24662564,494,2,492
24662565,435,0,435
24662566,339,0,339
24662567,393,4,389
24662568,498,2,496
24662569,457,0,457
24662570,659,0,659
24662571,499,0,499
24662572,505,1,504
24662573,434,4,430
24662574,542,2,540
24662575,534,1,533
24662576,534,12,522
24662577,643,0,643
24662578,556,2,554
24662579,479,1,478
24662580,552,2,550
24662581,526,8,518
24662582,697,8,689
24662583,566,8,558
24662584,947,12,935
24662585,537,5,532
24662586,693,0,693
24662587,654,0,654
24662588,682,7,675
24662589,408,8,400
24662590,419,0,419
24662591,427,2,425
24662592,452,1,451
24662593,492,0,492
24662594,440,0,440
24662595,607,0,607
24662598,535,2,533
24662599,625,6,619
24662600,618,0,618
24662601,612,1,611
24662602,631,0,631
24662603,1206,2,1204
24662604,468,3,465
24662605,723,8,715
24662606,657,2,655
24662607,413,0,413
24662608,618,0,618
24662609,326,1,325
24662610,673,0,673
24662611,966,19,947
24662612,509,2,507
24662613,520,3,517
24662614,441,0,441
24662615,622,0,622
24662616,513,0,513
24662617,865,9,856
24662618,420,0,420
24662619,793,0,793
24662620,446,3,443
24662621,726,0,726
24662622,599,0,599
24662623,878,3,875
24662624,528,0,528
24662625,601,3,598
24662626,690,7,683
24662627,490,4,486
24662628,724,6,718
24662629,581,0,581
24662630,402,0,402
24662631,578,0,578
24662632,708,0,708
24662633,825,3,822
24662634,407,0,407
24662635,395,0,395
24662636,437,0,437
24662637,413,0,413
24662638,885,5,880
24662639,579,0,579
24662640,593,0,593
24662641,487,2,485
24662642,660,2,658
24662643,822,2,820
24662644,492,1,491
24662645,780,3,777
24662646,525,1,524
24662647,371,3,368
24662648,487,5,482
24662649,516,2,514
24662650,455,12,443
24662651,835,5,830
24662652,666,0,666
24662653,525,0,525
24662654,577,9,568
24662655,531,0,531
24662656,485,2,483
24662657,469,1,468
24662658,145,0,145
24662659,611,5,606
24662660,477,3,474
24662661,535,5,530
24662662,633,4,629
24662663,489,4,485
24662664,767,8,759
24662665,690,5,685
24662666,555,5,550
24662667,544,0,544
24662668,594,2,592
24662669,719,1,718
24662670,332,0,332
24662671,584,0,584
24662672,568,3,565
24662673,735,8,727
24662674,753,2,751
24662675,793,0,793
24662676,489,7,482
24662677,707,2,705
24662678,523,0,523
24662679,584,0,584
24662680,504,0,504
24662681,517,0,517
24662682,517,0,517
24662683,532,0,532
24662684,656,4,652
24662685,548,0,548
24662686,735,1,734
24662687,582,0,582
24662688,479,2,477
24662689,502,1,501
24662690,649,0,649
24662691,561,0,561
24662692,420,4,416
24662693,479,3,476
24662694,416,3,413
24662695,1094,4,1090
24662696,597,2,595
24662697,710,5,705
24662698,361,3,358
24662699,408,4,404
24662703,413,3,410
24662704,768,2,766
24662705,521,2,519
24662706,596,6,590
24662707,496,3,493
24662708,637,9,628
24662709,407,4,403
24662710,631,5,626
24662711,510,10,500
24662712,580,3,577
24662713,626,0,626
24662714,639,0,639
24662715,520,2,518
24662716,425,0,425
24662717,1025,5,1020
24662718,645,0,645
24662719,1051,12,1039
24662720,634,1,633
24662721,582,3,579
24662722,651,7,644
24662723,598,0,598
24662724,511,0,511
24662725,656,0,656
24662726,474,0,474
24662727,745,0,745
24662728,599,4,595
24662729,551,0,551
24662730,560,0,560
24662731,325,0,325
24662732,385,0,385
24662733,823,5,818
24662734,565,0,565
24662735,328,2,326
24662736,718,0,718
24662737,493,1,492
24662738,679,0,679
24662739,570,0,570
24662740,680,0,680
24662741,498,0,498
24662742,587,0,587
24662743,496,0,496
24662744,717,9,708
24662745,779,1,778
24662746,625,3,622
24662747,943,2,941
24662748,427,0,427
24662749,786,6,780
24662750,512,0,512
24662751,451,1,450
24662752,409,0,409
24662753,551,1,550
24662754,427,0,427
24662755,530,3,527
24662756,556,0,556
24662757,572,0,572
24662758,423,8,415
24662759,573,0,573
24662760,1041,16,1025
24662761,511,0,511
24662762,581,3,578
24662763,500,0,500
24662764,594,0,594
24662765,733,8,725
24662766,476,10,466
24662767,562,5,557
24662768,495,8,487
24662769,620,9,611
24662770,553,13,540
24662771,468,8,460
24662772,561,3,558
24662773,748,12,736
24662774,759,0,759
24662775,350,3,347
24662776,418,0,418
24662777,344,0,344
24662778,610,0,610
24662779,454,3,451
24662780,506,5,501
24662781,407,3,404
24662782,623,1,622
24662783,556,3,553
24662784,654,1,653
24662785,642,0,642
24662786,521,0,521
24662787,536,0,536
24662788,483,2,481
24662789,583,1,582
24662790,626,0,626
24662791,750,14,736
24662792,462,0,462
24662793,495,0,495
24662794,646,0,646
24662795,504,0,504
24662796,574,6,568
24662797,589,0,589
24662798,904,2,902
24662799,404,0,404
24662800,565,0,565
24662801,534,0,534
24662802,528,0,528
24662803,280,0,280
24662804,567,2,565
24662805,587,1,586
24662806,537,11,526
24662807,496,0,496
24662808,460,1,459
24662809,539,1,538
24662810,530,8,522
24662811,537,3,534
24662812,362,1,361
24662813,691,0,691
24662814,704,0,704
24662815,749,3,746
24662816,591,0,591
24662817,685,0,685
24662819,749,10,739
24662821,1284,5,1279
24662822,617,7,610
24662823,427,2,425
24662824,425,2,423
24662825,342,0,342
24662826,658,8,650
24662827,868,2,866
24662828,381,2,379
24662829,508,6,502
24662830,561,0,561
24662831,469,0,469
24662832,479,0,479
24662833,490,0,490
24662834,639,2,637
24662835,401,1,400
24662836,513,0,513
24662837,454,0,454
24662838,422,0,422
24662839,1467,3,1464
24662840,638,0,638
24662841,770,15,755
24662842,751,0,751
24662843,573,1,572
24662844,368,0,368
24662845,392,3,389
24662848,504,4,500
24662849,899,3,896
24662850,505,0,505
24662851,684,0,684
24662852,485,0,485
24662853,419,0,419
24662854,655,0,655
24662855,441,0,441
24662856,299,1,298
24662857,357,1,356
24662858,777,6,771
24662859,595,2,593
24662860,1137,3,1134
24662861,672,3,669
24662862,698,2,696
24662863,523,9,514
24662864,1257,2,1255
24662865,616,0,616
24662866,487,0,487
24662867,398,0,398
24662868,506,0,506
24662869,509,0,509
24662870,808,4,804
24662871,456,2,454
24662872,400,2,398
24662873,424,0,424
24662874,603,0,603
24662875,452,0,452
24662876,260,0,260
24662877,420,0,420
24662878,455,0,455
24662879,316,0,316
24662880,412,0,412
24662881,456,2,454
24662882,637,1,636
24662883,496,0,496
24662884,670,5,665
24662885,549,2,547
24662886,582,3,579
24662887,442,5,437
24662888,654,8,646
24662889,644,25,619
24662890,571,5,566
24662891,595,4,591
24662892,630,5,625
24662893,565,6,559
24662894,563,3,560
24662895,672,3,669
24662896,589,0,589
24662897,1471,3,1468
24662898,503,0,503
24662899,531,6,525
24662900,580,6,574
24662901,554,2,552
24662902,665,2,663
24662903,678,6,672
24662904,729,1,728
24662905,609,9,600
24662906,771,30,741
24662907,612,2,610
24662908,496,12,484
24662909,3497,37,3460
24662910,613,1,612
24662911,631,11,620
24662912,499,14,485
24662913,367,8,359
24662914,567,10,557
24662915,429,9,420
24662916,734,11,723
24662917,458,4,454
24662918,630,27,603
24662919,512,4,508
24662920,437,6,431
24662921,479,5,474
24662922,606,9,597
24662923,448,14,434
24662924,446,5,441
24662925,615,3,612
24662926,543,16,527
24662927,396,8,388
24662928,512,6,506
24662929,436,4,432
24662930,508,16,492
24662931,497,1,496
24662932,621,0,621
24662933,466,6,460
24662934,537,5,532
24662935,718,2,716
24662936,1758,0,1758
24662937,680,0,680
24662938,423,2,421
24662939,1972,6,1966
24662940,791,0,791
24662941,521,6,515
24662942,993,1,992
24662943,1422,2,1420
24662944,532,0,532
24662945,534,1,533
24662946,1048,2,1046
24662947,861,3,858
24662948,1430,2,1428
24662949,770,56,714
24662951,678,2,676
24662952,548,5,543
24662953,418,15,403
24662954,459,4,455
24662955,484,7,477
24662956,359,26,333
24662957,441,0,441
24662958,663,0,663
24662961,712,0,712
24662962,401,2,399
24662963,462,1,461
24662964,443,0,443
24662965,512,0,512
24662966,610,0,610
24662967,581,2,579
24662968,743,3,740
24662969,766,0,766
24662970,576,0,576
24662971,425,2,423
24662972,523,0,523
24662973,539,3,536
24662974,574,0,574
24662975,632,6,626
24662976,614,0,614
24662977,397,0,397
24662978,363,0,363
24662979,737,6,731
24662980,786,4,782
24662981,486,0,486
24662982,488,2,486
24662983,476,2,474
24662984,731,2,729
24662985,196,10,186
24662986,355,1,354
24662987,753,9,744
24662988,675,2,673
24662989,378,9,369
24662992,519,10,509
24662993,298,6,292
24662994,640,5,635
24662995,461,0,461
24662996,408,1,407
24662997,800,8,792
24662998,70,11,59
24662999,376,0,376
24663000,392,0,392
24663001,365,0,365
24663002,1481,2,1479
24663003,1201,12,1189
24663004,446,3,443
24663005,435,5,430
24663006,441,6,435
24663007,418,5,413
24663008,485,5,480
24663009,673,6,667
24663010,295,4,291
24663011,613,1,612
24663012,505,5,500
24663013,617,0,617
24663014,626,4,622
24663015,745,4,741
24663016,614,0,614
24663017,977,22,955
24663018,611,3,608
24663019,502,5,497
24663020,2035,4,2031
24663021,444,3,441
24663022,419,20,399
24663023,463,1,462
24663024,407,6,401
24663025,485,0,485
24663026,779,0,779
24663027,485,0,485
24663028,737,2,735
24663029,689,0,689
24663030,1403,1,1402
24663031,457,0,457
24663032,685,0,685
24663033,1472,1,1471
24663034,1137,2,1135
24663035,702,1,701
24663036,2031,3,2028
24663037,432,1,431
24663038,546,1,545
24663039,478,0,478
24663040,456,0,456
24663041,502,0,502
24663042,349,0,349
24663043,392,0,392
24663044,468,0,468
24663045,546,12,534
24663046,673,33,640
24663047,479,0,479
24663048,762,1,761
24663049,997,7,990
24663050,718,3,715
24663051,699,4,695
24663052,473,3,470
24663053,1218,28,1190
24663054,629,3,626
24663055,609,5,604
24663056,612,2,610
24663057,1448,4,1444
24663058,1140,6,1134
24663059,509,3,506
24663060,452,0,452
24663061,525,2,523
24663062,521,0,521
24663063,426,0,426
24663064,513,7,506
24663065,447,3,444
24663066,274,2,272
24663067,530,2,528
24663068,1214,2,1212
24663069,1008,14,994
24663070,446,0,446
24663071,393,0,393
24663072,501,2,499
24663073,567,8,559
24663074,1142,5,1137
24663075,482,27,455
24663076,655,1,654
24663077,964,1,963
24663079,489,2,487
24663080,698,6,692
24663081,508,2,506
24663082,540,0,540
24663083,436,0,436
24663084,518,0,518
24663085,576,0,576
24663086,647,8,639
24663088,920,1,919
24663089,243,1,242
24663090,665,0,665
24663091,557,1,556
24663092,443,0,443
24663094,566,1,565
24663095,1266,1,1265
24663096,882,21,861
24663097,611,2,609
24663098,273,0,273
24663099,1137,2,1135
24663100,550,25,525
24663101,432,0,432
24663102,566,2,564
24663103,534,0,534
24663104,450,2,448
24663105,631,2,629
24663106,565,1,564
24663107,642,3,639
24663108,507,3,504
24663109,598,2,596
24663110,693,3,690
24663111,681,2,679
24663112,453,1,452
24663113,519,1,518
24663114,662,2,660
24663115,520,0,520
24663116,514,0,514
24663117,475,0,475
24663118,1047,2,1045
24663119,0,0,0
24663120,536,34,502
24663121,565,1,564
24663122,697,3,694
24663123,720,4,716
24663124,460,2,458
24663125,473,3,470
24663126,648,30,618
24663127,443,0,443
24663128,478,1,477
24663129,747,5,742
24663130,492,1,491
24663131,612,4,608
24663132,638,5,633
24663133,418,3,415
24663134,740,5,735
24663135,588,4,584
24663136,259,3,256
24663137,597,3,594
24663138,1212,0,1212
24663139,965,2,963
24663140,917,0,917
24663141,882,0,882
24663142,835,30,805
24663143,530,24,506
24663144,684,18,666
24663145,610,16,594
24663146,568,16,552
24663147,573,12,561
24663149,294,15,279
24663150,542,10,532
24663151,1310,12,1298
24663152,392,2,390
24663153,278,7,271
24663154,524,1,523
24663155,490,0,490
24663156,702,0,702
24663157,597,2,595
24663158,427,0,427
24663159,488,0,488
24663160,544,1,543
24663161,395,1,394
24663162,455,0,455
24663164,936,1,935
24663166,965,1,964
24663167,562,3,559
24663168,339,1,338
24663169,620,2,618
24663170,472,1,471
24663171,584,1,583
24663172,840,6,834
24663173,575,1,574
24663174,874,3,871
24663175,501,1,500
24663176,476,3,473
24663177,395,3,392
24663178,406,0,406
24663179,392,3,389
24663180,545,0,545
24663181,490,0,490
24663182,940,11,929
24663183,540,9,531
24663184,391,2,389
24663185,668,3,665
24663186,418,1,417
24663187,384,6,378
24663188,424,1,423
24663189,409,0,409
24663190,784,7,777
24663191,514,3,511
24663194,635,2,633
24663195,351,0,351
24663196,404,0,404
24663197,425,3,422
24663198,586,3,583
24663199,463,0,463
24663200,418,0,418
24663201,459,0,459
24663202,782,3,779
24663203,763,1,762
24663204,413,1,412
24663205,530,5,525
24663206,662,5,657
24663207,692,5,687
24663208,678,2,676
24663209,594,1,593
24663210,477,0,477
24663211,366,5,361
24663212,992,8,984
24663213,389,0,389
24663214,610,2,608
24663215,828,6,822
24663216,790,5,785
24663217,485,1,484
24663218,591,0,591
24663219,566,0,566
24663220,586,4,582
24663221,429,4,425
24663222,317,1,316
24663223,647,3,644
24663227,610,3,607
24663228,584,14,570
24663229,401,8,393
24663230,485,0,485
24663231,662,39,623
24663232,529,4,525
24663233,449,0,449
24663234,592,11,581
24663235,1424,16,1408
24663236,512,11,501
24663237,459,7,452
24663238,486,7,479
24663239,659,9,650
24663241,896,5,891
24663242,1957,5,1952
24663243,1164,2,1162
24663244,1243,9,1234
24663245,954,3,951
24663246,1513,5,1508
24663249,718,5,713
24663250,1112,5,1107
24663251,917,0,917
24663252,3754,12,3742
24663253,1697,7,1690
24663254,1854,7,1847
24663255,1858,4,1854
24663256,1054,2,1052
24663257,833,2,831
24663258,1034,4,1030
24663259,1176,1,1175
24663260,1802,15,1787
24663261,978,3,975
24663262,1439,1,1438
24663263,2195,9,2186
24663264,862,0,862
24663266,880,5,875
24663269,981,7,974
24663270,1121,11,1110
24663271,169,5,164
24663273,939,3,936
24663274,645,0,645
24663275,909,10,899
24663276,1098,11,1087
24663277,837,17,820
24663278,2386,7,2379
24663279,1745,4,1741
24663280,598,1,597
24663281,1062,4,1058
24663282,215,2,213
24663283,667,2,665
24663284,2227,8,2219
24663285,846,6,840
24663286,715,0,715
24663287,599,0,599
24663288,751,1,750
24663289,749,8,741
24663290,889,69,820
24663291,641,1,640
24663292,870,6,864
24663293,1277,15,1262
24663294,510,0,510
24663295,916,15,901
24663296,735,0,735
24663297,621,2,619
24663298,976,0,976
24663299,609,0,609
24663300,906,0,906
24663301,303,0,303
24663302,1299,5,1294
24663304,365,2,363
24663305,805,1,804
24663306,3263,2,3261
24663311,2621,0,2621
24663314,2156,12,2144
24663315,603,2,601
24663316,650,4,646
24663317,510,3,507
24663318,519,13,506
24663319,554,7,547
24663320,629,3,626
24663321,545,2,543
24663322,981,12,969
24663323,428,0,428
24663324,448,0,448
24663325,512,1,511
24663326,521,7,514
24663327,598,0,598
24663328,854,0,854
24663329,0,0,0
24663330,1541,5,1536
24663331,649,2,647
24663332,580,4,576
24663333,787,0,787
24663334,0,0,0
24663335,0,0,0
24663336,556,4,552
24663337,449,0,449
24663340,0,0,0
24663341,427,0,427
24663342,459,3,456
24663343,544,3,541
24663344,440,2,438
24663345,436,0,436
24663346,618,8,610
24663347,406,0,406
24663348,509,0,509
24663349,638,0,638
24663350,470,0,470
24663351,0,0,0
24663352,673,0,673
24663353,682,0,682
24663354,972,1,971
24663355,2229,4,2225
24663356,2500,5,2495
24663357,1256,2,1254
24663358,1259,5,1254
24663359,717,0,717
24663360,1125,0,1125
24663361,520,1,519
24663362,880,2,878
24663363,977,4,973
24663364,688,5,683
24663365,921,0,921
24663366,704,9,695
24663367,857,17,840
24663368,1659,21,1638
24663369,715,4,711
24663370,5,5,0
24663371,745,10,735
24663372,370,9,361
24663373,4871,59,4812
24663374,996,2,994
24663375,1307,7,1300
24663376,556,0,556
24663377,566,0,566
24663378,534,0,534
24663379,688,0,688
24663380,566,0,566
24663381,7,1,6
24663382,55,0,55
24663383,607,0,607
24663384,630,14,616
24663385,464,0,464
24663386,637,3,634
24663387,528,1,527
24663388,590,8,582
24663389,438,1,437
24663390,2554,6,2548
24663391,479,8,471
24663392,516,26,490
24663393,420,12,408
24663394,216,12,204
24663395,780,10,770
24663396,5,3,2
24663397,962,30,932
24663398,683,2,681
24663399,594,23,571
24663400,304,88,216
24663401,1211,46,1165
24663402,819,14,805
24663403,583,6,577
24663404,681,32,649
24663405,586,12,574
24663406,3783,7,3776
24663407,358,0,358
24663408,310,4,306
24663409,889,5,884
24663410,483,5,478
24663411,438,3,435
24663412,292,0,292
24663413,1562,9,1553
24663414,3932,18,3914
24663415,856,2,854
24663416,1511,1,1510
24663417,650,3,647
24663418,683,0,683
24663419,631,1,630
24663420,1675,0,1675
24663421,1256,1,1255
24663422,2308,8,2300
24663423,1310,2,1308
24663424,947,3,944
24663425,962,3,959
24663426,425,0,425
24663428,665,0,665
24663429,1030,3,1027
24663430,735,3,732
24663431,464,1,463
24663432,543,1,542
24663434,742,3,739
24663436,664,3,661
24663437,984,4,980
24663438,944,2,942
24663439,896,6,890
24663441,3,0,3
24663442,2213,0,2213
24663443,3317,5,3312
24663444,829,0,829
24663445,2563,6,2557
24663450,528,1,527
24663451,460,0,460
24663452,1730,4,1726
24663453,711,3,708
24670001,599,0,599
24670002,441,0,441
24670003,360,3,357
24670004,519,16,503
24670005,450,7,443
24670006,1093,22,1071
24670007,412,4,408
24670008,406,1,405
24670009,463,4,459
24670011,1439,20,1419
24670012,383,1,382
24670013,479,8,471
24670014,973,15,958
24670015,304,4,300
24670016,445,1,444
24670017,619,1,618
24670018,835,10,825
24670019,429,8,421
24670020,572,3,569
24670021,663,3,660
24670022,495,2,493
24670023,510,2,508
24670024,474,5,469
24670025,416,2,414
24670026,738,50,688
24670027,461,9,452
24670028,670,3,667
24670029,456,8,448
24670030,460,0,460
24670032,671,0,671
24670033,347,4,343
24670034,747,10,737
24670036,246,0,246
24670040,479,1,478
24670041,602,0,602
24670042,800,1,799
24670074,857,12,845
24670075,650,6,644
24670076,504,0,504
24670077,727,3,724
24670079,531,7,524
24670080,509,4,505
24670081,530,2,528
24670082,351,1,350
24670083,2460,15,2445
24670094,555,3,552
24670095,862,14,848
24670096,729,51,678
24670097,639,3,636
24670098,421,15,406
24670099,408,3,405
24670100,1154,9,1145
24670101,505,3,502
24670102,648,10,638
24670103,398,12,386
24670104,911,16,895
24670105,466,8,458
24670106,499,14,485
24670107,573,20,553
24670108,362,7,355
24670109,381,9,372
24670110,499,0,499
24670111,432,0,432
24670112,567,2,565
24670113,371,67,304
24670114,573,2,571
24670115,729,19,710
24670116,1899,17,1882
24670117,1577,43,1534
24670118,474,64,410
24670119,455,16,439
24670120,456,5,451
24670121,628,5,623
24670122,1018,6,1012
24670123,825,7,818
24670124,726,15,711
24670125,223,4,219
24670126,507,2,505
24670127,601,3,598
24670128,499,4,495
24670129,693,10,683
24670130,335,1,334
24670131,1195,1,1194
24670132,676,4,672
24670133,674,5,669
24670134,557,13,544
24670135,627,9,618
24670136,403,3,400
24670137,448,8,440
24670138,409,4,405
24670139,581,13,568
24670140,425,3,422
24670141,484,22,462
24670142,525,2,523
24670143,578,18,560
24670144,411,9,402
24670145,719,20,699
24670146,485,31,454
24670147,483,11,472
24670148,365,8,357
24670161,1670,3,1667
24670163,1636,3,1633
24670164,279,0,279
24670165,441,1,440
24670166,447,1,446
24670167,639,4,635
24670168,445,3,442
24670169,448,1,447
24670170,547,5,542
24670171,575,4,571
24670172,623,2,621
24670173,489,8,481
24670174,424,3,421
24670175,1942,49,1893
24670176,694,26,668
24670177,424,5,419
24670178,453,7,446
24670179,482,5,477
24670180,713,9,704
24670181,1050,49,1001
24670182,518,7,511
24670183,514,5,509
24670184,1129,0,1129
24670193,1118,18,1100
24670194,610,1,609
24670195,331,1,330
24670196,1007,1,1006
24670197,900,9,891
24670198,685,7,678
24670199,1209,7,1202
24670200,487,16,471
24670201,430,2,428
24670202,782,9,773
24670203,893,23,870
24670204,605,13,592
24670205,428,2,426
24670206,495,14,481
24670207,630,15,615
24670208,495,2,493
24670209,883,7,876
24670210,600,4,596
24670211,583,11,572
24670212,447,6,441
24670213,1186,3,1183
24670214,1370,34,1336
24670215,514,4,510
24670216,836,2,834
24670217,563,13,550
24670218,492,18,474
24670219,713,3,710
24670220,702,4,698
24670221,520,11,509
24670222,622,4,618
24670223,894,9,885
24670224,999,2,997
24670225,621,3,618
24670226,514,17,497
24670227,515,3,512
24670228,512,2,510
24670229,499,3,496
24670230,443,22,421
24670231,633,4,629
24670232,499,2,497
24670233,893,0,893
24670234,477,0,477
24670235,570,4,566
24670236,486,5,481
24670237,473,8,465
24670238,828,5,823
24670239,611,5,606
24670240,447,13,434
24670241,779,5,774
24670242,755,3,752
24670243,895,6,889
24670244,459,5,454
24670245,553,4,549
24670246,405,3,402
24670247,554,4,550
24670248,821,6,815
24670249,859,6,853
24670250,709,84,625
24670251,497,8,489
24670252,428,4,424
24670253,464,2,462
24670254,568,13,555
24670255,482,3,479
24670256,1879,47,1832
24670257,1748,9,1739
24670258,542,1,541
24670259,479,0,479
24670260,482,0,482
24670261,390,0,390
24670262,567,13,554
24670263,455,5,450
24670264,501,2,499
24670265,423,3,420
24670267,595,3,592
24670268,501,5,496
24670269,524,6,518
24670270,3483,12,3471
24670271,423,2,421
24670272,401,1,400
24670273,854,8,846
24670274,543,33,510
24670275,648,0,648
24670276,1002,1,1001
24670277,643,3,640
24670278,826,11,815
24670279,659,2,657
24670281,919,9,910
24670282,523,6,517
24670283,1401,5,1396
24670284,875,5,870
24670285,5312,5074,238
24670286,436,0,436
24670287,620,19,601
24670288,807,2,805
24670289,1733,6,1727
24670290,446,4,442
24670291,552,4,548
24670292,484,8,476
24670293,667,10,657
24670294,511,13,498
24670295,480,6,474
24670296,384,5,379
24670297,331,25,306
24670298,1764,8,1756
24670299,398,10,388
24670300,3146,38,3108
24670301,1754,28,1726
24670302,653,25,628
24670303,739,9,730
24670304,812,8,804
24670305,484,11,473
24670306,533,0,533
24670307,608,0,608
24670308,1798,32,1766
24670309,543,1,542
24670310,661,1,660
24670311,1533,10,1523
24670312,644,3,641
24670313,426,2,424
24670314,711,0,711
24670315,2123,36,2087
24670316,773,3,770
24670317,817,1,816
24670318,1221,17,1204
24670319,335,2,333
24670320,2736,11,2725
24670321,4305,47,4258
24670322,1338,3,1335
24670323,1176,3,1173
24680035,472,1,471
24680036,626,0,626
24680037,510,6,504
24680038,635,6,629
24680039,735,2,733
24680040,467,34,433
24680041,1161,8,1153
24680042,1015,2,1013
24680043,1198,155,1043
24680044,763,19,744
24680045,521,10,511
24680046,511,15,496
24680047,645,3,642
24680048,803,18,785
24680049,441,4,437
24680050,434,1,433
24680051,1771,6,1765
24680052,668,1,667
24680053,1155,38,1117
24680054,497,3,494
24680055,510,11,499
24680056,627,3,624
24680057,550,0,550
24680058,708,2,706
24680059,757,38,719
24680060,668,4,664
24680061,533,2,531
24680062,537,3,534
24680063,477,6,471
24680064,1303,3,1300
24680065,640,10,630
24680066,998,11,987
24680067,446,4,442
24680068,781,6,775
24680069,489,5,484
24680070,599,5,594
24680071,723,3,720
24680072,821,9,812
24680073,689,6,683
24680074,511,2,509
24690039,911,9,902
24690040,798,70,728
24690041,518,34,484
24690043,540,5,535
24690044,784,5,779
24690045,580,9,571
24690047,465,7,458
24690048,339,10,329
24690049,538,9,529
24690050,712,3,709
24690051,541,2,539
24690052,396,33,363
24690053,486,10,476
24690054,818,17,801
24690055,501,3,498
24690056,557,22,535
24690057,462,5,457
24690058,380,4,376
24690059,583,2,581
24690061,434,2,432
24690062,435,20,415
24690063,500,3,497
24690065,543,1,542
24690066,563,11,552
24690067,487,26,461
24690068,555,8,547
24690069,424,42,382
24690070,450,37,413
24690071,518,4,514
24690072,621,8,613
24690073,492,1,491
24690074,645,2,643
24690075,622,1,621
24690076,520,12,508
24690077,456,0,456
24690078,469,5,464
24690079,419,8,411
24690080,0,0,0
24690081,0,0,0
24690082,0,0,0
24690083,0,0,0
24690084,0,0,0
24690085,0,0,0
24690086,0,0,0
24690087,9,9,0
24690088,0,0,0
24690089,0,0,0
24690090,310,298,12
24690091,0,0,0
24690092,0,0,0
24690093,0,0,0
24690094,1016,977,39
24690095,0,0,0
24690096,0,0,0
24690097,0,0,0
24690098,0,0,0
24690099,0,0,0
24690100,0,0,0
24690101,0,0,0
24690102,0,0,0
24690103,0,0,0
24690104,0,0,0
24690105,0,0,0
24690106,0,0,0
24690107,445,3,442
24690108,494,13,481
24690109,500,5,495
24690111,489,2,487
24690112,444,22,422
24690114,545,1,544
24700003,863,10,853
24700004,1436,27,1409
24700067,1193,11,1182
24700068,401,9,392
24700069,445,1,444
24700070,477,2,475
24700071,582,9,573
24700072,532,2,530
24700073,555,19,536
24700074,540,18,522
24700075,474,1,473
24700076,711,10,701
24700077,401,2,399
24700078,557,1,556
24700079,626,83,543
24700080,1304,18,1286
24700081,1479,3,1476
24700082,469,1,468
24700083,579,5,574
24700084,619,4,615
24700085,515,1,514
24700086,847,7,840
24700087,716,24,692
24700088,952,1,951
24700089,1200,6,1194
24700090,460,0,460
24700091,478,2,476
24700092,611,73,538
24700093,819,10,809
24700094,894,9,885
24700095,501,3,498
24700096,471,4,467
24700097,1632,5,1627
24700098,459,5,454
24700099,496,22,474
24700100,652,23,629
24700101,505,5,500
24700102,584,34,550
24700103,982,13,969
24700104,811,13,798
24700105,727,5,722
24700106,538,5,533
24700107,456,20,436
24700108,611,19,592
24700109,483,3,480
24700110,482,8,474
24700111,599,10,589
24700112,431,7,424
24700113,468,7,461
24700114,558,1,557
24700115,444,15,429
24700116,448,10,438
24700117,607,8,599
24700118,565,11,554
24700119,935,4,931
24700120,548,9,539
24700121,383,4,379
24700122,502,36,466
24700123,497,8,489
24700124,380,9,371
24700125,512,13,499
24700126,451,5,446
24700127,531,8,523
24700128,419,3,416
24700129,1279,11,1268
24700130,441,5,436
24700131,616,8,608
24700132,467,3,464
24700133,638,3,635
24700134,472,32,440
24700135,451,5,446
24700136,355,5,350
24700137,516,8,508
24700138,585,2,583
24700139,323,4,319
24700140,584,2,582
24700141,677,9,668
24700142,566,3,563
24700143,462,10,452
24700144,1224,4,1220
24700145,1645,42,1603
24700146,520,3,517
24700147,762,9,753
24700148,553,6,547
24700149,978,8,970
24700150,556,8,548
24700151,661,30,631
24700152,468,12,456
24700153,381,10,371
24700154,649,24,625
24700155,474,37,437
24700156,584,1,583
24700157,504,4,500
24700158,619,25,594
24700159,491,4,487
24700160,425,7,418
24700161,412,5,407
24700162,578,6,572
24700163,575,5,570
24700164,33,2,31
24700165,717,8,709
24710024,932,5,927
24710025,1077,22,1055
24710026,657,5,652
24710027,486,11,475
24710028,456,18,438
24710029,476,3,473
24710030,1016,2,1014
24710031,466,3,463
24710032,1561,22,1539
24710033,840,14,826
24710034,11008,8,11000
24710035,1103,39,1064
24710036,220,0,220
24710037,304,3,301
24710038,366,10,356
24710039,380,8,372
24710040,570,4,566
24710041,724,3,721
24710042,2157,2,2155
24710043,530,4,526
24710044,442,10,432
24710045,390,11,379
24710046,363,0,363
24710047,787,41,746
24710048,412,2,410
24710049,965,2,963
24710050,582,2,580
24710051,592,17,575
24710052,392,1,391
24710053,369,0,369
24710054,334,7,327
24710055,383,0,383
24710056,423,13,410
24710057,386,0,386
24710058,2063,92,1971
24710059,775,0,775
24710060,754,1,753
24710061,506,2,504
24710062,445,2,443
24710063,411,0,411
24710064,700,1,699
24710065,331,6,325
24710066,868,71,797
24710067,473,10,463
24710068,418,4,414
24710069,1179,0,1179
24710070,898,4,894
24710072,529,0,529
24710073,788,3,785
24710074,619,3,616
24710075,613,88,525
24710076,382,1,381
24710077,674,4,670
24710079,1256,12,1244
24710080,613,5,608
24710081,386,2,384
24710082,457,3,454
24710083,423,5,418
24710084,631,17,614
24710085,571,5,566
24710086,435,8,427
24710088,829,12,817
24710089,508,24,484
24710095,1549,5,1544
24710136,479,6,473
24710137,607,8,599
24710138,623,1,622
24710139,1095,7,1088
24710140,642,1,641
24710141,527,1,526
24710142,784,3,781
24710143,1237,8,1229
24710144,559,1,558
24710145,823,14,809
24710146,555,1,554
24710147,884,26,858
24710148,561,2,559
24710149,484,1,483
24710150,387,4,383
24710151,466,1,465
24710152,1020,5,1015
24710153,1015,32,983
24710154,563,2,561
24710155,986,19,967
24710156,1139,10,1129
24710157,646,3,643
24710158,914,7,907
24710159,695,115,580
24710160,2051,7,2044
24710161,684,1,683
24710162,689,2,687
24710163,581,1,580
24710164,609,1,608
24710165,980,18,962
24710166,698,0,698
24710167,514,2,512
24710168,706,2,704
24710169,2490,2,2488
24710170,477,4,473
24710171,970,1,969
24710172,680,3,677
24710173,1069,8,1061
24710174,535,0,535
24710175,649,3,646
24710176,536,3,533
24710177,652,1,651
24710178,423,19,404
24710179,826,4,822
24710180,467,19,448
24710181,347,1,346
24710182,837,19,818
24710183,643,15,628
24710184,1111,33,1078
24710185,1634,27,1607
24710186,611,29,582
24710187,559,1,558
24710188,628,28,600
24710189,558,7,551
24710190,3848,12,3836
24710191,647,4,643
24710192,1865,27,1838
24710193,663,21,642
24710194,789,21,768
24710195,998,51,947
24710196,1181,21,1160
24710197,537,10,527
24710198,630,2,628
24710199,1156,11,1145
24710200,539,1,538
24710201,390,17,373
24710202,768,5,763
24710203,550,3,547
24710204,930,23,907
24710205,653,34,619
24710206,930,4,926
24710207,571,3,568
24710208,1104,12,1092
24710209,450,1,449
24710210,1109,6,1103
24710211,524,10,514
24710212,745,11,734
24710213,531,10,521
24710214,1566,22,1544
24710215,1201,5,1196
24710216,637,11,626
24710217,1584,25,1559
24710218,731,4,727
24710219,786,7,779
24710220,883,8,875
24710221,586,5,581
24710222,1067,1,1066
24710223,596,12,584
24710224,584,0,584
24710225,514,0,514
24710226,668,0,668
24710227,993,5,988
24710228,779,0,779
24710229,1816,69,1747
24710230,586,0,586
24710231,759,3,756
24710232,1230,6,1224
24710233,133,5,128
24710234,849,5,844
24710235,715,3,712
24710236,391,1,390
24710237,1241,32,1209
24710238,674,1,673
24710239,727,2,725
24710240,599,9,590
24710241,1102,2,1100
24710242,1292,5,1287
24710243,742,4,738
24710244,668,2,666
24710245,523,2,521
24710246,511,1,510
24710247,811,7,804
24710248,658,4,654
24710249,593,28,565
24710250,1087,2,1085
24710251,559,3,556
24710252,528,2,526
24710253,545,2,543
24710254,1663,5,1658
24710255,1731,7,1724
24710256,260,8,252
24710257,560,2,558
24720001,478,4,474
24720002,429,8,421
24720003,584,8,576
24720005,587,28,559
24720006,527,0,527
24720007,394,0,394
24720008,449,1,448
24720009,420,0,420
24720010,404,2,402
24720011,446,1,445
24720012,369,1,368
24720013,561,4,557
24720014,379,2,377
24720015,325,1,324
24720016,358,1,357
24720017,352,11,341
24720018,556,6,550
24720019,431,20,411
24720020,434,3,431
24720021,678,9,669
24720022,734,6,728
24720023,570,8,562
24720024,408,5,403
24720025,326,2,324
24720026,484,24,460
24720027,577,7,570
24720028,583,24,559
24720029,474,1,473
24720030,506,4,502
24720031,559,7,552
24720032,478,9,469
24720033,460,26,434
24720034,582,5,577
24720035,453,2,451
24720036,479,3,476
24720037,507,5,502
24720038,492,2,490
24720039,672,6,666
24720040,607,3,604
24720041,354,3,351
24720042,460,1,459
24720044,441,1,440
24720045,367,0,367
24720046,532,4,528
24720047,555,2,553
24720048,469,3,466
24720049,943,12,931
24720050,503,0,503
24720051,430,2,428
24720052,743,0,743
24720053,508,4,504
24720054,713,18,695
24720056,396,0,396
24720057,417,0,417
24720058,609,39,570
24720060,394,2,392
24720061,644,6,638
24720062,573,17,556
24720063,470,3,467
24720064,508,6,502
24720065,550,19,531
24720066,758,19,739
24720067,511,12,499
24720068,519,9,510
24720069,639,17,622
24720070,604,16,588
24720071,495,8,487
24720072,938,42,896
24720074,534,5,529
24720075,404,9,395
24720076,682,2,680
24720077,447,1,446
24720078,636,19,617
24720080,365,2,363
24720081,938,43,895
24720082,395,17,378
24720083,541,17,524
24720084,729,15,714
24720096,879,4,875
24720098,464,0,464
24720099,740,4,736
24720100,1235,13,1222
24720101,550,5,545
24720102,583,17,566
24720103,509,13,496
24720104,1020,2,1018
24720105,463,2,461
24720106,632,2,630
24720108,1020,3,1017
24720109,766,1,765
24720110,492,2,490
24720111,615,3,612
24720112,360,4,356
24720113,436,5,431
24720114,442,7,435
24720115,412,3,409
24720116,482,13,469
24720117,876,2,874
24720118,389,2,387
24720119,486,6,480
24720120,749,2,747
24720121,554,13,541
24720122,436,17,419
24720149,619,4,615
24720150,501,3,498
24720151,566,7,559
24720152,723,4,719
24720154,528,4,524
24720157,1428,7,1421
24720158,716,25,691
24720159,706,36,670
24720160,832,9,823
24720161,888,15,873
24720162,463,4,459
24720163,527,15,512
24720164,407,4,403
24720165,621,10,611
24720166,1002,70,932
24720167,1344,52,1292
24720168,566,9,557
24720169,500,3,497
24720170,568,8,560
24720171,474,42,432
24720172,659,4,655
24720173,480,2,478
24720174,1590,78,1512
24720175,718,7,711
24720176,804,5,799
24720177,499,2,497
24720178,511,3,508
24720179,563,27,536
24720180,542,5,537
24720181,428,2,426
24720182,1183,74,1109
24720183,546,114,432
24720184,0,0,0
24720185,558,33,525
24720186,0,0,0
24720187,0,0,0
24720188,133,127,6
24720189,482,3,479
24720190,0,0,0
24720191,0,0,0
24720192,105,101,4
24720193,0,0,0
24720194,0,0,0
24720195,0,0,0
24720196,884,850,34
24720197,0,0,0
24720198,4,0,4
24720199,675,8,667
24720200,0,0,0
24720201,0,0,0
24720202,5,3,2
24720203,466,16,450
24720204,680,12,668
24720205,516,7,509
24720206,3414,25,3389
24720207,5404,38,5366
24720208,706,1,705
24720209,631,2,629
24720210,565,10,555
24720212,430,0,430
24720213,440,7,433
24720214,479,2,477
24720217,923,11,912
24720220,1401,1,1400
24720221,790,2,788
24720275,841,15,826
24720276,284,1,283
24720277,333,0,333
24720278,426,6,420
24720279,453,1,452
24720280,446,1,445
24720281,570,2,568
24720282,551,3,548
24730013,766,19,747
24730014,819,32,787
24730015,635,1,634
24730016,898,0,898
24730017,423,1,422
24730018,1041,4,1037
24730019,505,1,504
24730020,777,2,775
24730021,2144,4,2140
24730022,404,3,401
24730023,450,1,449
24730024,314,6,308
24730025,604,29,575
24730026,461,0,461
24730027,1932,11,1921
24730028,1134,14,1120
24730029,492,8,484
24730030,365,6,359
24730031,427,15,412
24730032,646,3,643
24730033,1223,5,1218
24730034,363,18,345
24730035,530,7,523
24730036,567,9,558
24730037,519,3,516
24730038,794,31,763
24730039,945,11,934
24730040,508,4,504
24730041,587,5,582
24730042,527,3,524
24730043,480,5,475
24730044,568,19,549
24730045,496,3,493
24730046,456,3,453
24730047,404,10,394
24730048,516,3,513
24730049,966,2,964
24730050,429,4,425
24730051,473,1,472
24730052,919,12,907
24730053,404,1,403
24730054,864,11,853
24730055,865,14,851
24730056,485,7,478
24730057,879,9,870
24730058,259,4,255
24730059,447,3,444
24730060,373,5,368
24730061,487,59,428
24730062,839,9,830
24730063,448,4,444
24730064,574,3,571
24730065,529,17,512
24730066,520,1,519
24730067,345,1,344
24730068,471,4,467
24730069,604,1,603
24730070,421,5,416
24730071,479,1,478
24730072,388,1,387
24730073,1227,6,1221
24730074,500,0,500
24730075,447,0,447
24730076,607,1,606
24730077,511,16,495
24730079,532,19,513
24730080,561,1,560
24730082,771,0,771
24730084,747,2,745
24730085,429,8,421
24730086,359,11,348
24730087,1070,2,1068
24730089,480,12,468
24730091,434,1,433
24730092,595,20,575
24730094,428,4,424
24730095,582,7,575
24730096,574,3,571
24730097,535,3,532
24730098,537,1,536
24730099,461,0,461
24730100,474,5,469
24730102,389,2,387
24730103,1153,1,1152
24730106,522,0,522
24730107,613,1,612
24730108,371,1,370
24730109,1286,5,1281
24730110,810,11,799
24730111,423,0,423
24730112,409,1,408
24730113,314,0,314
24730116,270,1,269
24730117,374,0,374
24730118,820,10,810
24730119,607,0,607
24730120,335,4,331
24730121,474,3,471
24730122,651,2,649
24730123,607,9,598
24730124,377,19,358
24730125,584,23,561
24730126,498,3,495
24730127,469,3,466
24730128,315,5,310
24730129,514,32,482
24730130,308,2,306
24730131,799,6,793
24730132,369,1,368
24730133,1974,5,1969
24730135,359,1,358
24730136,676,7,669
24730137,781,14,767
24730138,470,25,445
24730139,376,1,375
24730140,458,1,457
24730142,586,5,581
24730143,428,6,422
24730144,525,4,521
24730145,458,6,452
24730146,277,2,275
24730147,402,8,394
24730148,452,1,451
24730149,882,10,872
24730150,609,13,596
24730151,553,1,552
24730152,307,1,306
24730153,356,0,356
24730154,516,3,513
24730155,503,6,497
24730156,313,0,313
24730157,737,3,734
24730158,366,1,365
24730159,848,2,846
24730160,336,9,327
24730161,352,1,351
24730162,411,2,409
24730163,798,2,796
24730165,519,0,519
24730167,592,6,586
24730168,641,4,637
24730169,1805,63,1742
24730170,471,6,465
24730171,678,3,675
24730172,432,4,428
24730173,598,3,595
24730174,680,6,674
24730176,303,0,303
24730177,416,2,414
24730178,577,0,577
24730180,413,0,413
24730181,437,3,434
24730182,454,1,453
24730184,431,3,428
24730185,446,4,442
24730186,1057,5,1052
24730187,472,1,471
24730189,211,1,210
24730190,428,11,417
24730191,624,0,624
24730192,511,4,507
24730193,499,0,499
24730194,638,3,635
24730195,475,19,456
24730196,1851,13,1838
24730197,673,9,664
24730198,626,3,623
24730199,650,56,594
24730200,866,29,837
24730201,540,2,538
24730202,495,2,493
24730203,1424,25,1399
24730204,2714,3,2711
24730205,570,13,557
24730206,674,10,664
24730207,1139,3,1136
24730208,1352,5,1347
24730210,766,17,749
24730211,622,10,612
24730212,903,5,898
24730213,615,2,613
24730214,1137,8,1129
24730215,737,4,733
24730216,550,4,546
24730217,911,53,858
24730218,500,2,498
24730219,533,2,531
24730220,442,5,437
24730221,421,4,417
24730222,493,1,492
24730223,393,2,391
24730224,882,11,871
24730225,496,25,471
24730226,503,25,478
24730227,613,6,607
24730228,471,2,469
24730229,370,6,364
24730230,694,8,686
24730231,455,2,453
24730232,490,9,481
24730233,639,8,631
24730234,352,2,350
24730235,381,2,379
24730236,561,1,560
24730237,465,16,449
24730238,475,5,470
24730239,535,4,531
24730240,667,10,657
24730241,463,0,463
24730242,441,1,440
24730244,500,3,497
24730245,1687,4,1683
24730246,262,1,261
24730247,793,10,783
24730250,616,6,610
24730251,971,1,970
24730252,893,2,891
24730253,1854,4,1850
24730254,1428,11,1417
24730255,1470,16,1454
24730256,927,6,921
24730257,614,2,612
24730258,1097,4,1093
24730259,1106,1,1105
24730260,2204,2,2202
24730261,933,5,928
24730262,253,2,251
24730263,597,6,591
24730264,535,6,529
24730265,1756,4,1752
24730266,695,5,690
24730267,680,9,671
24730268,2507,29,2478
24730269,591,3,588
24730270,2402,73,2329
24730271,1706,9,1697
24730272,622,6,616
24730273,995,2,993
24740001,1820,26,1794
24740002,1189,23,1166
24740003,731,11,720
24740004,353,4,349
24740005,1485,3,1482
24740006,464,3,461
24740007,1035,10,1025
24740008,1238,43,1195
24740009,712,31,681
24740010,463,5,458
24740011,449,5,444
24740012,501,2,499
24740013,602,6,596
24740014,440,3,437
24740015,580,2,578
24740016,3247,48,3199
24740017,1418,9,1409
24740019,939,32,907
24740020,1090,4,1086
24740021,416,0,416
24740022,471,37,434
24740023,422,0,422
24740024,773,2,771
24740025,3283,4,3279
24740026,1029,29,1000
24740027,1617,5,1612
24740028,438,10,428
24740029,3304,81,3223
24740037,649,6,643
24740038,643,3,640
24740039,1651,19,1632
24740042,541,5,536
24740043,570,3,567
24740044,471,14,457
24740045,660,16,644
24740046,560,13,547
24740047,692,6,686
24740048,443,7,436
24740049,394,9,385
24740050,2427,56,2371
24740051,1783,22,1761
24740052,405,4,401
24740053,624,13,611
24740054,3296,6,3290
24740055,249,0,249
24740056,2353,14,2339
24740058,2199,8,2191
24740059,4234,2,4232
24750017,401,8,393
24750019,1058,0,1058
24750022,435,7,428
24750023,345,3,342
24750024,440,5,435
24750036,1571,1,1570
24750040,714,4,710
24750041,571,4,567
24750042,455,2,453
24750043,434,5,429
24750044,456,5,451
24750045,502,11,491
24750046,567,7,560
24750047,589,6,583
24750048,516,6,510
24750049,449,11,438
24750050,414,6,408
24750052,346,6,340
24750053,443,3,440
24750055,470,5,465
24750068,669,2,667
24750069,507,14,493
24750070,460,15,445
24750071,504,8,496
24750072,346,3,343
24750073,755,11,744
24750074,431,2,429
24750075,567,3,564
24750076,439,3,436
24750078,543,5,538
24750080,424,5,419
24750081,478,15,463
24750082,388,3,385
24750083,718,4,714
24750084,427,10,417
24750085,561,5,556
24750122,1087,38,1049
24750123,1549,145,1404
24750124,537,3,534
24750125,1226,1,1225
24750126,836,7,829
24750127,907,1,906
24750128,933,2,931
24750129,892,60,832
24750130,629,5,624
24750131,1704,11,1693
24750132,887,15,872
24750133,1626,12,1614
24750134,1297,24,1273
24750135,632,1,631
24750136,739,7,732
24750137,510,3,507
24750138,752,2,750
24750139,615,7,608
24750140,740,6,734
24750141,1084,19,1065
24750142,1125,12,1113
24750143,644,3,641
24750144,2304,2,2302
24750145,1309,35,1274
24750146,453,13,440
24750147,555,3,552
24750148,1007,82,925
24750149,945,58,887
24750150,1186,8,1178
24750151,1227,87,1140
24750152,577,4,573
24750153,4741,119,4622
24750154,479,2,477
24750155,521,6,515
24750156,539,4,535
24750157,542,10,532
24750158,657,28,629
24750159,566,2,564
24750160,1571,1,1570
24750161,650,2,648
24750162,750,0,750
24750163,1506,45,1461
24750164,847,13,834
24750165,608,2,606
24750166,940,2,938
24750167,1515,9,1506
24750173,403,3,400
24750174,637,1,636
24750175,795,6,789
24750179,1055,169,886
24750180,1041,54,987
24750181,1328,10,1318
24750182,776,2,774
24750183,723,7,716
24750184,719,3,716
24750185,443,4,439
24750186,316,4,312
24750187,480,10,470
24750188,2136,10,2126
24750189,699,4,695
24750190,492,6,486
24750191,442,2,440
24750192,457,9,448
24750193,663,27,636
24750194,465,2,463
24750195,529,6,523
24750196,468,2,466
24750197,877,43,834
24750198,1555,26,1529
24750199,1198,8,1190
24750200,632,3,629
24750201,569,4,565
24750202,695,6,689
24750203,1081,3,1078
24750204,539,5,534
24750205,1457,10,1447
24750206,1264,10,1254
24750207,1948,22,1926
24750208,2061,16,2045
24750209,1456,8,1448
24750210,592,7,585
24750211,1450,19,1431
24750212,1022,48,974
24750213,1169,6,1163
24750214,2652,5,2647
24750215,750,4,746
24750216,486,1,485
24750217,606,3,603
24750218,515,17,498
24750219,615,3,612
24750220,563,3,560
24750221,514,4,510
24750222,558,5,553
24750223,507,29,478
24750224,441,3,438
24750225,534,3,531
24750226,536,3,533
24750227,450,6,444
24750228,481,21,460
24750229,463,4,459
24750230,592,23,569
24750231,1166,2,1164
24750232,704,1,703
24750233,792,2,790
24750234,808,6,802
24750235,502,2,500
24750236,1284,9,1275
24750238,867,19,848
24750239,2765,3,2762
24750241,779,9,770
24750242,486,4,482
24750243,410,2,408
24750244,2512,16,2496
24750245,1058,18,1040
24750247,2227,10,2217
24750248,4274,150,4124
24760048,814,5,809
24760049,776,4,772
24760050,926,2,924
24760051,1051,23,1028
24760052,646,8,638
24760053,514,3,511
24760054,674,7,667
24760055,511,3,508
24760056,512,0,512
24760057,442,21,421
24760058,718,12,706
24760059,564,9,555
24760060,442,5,437
24760061,1417,5,1412
24760062,1509,27,1482
24760063,586,2,584
24760064,655,7,648
24760065,621,4,617
24760066,511,48,463
24760067,705,19,686
24760068,365,3,362
24760069,451,2,449
24760070,476,7,469
24760071,1122,16,1106
24760072,544,56,488
24760073,721,3,718
24760074,696,1,695
24760075,652,34,618
24760076,723,12,711
24760077,805,45,760
24760078,690,2,688
24760079,669,4,665
24760080,472,12,460
24760081,651,4,647
24760082,1041,16,1025
24760083,740,6,734
24760084,558,5,553
24760085,589,2,587
24760086,541,52,489
24760087,573,8,565
24760088,847,34,813
24760089,535,51,484
24760090,539,5,534
24760091,426,5,421
24760092,635,22,613
24760093,789,34,755
24760094,637,5,632
24760095,455,3,452
24770064,652,7,645
24770065,207,2,205
24770066,6,3,3
24770067,609,5,604
24770068,756,4,752
24770069,876,8,868
24770070,1389,2,1387
24770071,1161,22,1139
24770072,695,2,693
24770073,750,5,745
24770074,533,10,523
24770075,574,4,570
24770076,702,1,701
24770077,726,33,693
24770078,771,3,768
24770079,1248,24,1224
24770080,794,5,789
24770081,1230,23,1207
24770082,749,19,730
24770083,1131,51,1080
24770084,537,4,533
24770085,833,2,831
24770086,551,2,549
24770087,536,4,532
24770088,1157,13,1144
24770089,760,2,758
24770090,554,4,550
24770091,577,3,574
24770092,771,4,767
24770093,556,7,549
24770094,1405,86,1319
24770095,536,2,534
24770096,912,2,910
24770097,813,22,791
24770098,658,14,644
24770099,994,1,993
24770100,988,27,961
24770101,835,5,830
24770102,898,14,884
24770103,1134,3,1131
24770104,1479,70,1409
24770105,1491,5,1486
24770106,790,0,790
24770107,648,0,648
24770108,684,1,683
24770109,742,6,736
24770110,720,2,718
24770111,760,1,759
24770112,174,2,172
24770113,668,2,666
24770114,1623,72,1551
24770115,767,16,751
24770116,802,43,759
24770117,634,44,590
24780099,534,10,524
24780100,686,5,681
24780101,521,5,516
24780102,356,8,348
24780103,482,5,477
24780104,573,8,565
24780105,807,4,803
24780106,601,18,583
24780107,826,43,783
24780108,42,2,40
24780109,531,15,516
24780110,521,35,486
24780111,691,6,685
24780112,520,0,520
24780113,843,8,835
24780114,590,5,585
24780115,425,5,420
24780116,630,5,625
24780117,516,1,515
24780118,591,45,546
24780119,841,48,793
24780120,513,8,505
24780121,1139,21,1118
24780122,725,17,708
24780123,407,7,400
24780124,379,2,377
24780125,436,14,422
24780126,649,5,644
24780127,519,7,512
24780128,479,3,476
24780129,721,4,717
24780130,712,90,622
24780131,683,6,677
24780132,768,6,762
24780133,484,27,457
24780134,0,0,0
24780135,827,24,803
24780136,616,1,615
24780137,0,0,0
24780138,668,2,666
24780139,948,3,945
24780140,734,7,727
24780141,668,1,667
24780142,565,12,553
24780143,489,48,441
24780144,555,4,551
24780145,567,1,566
24780146,588,1,587
24780147,619,8,611
24780148,597,7,590
24780149,560,8,552
24780150,697,5,692
24780151,590,7,583
24780152,522,6,516
24780153,489,20,469
24780154,496,29,467
24780155,672,4,668
24780156,909,7,902
24780157,583,8,575
24780158,482,6,476
24780159,610,7,603
24780160,543,14,529
24780161,793,9,784
24780162,387,6,381
24780163,495,7,488
24780164,765,9,756
24780165,550,4,546
24780166,571,1,570
24780167,57,36,21
24780168,626,3,623
24780169,485,23,462
24780170,361,12,349
24780171,669,17,652
24780172,553,23,530
24780173,896,11,885
24780174,635,5,630
24780175,723,16,707
24780176,657,5,652
24780177,573,27,546
24780178,200,5,195
24790081,0,0,0
24790082,0,0,0
24790083,0,0,0
24790084,0,0,0
24790085,0,0,0
24790086,5,5,0
24790087,0,0,0
24790088,0,0,0
24790089,371,1,370
24790090,436,48,388
24790091,548,7,541
24790092,410,49,361
24790093,399,12,387
24790094,368,29,339
24790095,349,7,342
24790096,743,8,735
24790097,403,27,376
24790098,595,8,587
24790099,344,2,342
24790100,440,11,429
24790101,353,12,341
24790102,323,3,320
24790103,0,0,0
24790104,752,8,744
24790105,425,3,422
24790106,788,6,782
24790107,780,8,772
24790108,443,7,436
24790109,517,5,512
24790110,592,10,582
24790111,557,8,549
24790112,512,4,508
24790113,605,10,595
24790114,426,7,419
24790115,706,50,656
24790116,522,2,520
24790117,544,34,510
24790118,503,4,499
24790119,518,7,511
24790120,425,3,422
24790121,564,2,562
24790122,694,10,684
24790123,476,20,456
24790124,442,13,429
24790125,651,12,639
24790126,893,7,886
24790127,301,3,298
24790128,423,8,415
24790129,366,17,349
24790130,369,15,354
24790131,525,11,514
24790132,441,7,434
24790133,493,8,485
24790134,483,59,424
24790135,556,19,537
24790137,0,0,0
24790138,480,3,477
24790140,449,19,430
24790141,477,1,476
24790142,524,1,523
24790143,697,1,696
24790144,453,24,429
24790145,591,37,554
24790146,455,8,447
24790147,518,54,464
24790148,443,8,435
24790149,411,8,403
24790150,630,8,622
24790151,499,11,488
24790152,499,16,483
24790153,557,7,550
24790154,609,13,596
24790155,443,0,443
24790156,561,21,540
24790157,511,4,507
24790158,442,5,437
24790159,0,0,0
24790160,6,0,6
24790162,0,0,0
24790163,500,6,494
24800051,437,8,429
24800052,483,34,449
24800053,576,22,554
24800054,757,14,743
24800055,628,32,596
24800056,601,5,596
24800057,574,20,554
24800058,546,1,545
24800059,526,2,524
24800060,442,2,440
24800061,550,23,527
24800062,398,2,396
24800063,609,34,575
24800064,559,14,545
24800065,469,12,457
24800066,481,16,465
24800067,490,1,489
24800068,607,45,562
24800069,425,4,421
24800070,1260,15,1245
24800071,429,5,424
24800072,522,18,504
24800073,380,2,378
24800074,333,17,316
24800075,922,6,916
24800076,617,8,609
24800077,478,5,473
24800078,549,77,472
24800079,530,4,526
24800080,512,3,509
24800081,970,8,962
24800082,1018,5,1013
24800083,441,2,439
24800084,891,11,880
24800085,380,6,374
24800086,653,4,649
24800087,533,2,531
24800088,430,1,429
24800089,307,8,299
24800090,332,15,317
24800091,437,4,433
24810001,623,36,587
24810002,394,26,368
24810003,452,17,435
24810004,373,6,367
24810005,462,2,460
24810006,463,1,462
24810007,536,5,531
24810008,1617,52,1565
24810009,595,3,592
24810010,532,4,528
24810011,478,37,441
24810012,483,3,480
24810013,587,9,578
24810014,558,15,543
24810015,649,17,632
24810016,382,8,374
24810017,633,22,611
24810018,618,5,613
24810019,491,22,469
24810020,488,12,476
24810021,394,16,378
24810022,781,23,758
24810023,508,15,493
24810024,1140,19,1121
24810026,897,54,843
24810027,437,39,398
24810028,425,13,412
24810029,771,27,744
24810030,969,21,948
24810031,620,24,596
24810032,1607,65,1542
24810033,1506,61,1445
24810034,561,6,555
24810035,850,6,844
24810036,609,48,561
24810037,1567,98,1469
24810038,752,0,752
24810039,1374,4,1370
24810040,557,2,555
24810041,1670,86,1584
24810042,907,30,877
24810043,646,6,640
24810044,618,6,612
24810045,329,15,314
24810047,534,6,528
24810048,540,71,469
24810049,394,26,368
24810050,462,2,460
24810051,675,3,672
24810052,662,19,643
24810053,782,28,754
24810054,452,23,429
24810055,505,33,472
24810056,581,20,561
24810057,239,3,236
24810058,559,3,556
24810059,570,3,567
24810060,429,19,410
24810061,442,21,421
24810062,441,7,434
24810063,426,7,419
24810065,428,7,421
24810066,385,7,378
24810067,425,11,414
24810068,425,6,419
24810069,394,10,384
24810070,579,14,565
24810071,650,9,641
24810072,456,27,429
24810073,301,7,294
24810074,474,17,457
24810075,310,20,290
24810076,578,5,573
24810077,472,42,430
24810078,427,11,416
24810079,356,12,344
24810080,542,10,532
24810081,547,54,493
24810082,540,37,503
24810083,420,6,414
24810084,469,16,453
24810085,548,41,507
24810086,391,8,383
24810088,543,13,530
24810089,531,11,520
24810090,313,3,310
24810091,299,0,299
24810094,755,55,700
24810095,909,6,903
24810096,461,6,455
24810097,415,9,406
24810098,1841,101,1740
24810100,1283,15,1268
24810101,498,10,488
24810102,1222,123,1099
24810103,550,40,510
24810104,269,4,265
24810105,1008,10,998
24810106,432,4,428
24810108,552,4,548
24810109,329,1,328
24810110,311,37,274
24810111,332,21,311
24810112,338,1,337
24810113,315,3,312
24810114,726,13,713
24810115,1032,5,1027
24810116,219,6,213
24810117,487,9,478
24810118,387,14,373
24810119,383,5,378
24810120,378,48,330
24810121,418,6,412
24810122,674,3,671
24810123,1515,31,1484
24810124,656,5,651
24810125,1090,43,1047
24810126,615,17,598
24810127,613,33,580
24810128,336,4,332
24810129,580,3,577
24810130,432,20,412
24810131,455,3,452
24810132,399,25,374
24810133,403,12,391
24810134,525,6,519
24810135,1779,56,1723
24810136,458,16,442
24810137,673,21,652
24810138,615,25,590
24810139,368,79,289
24810140,292,32,260
24810141,452,62,390
24810142,264,11,253
24810143,405,1,404
24810145,881,59,822
24810146,713,88,625
24810147,551,4,547
24810148,390,8,382
24810149,483,7,476
24810150,408,8,400
24810151,306,1,305
24810152,565,4,561
24810153,378,44,334
24810155,582,12,570
24810156,402,11,391
24810157,376,26,350
24810158,457,11,446
24810159,399,17,382
24810160,420,9,411
24810161,590,5,585
24810162,786,15,771
24810163,470,2,468
24810164,338,0,338
24810165,462,2,460
24810166,391,19,372
24810167,325,5,320
24810168,463,11,452
24810169,320,4,316
24810170,644,5,639
24810171,533,23,510
24810172,410,7,403
24810173,348,16,332
24810174,448,8,440
24810175,305,2,303
24810176,469,4,465
24810177,463,6,457
24810178,610,9,601
24810179,461,6,455
24810180,719,24,695
24810182,1349,3,1346
24810183,478,3,475
24810184,574,7,567
24810185,535,16,519
24810186,1292,50,1242
24810187,485,5,480
24810188,322,6,316
24810189,1119,60,1059
24810190,1339,11,1328
24810191,389,14,375
24810192,539,20,519
24810193,402,0,402
24810194,765,35,730
24810195,533,2,531
24810196,613,0,613
24810197,446,7,439
24810198,453,4,449
24810199,818,5,813
24810200,635,2,633
24810201,937,34,903
24810202,1260,22,1238
24810203,390,14,376
24810204,616,19,597
24810205,568,21,547
24810206,305,2,303
24810207,1316,28,1288
24810208,288,1,287
24810209,356,1,355
24810210,847,5,842
24810211,954,21,933
24810212,461,71,390
24810213,529,7,522
24810214,537,24,513
24810215,706,16,690
24810216,516,32,484
24810217,239,14,225
24810218,389,8,381
24810219,369,3,366
24810220,536,1,535
24810221,427,7,420
24810222,530,4,526
24810224,525,7,518
24810225,1327,30,1297
24810226,418,16,402
24810227,438,1,437
24810228,441,15,426
24810229,846,2,844
24810230,752,45,707
24810231,286,1,285
24810232,422,14,408
24810233,695,42,653
24810234,472,40,432
24810235,372,12,360
24810236,345,4,341
24810237,640,14,626
24810238,464,17,447
24810239,909,11,898
24810241,611,34,577
24810242,503,8,495
24810243,516,4,512
24810244,445,22,423
24810245,303,0,303
24810247,892,6,886
24810248,559,3,556
24810249,428,22,406
24810250,2149,84,2065
24810253,1070,7,1063
24810254,481,3,478
24810255,896,7,889
24810256,922,29,893
24810257,319,8,311
24810260,673,11,662
24810261,924,16,908
24810262,273,5,268
24810263,817,6,811
24810264,409,16,393
24810265,593,1,592
24810266,811,23,788
24810267,580,31,549
24810268,433,11,422
24810269,475,21,454
24810270,483,17,466
24810271,395,8,387
24810272,412,4,408
24810273,344,15,329
24810274,503,22,481
24810275,537,4,533
24810276,398,3,395
24810277,352,19,333
24810278,441,10,431
24810279,337,7,330
24810280,475,9,466
24810281,421,6,415
24810282,164,3,161
24810283,404,0,404
24810284,389,5,384
24810285,629,21,608
24810286,424,8,416
24810287,361,6,355
24810288,421,4,417
24810289,271,16,255
24810290,293,7,286
24810291,414,10,404
24810292,470,26,444
24810293,235,1,234
24810294,246,2,244
24810295,319,2,317
24810296,895,2,893
24810297,463,11,452
24810298,623,21,602
24810299,669,60,609
24810300,347,27,320
24810301,296,24,272
24810302,539,12,527
24810303,394,13,381
24810304,330,7,323
24810305,804,11,793
24810306,862,70,792
24810307,453,5,448
24810308,897,56,841
24810309,305,7,298
24810310,2171,189,1982
24810313,451,3,448
24810314,2767,30,2737
24810315,588,27,561
24810316,2390,66,2324
24810317,489,9,480
24810318,2215,95,2120
24810319,1173,33,1140
24810320,554,32,522
24810321,585,5,580
24810322,406,17,389
24810323,727,29,698
24810324,407,1,406
24810325,478,57,421
24810326,389,10,379
24810327,375,9,366
24810328,724,14,710
24810329,412,2,410
24810330,351,12,339
24810331,361,23,338
24810332,1416,32,1384
24810333,1182,23,1159
24810334,633,18,615
24810335,507,63,444
24810336,1054,15,1039
24810337,295,3,292
24810338,407,41,366
24810339,449,5,444
24810341,1085,37,1048
24810342,485,13,472
24810343,1157,11,1146
24810344,294,24,270
24810345,586,14,572
24810346,759,58,701
24810347,344,45,299
24810348,840,30,810
24810349,555,5,550
24810350,515,13,502
24810351,538,36,502
24810352,825,9,816
24810353,892,21,871
24810354,500,25,475
24810355,590,5,585
24810356,472,10,462
24810357,352,10,342
24810358,426,7,419
24810359,214,5,209
24810360,346,3,343
24810362,328,20,308
24810363,437,6,431
24810364,921,4,917
24810367,898,3,895
24810368,568,4,564
24810369,1673,29,1644
24810370,489,29,460
24810371,402,43,359
24810372,555,7,548
24810373,1179,23,1156
24810374,759,9,750
24810375,220,10,210
24810376,749,9,740
24810377,492,3,489
24810378,503,10,493
24810379,3226,57,3169
24810380,714,31,683
24810381,1028,8,1020
24810382,1415,71,1344
24810383,1399,73,1326
24810385,824,21,803
24810388,600,16,584
24810389,661,15,646
24810390,1128,26,1102
24810391,2154,123,2031
24810392,231,3,228
24810393,401,6,395
24810394,1230,67,1163
24810396,240,3,237
24810397,266,5,261
24810398,1046,16,1030
24810399,1979,34,1945
24810400,945,63,882
24810401,893,45,848
24810402,1688,51,1637
24810403,1257,34,1223
24810404,1230,12,1218
24810405,620,2,618
24810406,452,14,438
24810407,763,27,736
24810409,422,4,418
24810410,1504,82,1422
24810411,1399,5,1394
24810412,934,7,927
24810413,1021,9,1012
24810414,793,7,786
24810415,869,9,860
24810416,338,8,330
24810417,1775,3,1772
24810418,1106,20,1086
24810419,1081,19,1062
24810420,1370,103,1267
24810421,1535,15,1520
24810422,1720,26,1694
24810423,2138,15,2123
24810424,418,1,417
24810425,386,3,383
24810426,2356,40,2316
24810427,804,1,803
24810428,2032,31,2001
24810429,545,8,537
24810430,1679,27,1652
24810431,1030,42,988
24810432,659,10,649
24810433,1341,21,1320
24810434,556,13,543
24810435,586,15,571
24810436,736,9,727
24810437,911,78,833
24810438,1239,107,1132
24810439,1093,9,1084
24810440,431,36,395
24810441,648,17,631
24810442,711,20,691
24810443,727,17,710
24810444,634,3,631
24810445,941,28,913
24810446,654,12,642
24810447,1280,37,1243
24810448,856,14,842
24810449,679,31,648
24810450,1006,115,891
24820016,1627,65,1562
24820017,850,44,806
24820018,1285,78,1207
24820019,1610,51,1559
24820021,1190,4,1186
24820022,329,4,325
24820027,626,2,624
24820028,1440,27,1413
24820054,743,7,736
24820055,541,12,529
24820056,557,12,545
24820057,697,10,687
24820058,454,19,435
24820059,1034,19,1015
24820060,2274,11,2263
24820061,765,25,740
24820062,735,31,704
24820063,846,28,818
24820064,906,16,890
24820065,833,10,823
24820066,1147,40,1107
24820067,1137,17,1120
24820068,873,3,870
24820069,791,40,751
24820070,469,1,468
24820071,1052,17,1035
24820072,298,11,287
24820073,1477,62,1415
24820074,1061,7,1054
24820075,578,5,573
24820076,863,43,820
24820077,904,10,894
24820078,502,19,483
24820079,587,13,574
24820080,513,6,507
24820081,1392,38,1354
24820082,783,6,777
24820083,662,15,647
24820084,1143,42,1101
24820085,429,10,419
24820086,515,3,512
24820087,503,20,483
24820088,669,105,564
24820089,1351,114,1237
24820090,1352,55,1297
24820091,587,5,582
24820092,989,30,959
24820093,712,38,674
24820094,998,74,924
24820095,806,4,802
24820096,730,3,727
24820097,739,24,715
24820098,739,35,704
24820099,531,6,525
24820100,409,30,379
24820101,547,96,451
24820102,622,105,517
24820104,882,4,878
24820105,1367,48,1319
24830051,0,0,0
24830052,0,0,0
24830053,0,0,0
24830054,0,0,0
24830057,618,120,498
24830058,598,50,548
24830059,420,2,418
24830060,758,69,689
24830061,519,1,518
24830062,497,38,459
24830063,527,43,484
24830064,555,62,493
24830065,576,87,489
24830066,591,29,562
24830067,467,40,427
24830068,521,92,429
24830069,389,46,343
24830070,771,761,10
24830071,397,22,375
24830072,473,26,447
24830073,465,103,362
24830074,492,84,408
24830075,526,34,492
24830076,577,78,499
24830077,426,6,420
24830078,566,31,535
24830079,637,3,634
24830080,489,60,429
24830081,442,17,425
24830082,585,68,517
24830083,468,0,468
24830084,483,52,431
24830085,492,70,422
24830086,540,2,538
24830087,458,2,456
24830088,490,72,418
24830089,557,3,554
24830090,450,60,390
24830091,727,38,689
24830092,826,73,753
24830093,474,448,26
24830095,0,0,0
24830096,320,309,11
24840037,0,0,0
24840038,142,5,137
24840039,151,7,144
24840040,320,78,242
24840041,454,102,352
24840042,431,34,397
24840043,431,11,420
24840044,381,65,316
24840045,695,277,418
24840046,499,58,441
24840047,423,117,306
24840048,567,118,449
24840049,398,116,282
24840050,319,88,231
24840051,420,67,353
24840052,330,41,289
24840053,366,78,288
24840054,602,200,402
24840055,694,160,534
24840056,34,11,23
24840057,227,5,222
24840058,472,68,404
24840059,478,5,473
24840060,509,2,507
24840061,464,4,460
24840062,388,1,387
24840063,413,4,409
24840064,466,17,449
24840065,481,4,477
24840066,531,97,434
24840067,376,84,292
24840068,169,7,162
24840069,535,40,495
24840070,776,136,640
24850044,278,9,269
24850045,319,1,318
24850046,302,3,299
24850047,465,1,464
24850048,666,19,647
24850049,503,0,503
24850050,434,6,428
24850051,423,24,399
24850052,387,6,381
24850053,329,1,328
24850054,878,9,869
24850055,325,9,316
24850056,434,10,424
24850057,473,26,447
24850058,309,7,302
24850059,377,17,360
24850060,477,10,467
24850061,634,7,627
24850062,454,52,402
24850063,0,0,0
24850064,0,0,0
24850065,0,0,0
24850066,0,0,0
24850067,526,491,35
24850068,11,11,0
24850069,0,0,0
24850070,520,29,491
24850071,350,1,349
24850072,0,0,0
24850073,622,2,620
24850074,347,3,344
24850075,326,2,324
24850076,293,21,272
24850077,186,11,175
24850078,307,32,275
24850079,224,51,173
24850080,92,85,7
24850081,16,1,15
24850082,10,9,1
24850083,513,78,435
24850084,275,232,43
24850085,473,38,435
24850086,383,68,315
24850087,344,5,339
24850088,343,74,269
24850089,426,80,346
24850090,431,15,416
24850091,80,1,79
24860073,1064,6,1058
24860074,570,14,556
24860075,973,11,962
24860076,510,5,505
24860077,559,22,537
24860078,495,4,491
24860079,459,7,452
24860080,555,9,546
24860082,875,0,875
24860083,506,40,466
24860084,557,5,552
24860085,481,10,471
24860086,549,3,546
24860087,477,9,468
24860088,503,6,497
24860089,529,7,522
24860090,454,3,451
24860091,509,3,506
24860092,485,5,480
24860093,497,4,493
24860094,490,4,486
24860095,473,5,468
24860096,425,3,422
24860097,513,3,510
24860098,443,5,438
24860099,540,4,536
24860100,422,6,416
24860101,548,4,544
24860102,531,4,527
24860103,589,3,586
24860104,505,23,482
24860105,485,3,482
24860106,445,6,439
24860107,940,24,916
24860108,509,9,500
24860109,683,5,678
24860110,527,4,523
24860112,404,2,402
24860113,532,22,510
24860114,447,19,428
24860119,595,4,591
24860120,762,5,757
24860123,1065,10,1055
24860124,423,7,416
24860125,830,8,822
24860126,475,28,447
24860128,561,3,558
24860140,337,34,303
24860141,559,4,555
24860142,982,53,929
24860143,500,60,440
24860144,1047,14,1033
24860145,1118,21,1097
24860146,758,4,754
24860147,359,4,355
24860148,522,6,516
24860149,572,55,517
24860150,429,5,424
24860151,1122,19,1103
24860152,1124,26,1098
24860153,532,2,530
24860154,1514,47,1467
24860155,239,5,234
24860156,848,6,842
24860157,711,12,699
24860158,830,18,812
24860159,345,5,340
24860160,408,3,405
24870043,36,0,36
24870044,293,8,285
24870045,155,2,153
24870046,500,4,496
24870047,392,14,378
24870048,401,3,398
24870049,194,2,192
24870050,492,20,472
24870051,342,3,339
24870052,457,10,447
24870053,380,3,377
24870054,380,2,378
24870055,397,13,384
24870056,990,5,985
24870057,448,24,424
24870058,362,31,331
24870059,439,5,434
24870060,434,4,430
24870061,463,10,453
24870062,298,11,287
24870063,459,6,453
24870064,510,5,505
24870065,436,5,431
24870066,370,8,362
24870067,463,2,461
24870068,433,5,428
24870069,567,25,542
24870075,694,2,692
24870076,512,3,509
24870077,430,2,428
24870078,470,3,467
24870080,475,17,458
24870081,522,3,519
24870082,486,2,484
24870083,335,5,330
24870084,397,2,395
24870085,678,2,676
24870086,0,0,0
24870088,272,4,268
24870090,50,0,50
24870091,311,1,310
24870093,471,1,470
24870094,502,5,497
24870096,690,8,682
24870097,662,5,657
24870098,812,19,793
24870099,469,7,462
24880047,9,9,0
24880048,132,1,131
24880049,210,6,204
24880050,123,3,120
24880051,553,4,549
24880052,432,2,430
24880053,508,3,505
24880054,467,12,455
24880055,740,3,737
24880056,461,24,437
24880057,879,15,864
24880058,411,4,407
24880059,494,2,492
24880060,359,1,358
24880061,410,4,406
24880062,477,7,470
24880063,373,3,370
24880064,437,4,433
24880065,552,2,550
24880066,442,21,421
24880067,476,2,474
24880068,403,3,400
24880069,857,4,853
24880070,537,528,9
24880071,780,5,775
24880072,560,2,558
24880073,386,6,380
24880074,446,10,436
24880075,413,8,405
24880076,409,4,405
24880077,441,20,421
24880078,360,2,358
24880079,353,5,348
24880080,343,1,342
24880081,490,2,488
24880082,748,10,738
24880083,408,3,405
24880084,752,3,749
24880085,453,2,451
24880086,864,85,779
24880087,395,1,394
24880088,402,4,398
24880089,671,7,664
24880090,559,6,553
24880091,387,5,382
24880092,570,2,568
24880093,598,7,591
24880094,511,2,509
24880095,456,5,451
24880096,0,0,0
24880097,536,16,520
24880098,129,1,128
24880099,218,4,214
24890065,428,5,423
24890066,457,2,455
24890067,410,15,395
24890068,420,10,410
24890069,779,17,762
24890070,230,3,227
24890072,1007,1005,2
24890073,448,446,2
24890074,0,0,0
24890075,0,0,0
24890079,436,3,433
24890080,405,3,402
24890081,521,44,477
24890082,472,7,465
24890083,479,3,476
24890084,386,3,383
24890085,525,43,482
24890086,367,6,361
24890087,471,5,466
24890088,449,4,445
24890089,437,4,433
24890090,467,7,460
24890091,486,2,484
24890092,526,8,518
24890093,492,10,482
24890094,469,24,445
24890095,373,27,346
24890096,536,3,533
24890097,458,20,438
24890099,825,9,816
24890100,540,4,536
24890101,534,5,529
24890102,613,49,564
24890103,637,14,623
24890104,846,45,801
24890105,611,26,585
24890109,317,1,316
24890110,481,3,478
24890118,874,3,871
24890119,626,10,616
24890121,388,29,359
24890122,622,11,611
24890123,704,5,699
24890124,628,8,620
24890125,794,19,775
24890126,140,3,137
24890127,440,5,435
24890128,23,12,11
24890129,303,10,293
24890130,537,3,534
24890131,1359,117,1242
24890132,449,8,441
24890133,545,13,532
24890134,722,10,712
24890135,104,0,104
24890136,103,1,102
24890139,513,5,508
24890140,658,6,652
24890141,764,35,729
24890142,606,3,603
24890144,258,256,2
24890145,0,0,0
24890146,0,0,0
24890147,642,25,617
24890148,414,90,324
24890149,474,19,455
24890153,918,32,886
24890154,210,2,208
24890155,452,4,448
24890156,645,14,631
24890157,405,5,400
24890158,591,35,556
24890159,818,51,767
24890160,1194,8,1186
24890161,803,7,796
24890162,779,24,755
24890163,572,9,563
24890164,546,5,541
24890165,600,5,595
24890166,1203,11,1192
24890168,785,17,768
24890169,744,22,722
24890170,2,0,2
24890171,15,15,0
24900037,2066,2063,3
24900040,594,93,501
24900041,761,753,8
24900042,444,444,0
24900043,513,87,426
24900044,444,21,423
24900045,438,3,435
24900046,593,29,564
24900047,546,25,521
24900048,516,9,507
24900049,560,5,555
24900050,557,36,521
24900051,715,5,710
24900052,531,19,512
24900053,629,11,618
24900054,599,24,575
24900055,874,27,847
24900056,644,13,631
24900057,834,141,693
24900058,597,15,582
24900059,167,6,161
24900060,646,49,597
24900061,321,4,317
24910050,1181,41,1140
24910051,544,4,540
24910052,429,23,406
24910053,430,4,426
24910054,398,12,386
24910055,656,15,641
24910056,299,9,290
24910057,501,8,493
24910058,362,11,351
24910059,480,2,478
24910060,332,5,327
24910061,516,8,508
24910062,478,3,475
24910063,426,10,416
24910064,542,21,521
24910065,783,39,744
24910066,511,8,503
24910067,459,43,416
24910068,1135,53,1082
24910069,586,28,558
24910070,598,9,589
24910071,616,465,151
24910072,503,471,32
24910073,851,775,76
24910074,461,33,428
24910075,468,4,464
24910076,503,18,485
24910077,511,26,485
24910078,559,38,521
24910079,476,10,466
24910080,675,18,657
24910081,532,13,519
24910082,433,6,427
24910083,524,24,500
24910084,592,16,576
24910085,481,24,457
24910086,395,0,395
24910087,699,23,676
24910088,992,56,936
24910089,117,33,84
24910090,523,31,492
24910091,387,13,374
24910092,454,0,454
24910093,530,31,499
24910094,447,9,438
24910095,784,14,770
24910096,0,0,0
24910097,496,6,490
24910098,467,1,466
24910099,592,2,590
24910100,359,12,347
24910101,345,33,312
24910102,483,27,456
24910103,41,38,3
24910104,457,14,443
24910105,460,10,450
24910106,424,20,404
24910107,757,28,729
24910108,462,7,455
24920051,96,41,55
24920052,189,0,189
24920053,443,0,443
24920054,200,7,193
24920055,311,0,311
24920056,381,1,380
24920057,433,28,405
24920058,366,11,355
24920059,477,23,454
24920060,309,2,307
24920061,559,18,541
24920062,456,23,433
24920063,403,7,396
24920064,549,70,479
24920065,351,5,346
24920066,373,7,366
24920067,348,3,345
24920068,371,15,356
24920069,326,5,321
24920070,141,140,1
24920071,391,50,341
24920072,428,14,414
24920073,456,14,442
24920074,737,37,700
24920075,511,9,502
24920076,628,29,599
24920077,488,4,484
24920078,306,2,304
24920079,375,4,371
24920080,744,15,729
24920081,284,10,274
24920082,451,5,446
24920083,476,5,471
24920084,276,11,265
24920085,457,16,441
24920086,381,16,365
24920087,327,15,312
24920088,696,35,661
24920089,362,5,357
24920090,290,5,285
24920091,362,28,334
24920092,605,18,587
24920093,332,23,309
24920094,259,24,235
24920095,104,0,104
24920096,464,24,440
24920097,382,2,380
24920098,140,1,139
24920099,446,2,444
24920100,602,44,558
24920101,514,23,491
24920102,335,1,334
24920103,392,5,387
24920104,557,9,548
24920105,352,8,344
24920106,490,8,482
24920107,439,12,427
24920108,321,5,316
24920109,291,0,291
24920110,382,1,381
24930059,653,15,638
24930060,389,8,381
24930061,446,26,420
24930062,328,5,323
24930063,373,3,370
24930064,581,8,573
24930065,417,5,412
24930066,655,21,634
24930067,287,6,281
24930068,666,21,645
24930069,449,28,421
24930070,466,15,451
24930071,543,21,522
24930072,628,42,586
24930073,667,6,661
24930074,643,3,640
24930075,398,8,390
24930076,408,19,389
24930077,400,3,397
24930078,435,14,421
24930079,445,5,440
24930080,395,3,392
24930081,391,7,384
24930082,395,7,388
24930083,544,9,535
24930084,441,10,431
24930085,374,4,370
24930086,991,39,952
24930087,364,7,357
24930088,450,22,428
24930089,415,19,396
24930090,464,4,460
24930091,408,9,399
24930092,540,24,516
24930093,1694,7,1687
24930094,676,10,666
24930097,475,2,473
24930098,628,15,613
24930099,480,9,471
24930100,465,4,461
24930101,2098,16,2082
24930102,351,11,340
24930103,330,4,326
24930104,395,3,392
24930106,309,7,302
24930107,345,3,342
24930109,442,5,437
24930110,493,4,489
24930111,693,4,689
24930112,384,8,376
24930113,425,21,404
24930114,1155,64,1091
24930115,407,19,388
24930116,401,0,401
24930117,608,4,604
24930118,438,14,424
24930119,821,21,800
24930120,366,5,361
24930121,803,6,797
24930122,617,9,608
24930123,447,6,441
24930124,237,3,234
24930125,534,6,528
24930126,323,5,318
24930127,430,3,427
24930128,503,3,500
24930129,475,9,466
24930130,438,29,409
24930131,575,4,571
24930132,600,4,596
24930133,430,5,425
24930134,558,7,551
24930135,536,3,533
24930136,328,3,325
24930137,436,3,433
24930138,476,4,472
24930139,494,13,481
24930140,441,4,437
24930141,377,28,349
24930142,798,5,793
24930143,777,4,773
24930144,491,6,485
24930145,310,3,307
24930146,572,5,567
24930147,363,2,361
24930148,411,2,409
24930149,746,2,744
24930150,53,0,53
24930151,0,0,0
24930152,0,0,0
24930153,0,0,0
24930154,0,0,0
24930155,409,10,399
24930156,500,42,458
24930157,422,8,414
24930158,569,12,557
24930159,512,6,506
24930160,426,12,414
24930161,447,20,427
24930162,555,11,544
24930163,309,3,306
24930165,370,32,338
24930166,335,5,330
24930168,1431,10,1421
24940010,589,53,536
24940011,604,27,577
24940018,634,22,612
24940025,304,32,272
24940026,420,48,372
24940027,407,3,404
24940028,387,7,380
24940029,421,7,414
24940030,553,3,550
24940031,388,2,386
24940034,441,13,428
24940035,422,16,406
24940036,542,7,535
24940037,410,3,407
24940038,532,12,520
24940039,406,8,398
24940040,492,17,475
24940041,533,6,527
24940042,492,7,485
24940043,351,5,346
24940044,430,8,422
24940045,433,7,426
24940046,427,3,424
24940047,443,12,431
24940048,516,18,498
24940049,462,9,453
24940050,421,3,418
24940051,311,11,300
24940052,601,5,596
24940053,318,5,313
24940054,413,5,408
24940055,902,9,893
24940056,1180,34,1146
24940057,294,3,291
24940058,589,7,582
24940059,812,3,809
24940060,345,3,342
24940061,495,18,477
24940062,408,6,402
24940063,651,3,648
24940064,468,26,442
24940065,429,2,427
24940066,411,7,404
24940067,419,5,414
24940068,575,11,564
24940069,428,11,417
24940070,996,12,984
24940071,381,26,355
24940072,435,4,431
24940073,501,18,483
24940074,498,7,491
24940075,352,0,352
24940076,386,9,377
24940077,479,1,478
24940078,1168,3,1165
24940082,1402,9,1393
24940103,431,1,430
24940104,777,31,746
24940105,682,4,678
24940106,400,7,393
24940107,431,1,430
24940108,253,2,251
24940109,361,1,360
24940110,374,1,373
24940111,454,8,446
24940112,540,11,529
24940114,294,4,290
24940116,381,4,377
24940117,345,1,344
24940118,347,1,346
24940119,410,4,406
24940120,413,1,412
24940123,668,15,653
24940124,370,4,366
24940125,392,2,390
24940126,470,9,461
24940127,1076,2,1074
24940131,497,2,495
24940132,470,1,469
24940147,717,16,701
24940148,478,14,464
24940149,357,3,354
24940150,406,9,397
24940151,479,4,475
24940152,462,9,453
24940153,468,2,466
24940154,444,2,442
24940155,289,1,288
24940156,390,1,389
24940157,880,13,867
24940158,293,16,277
24940159,388,2,386
24940160,386,7,379
24940161,373,3,370
24940162,367,3,364
24940163,371,2,369
24940164,187,2,185
24940165,260,0,260
24940166,295,4,291
24940167,1952,15,1937
24940168,911,4,907
24940169,701,14,687
24940170,563,68,495
24940171,393,2,391
24940172,313,6,307
24940173,818,25,793
24940174,298,2,296
24940175,394,11,383
24940176,353,7,346
24940177,390,2,388
24940178,428,6,422
24940179,456,14,442
24940180,273,13,260
24940181,442,19,423
24940182,498,6,492
24940183,702,37,665
24940184,546,3,543
24940185,294,1,293
24940186,408,3,405
24940187,664,13,651
24940188,450,3,447
24940189,445,12,433
24940190,365,2,363
24940191,335,7,328
24940193,503,14,489
24940194,375,5,370
24940195,274,2,272
24940196,307,1,306
24940197,1010,62,948
24940199,240,2,238
24940200,444,6,438
24940201,767,60,707
24940202,452,2,450
24940203,596,16,580
24940204,453,9,444
24940205,267,3,264
24940206,427,4,423
24940207,636,19,617
24940208,316,5,311
24940209,434,20,414
24940210,451,37,414
24940211,732,11,721
24940212,574,3,571
24940213,580,3,577
24940214,790,26,764
24940215,340,5,335
24940216,418,3,415
24940217,518,6,512
24940218,382,10,372
24940219,780,24,756
24940220,419,4,415
24940221,222,1,221
24940222,1225,24,1201
24940237,540,16,524
24940238,403,0,403
24940239,393,1,392
24940240,432,2,430
24940241,504,4,500
24940242,552,6,546
24940244,583,7,576
24940245,550,30,520
24940246,1404,59,1345
24940247,209,13,196
24940248,344,14,330
24940249,644,24,620
24940250,499,36,463
24940251,303,11,292
24940252,382,5,377
24940253,469,8,461
24940254,421,10,411
24940255,374,16,358
24940256,366,8,358
24940257,416,2,414
24940258,398,3,395
24940259,487,37,450
24940260,399,5,394
24940261,419,6,413
24940262,333,5,328
24940263,316,5,311
24940264,394,13,381
24940265,863,11,852
24940266,393,4,389
24940267,318,30,288
24940268,867,14,853
24940269,309,7,302
24940270,500,22,478
24940271,1162,59,1103
24940274,1007,53,954
24940275,269,1,268
24940276,320,7,313
24940277,378,6,372
24940278,386,3,383
24940279,417,5,412
24940280,334,14,320
24940281,392,3,389
24940282,390,19,371
24940283,496,0,496
24940284,557,2,555
24940285,542,5,537
24940286,446,1,445
24940287,978,2,976
24940294,220,9,211
24940295,450,18,432
24940296,464,12,452
24940297,479,3,476
24940298,379,4,375
24940299,828,27,801
24940300,433,5,428
24940301,391,2,389
24940302,353,6,347
24940303,412,19,393
24940304,185,1,184
24940305,380,3,377
24940306,360,4,356
24940307,946,10,936
24940310,601,16,585
24940311,417,5,412
24940312,584,2,582
24940313,2,1,1
24940314,840,31,809
24940315,827,31,796
24940316,469,8,461
24940323,692,0,692
24940324,987,20,967
24940329,425,17,408
24940330,969,8,961
24940331,400,3,397
24940332,1177,6,1171
24940333,0,0,0
24940334,532,4,528
24940335,0,0,0
24940337,928,3,925
24940338,1176,8,1168
24940339,1296,11,1285
24940340,1521,20,1501
24940342,594,3,591
24940343,656,12,644
24940344,268,6,262
24940345,524,11,513
24940346,479,20,459
24940347,550,1,549
24940348,421,22,399
24940366,515,2,513
24940374,733,17,716
24940375,816,11,805
24940376,693,17,676
24940377,639,17,622
24940378,627,5,622
24940379,458,16,442
24940380,548,13,535
24940381,415,11,404
24940382,400,9,391
24940383,643,35,608
24940386,607,41,566
24940387,517,2,515
24940391,766,32,734
24940395,873,20,853
24940396,636,3,633
24940398,713,25,688
24940399,438,16,422
24940400,922,49,873
24940402,690,7,683
24940403,876,37,839
24940404,740,38,702
24940406,1057,38,1019
24940407,1150,49,1101
24940409,1211,33,1178
24940410,757,2,755
24940411,378,53,325
24940412,384,14,370
24940414,420,1,419
24940415,259,0,259
24940416,1033,3,1030
24940417,730,2,728
24940418,495,9,486
24940419,521,4,517
24940421,500,60,440
24940422,399,3,396
24940424,334,2,332
24940425,1162,5,1157
24940429,677,33,644
24940430,807,28,779
24940431,438,16,422
24940432,270,6,264
24940433,402,14,388
24940434,444,21,423
24940435,434,9,425
24940436,509,9,500
24940437,541,8,533
24940438,356,6,350
24940439,334,4,330
24940440,569,4,565
24940441,263,2,261
24940442,511,5,506
24940443,439,4,435
24940444,523,5,518
24940445,312,3,309
24940446,371,8,363
24940447,361,19,342
24940448,837,6,831
24940449,1804,26,1778
24940450,470,7,463
24940451,762,6,756
24940452,268,5,263
24940454,349,2,347
24940455,797,2,795
24940456,501,3,498
24940457,555,5,550
24940458,569,4,565
24950025,315,5,310
24950026,365,5,360
24950027,499,15,484
24950028,581,2,579
24950029,293,4,289
24950030,351,1,350
24950031,365,19,346
24950032,492,5,487
24950033,411,27,384
24950034,267,7,260
24950035,318,24,294
24950036,289,34,255
24950037,425,62,363
24950038,291,27,264
24950039,508,14,494
24950040,398,19,379
24950041,524,61,463
24950042,301,285,16
24950043,423,17,406
24950044,631,64,567
24950045,605,17,588
24950046,438,33,405
24950047,363,4,359
24950048,541,30,511
24950049,5,1,4
24950050,338,24,314
24950051,329,11,318
24960045,90,7,83
24960046,1438,40,1398
24960047,248,3,245
24960048,735,16,719
24960049,615,2,613
24960050,617,3,614
24960051,951,5,946
24960052,432,3,429
24960053,458,5,453
24960054,479,4,475
24960055,525,6,519
24960056,463,12,451
24960057,374,11,363
24960058,432,2,430
24960059,510,16,494
24960060,426,5,421
24960061,453,2,451
24960062,387,8,379
24960063,374,5,369
24960064,369,1,368
24960065,405,36,369
24960066,414,6,408
24960067,490,4,486
24960068,445,4,441
24960069,327,3,324
24960070,627,3,624
24960071,469,1,468
24960072,531,22,509
24960073,558,3,555
24960074,405,9,396
24960075,302,6,296
24960076,332,25,307
24960077,414,3,411
24960078,355,15,340
24960079,455,1,454
24960080,648,3,645
24960081,360,10,350
24960082,401,2,399
24960083,372,20,352
24960084,451,6,445
24960085,496,7,489
24960086,578,0,578
24960087,421,3,418
24960088,1084,2,1082
24960089,597,3,594
24960090,894,3,891
24960091,422,21,401
24960092,339,33,306
24960093,399,2,397
24960094,408,9,399
24960095,371,8,363
24960096,1029,25,1004
24960097,63,16,47
24960098,225,3,222
24960099,980,975,5
24960100,398,3,395
24960101,333,332,1
24960102,266,265,1
24960103,461,460,1
24960104,186,185,1
24960105,309,8,301
24960106,257,6,251
24960107,394,9,385
24970068,26,26,0
24970069,599,599,0
24970070,0,0,0
24970071,34,30,4
24970072,149,40,109
24970073,615,592,23
24970074,0,0,0
24970075,10,0,10
24970076,430,3,427
24970077,473,5,468
24970078,267,4,263
24970079,413,2,411
24970080,525,8,517
24970081,353,16,337
24970082,0,0,0
24970083,106,1,105
24970085,585,18,567
24970086,561,7,554
24970087,1243,44,1199
24970088,706,11,695
24970089,436,37,399
24970092,518,91,427
24970093,601,41,560
24970094,485,3,482
24970095,533,8,525
24970096,522,6,516
24970097,491,31,460
24970099,103,95,8
24970101,560,8,552
24970102,451,5,446
24970103,526,44,482
24970104,519,1,518
24970105,308,6,302
24970106,440,9,431
24970107,497,4,493
24970108,520,27,493
24970109,673,21,652
24970110,546,16,530
24970111,564,48,516
24970112,941,9,932
24970113,869,73,796
24970114,565,14,551
24970115,470,3,467
24970116,407,3,404
24970117,405,4,401
24970118,387,5,382
24970119,384,11,373
24970120,540,38,502
24970121,641,7,634
24970122,425,15,410
24970123,621,51,570
24970124,516,11,505
24970125,429,58,371
24970126,235,6,229
24970127,116,3,113
24970128,576,21,555
24970129,452,5,447
24970130,576,8,568
24970131,440,3,437
24970132,483,6,477
24970133,647,3,644
24970134,443,6,437
24970135,390,26,364
24970136,459,42,417
24970137,540,55,485
24970138,514,22,492
24970139,447,21,426
24970140,426,16,410
24970141,856,83,773
24970142,802,786,16
24970143,779,772,7
24970144,452,15,437
24970145,422,414,8
24970146,1114,1058,56
24970147,313,4,309
24970149,561,3,558
24970151,0,0,0
24970152,956,26,930
24970153,712,25,687
24970154,925,21,904
24980033,415,53,362
24980034,676,137,539
24980035,576,71,505
24980036,436,4,432
24980037,223,17,206
24980038,426,100,326
24980039,231,229,2
24980040,419,46,373
24980041,0,0,0
24980044,446,438,8
24980046,259,18,241
24980047,849,849,0
24980048,0,0,0
24980049,233,7,226
24980050,87,8,79
24980051,1138,7,1131
24980052,673,4,669
24980053,332,5,327
24980054,407,1,406
24980055,361,15,346
24980056,328,9,319
24980057,193,6,187
24980058,0,0,0
24980059,432,11,421
24980060,557,557,0
24980061,213,57,156
24980062,278,11,267
24980063,218,9,209
24980065,229,36,193
24980066,0,0,0
24980067,558,558,0
24990137,0,0,0
24990138,1529,1450,79
24990140,0,0,0
24990141,0,0,0
24990142,1823,1704,119
24990143,0,0,0
24990144,433,418,15
24990145,0,0,0
24990146,647,621,26
24990147,0,0,0
24990148,1810,1758,52
24990149,0,0,0
24990150,458,446,12
24990151,0,0,0
24990152,0,0,0
24990153,716,590,126
24990154,1010,983,27
24990155,0,0,0
24990156,15,10,5
24990157,0,0,0
24990158,0,0,0
24990159,0,0,0
24990160,0,0,0
24990161,0,0,0
24990162,0,0,0
24990163,0,0,0
24990164,0,0,0
24990165,977,922,55
24990166,0,0,0
24990167,0,0,0
24990168,2032,1444,588
24990169,301,295,6
24990170,519,418,101
24990171,0,0,0
24990172,0,0,0
24990173,386,363,23
24990174,217,198,19
24990175,0,0,0
24990176,586,560,26
24990177,0,0,0
24990178,0,0,0
24990179,419,401,18
24990180,0,0,0
24990181,784,729,55
24990182,0,0,0
24990183,0,0,0
24990186,0,0,0
24990187,0,0,0
24990188,0,0,0
24990189,0,0,0
24990190,0,0,0
24990191,0,0,0
24990192,764,684,80
24990194,0,0,0
24990195,796,745,51
24990196,0,0,0
24990197,910,900,10
24990198,1775,1740,35
24990199,496,495,1
24990200,0,0,0
24990201,0,0,0
24990202,0,0,0
24990203,1498,1451,47
24990204,0,0,0
24990205,5002,4825,177
24990206,0,0,0
24990207,0,0,0
24990208,1937,1842,95
24990209,456,447,9
24990210,462,461,1
24990211,417,397,20
24990212,374,356,18
24990213,470,33,437
24990214,424,3,421
24990215,402,4,398
24990216,491,12,479
24990217,434,15,419
24990218,516,11,505
24990219,351,6,345
24990220,437,11,426
24990221,428,4,424
24990222,642,18,624
24990223,424,2,422
24990224,403,6,397
24990225,546,95,451
24990226,443,38,405
24990227,554,7,547
24990228,651,6,645
24990229,414,50,364
24990230,322,15,307
24990231,358,21,337
24990232,399,61,338
24990233,0,0,0
24990234,1788,1776,12
24990235,0,0,0
24990236,436,2,434
24990237,422,4,418
24990238,285,6,279
24990239,327,0,327
24990240,438,10,428
24990241,486,6,480
24990242,291,1,290
24990243,391,2,389
24990244,289,16,273
24990245,307,1,306
24990247,255,24,231
24990248,300,14,286
24990249,240,11,229
24990250,236,13,223
24990251,256,12,244
24990252,0,0,0
24990253,16,10,6
35010155,461,90,371
35010156,456,27,429
35010157,467,8,459
35010158,503,12,491
35010159,530,2,528
35010160,528,6,522
35010161,385,1,384
35010162,340,1,339
35010163,515,5,510
35010164,447,10,437
35010165,428,15,413
35010166,478,13,465
35010167,459,1,458
35010168,459,2,457
35010169,433,1,432
35010170,494,2,492
35010171,477,1,476
35010172,1156,82,1074
35010173,751,21,730
35010174,0,0,0
35010175,0,0,0
35010176,0,0,0
35010177,0,0,0
35010178,0,0,0
35010179,524,2,522
35010180,949,58,891
35010181,355,7,348
35010182,450,57,393
35010183,742,9,733
35010184,412,16,396
35010185,878,7,871
35010186,641,59,582
35010187,520,31,489
35010188,443,28,415
35010189,395,7,388
35010190,413,31,382
35010191,462,19,443
35010192,459,10,449
35010193,339,7,332
35010194,376,6,370
35010195,395,18,377
35010196,384,51,333
35010197,408,8,400
35010198,353,14,339
35010199,472,24,448
35010200,437,6,431
35010201,234,216,18
35010202,403,8,395
35010203,477,146,331
35010204,486,2,484
35010205,322,24,298
35010206,460,49,411
35010207,267,4,263
35010208,439,21,418
35010209,445,4,441
35010210,509,7,502
35010211,471,12,459
35010212,419,21,398
35010213,526,158,368
35010214,353,24,329
35010215,560,12,548
35010216,432,16,416
35010217,811,14,797
35010218,466,11,455
35010219,457,15,442
35010220,469,17,452
35010221,496,13,483
35010222,505,14,491
35010223,534,13,521
35010224,559,55,504
35010225,865,7,858
35010226,464,29,435
35010227,322,4,318
35010228,556,6,550
35010229,664,26,638
35010230,424,1,423
35010231,434,13,421
35010232,428,5,423
35010233,512,14,498
35010234,486,55,431
35010235,414,4,410
35010237,572,20,552
35010238,435,62,373
35010239,525,5,520
35010240,462,28,434
35010241,559,38,521
35010242,446,7,439
35010243,507,24,483
35010244,551,104,447
35010245,577,11,566
35010246,437,17,420
35010247,624,13,611
35010248,359,8,351
35010249,520,1,519
35010250,349,4,345
35010251,348,7,341
35010252,382,29,353
35010253,733,3,730
35010254,380,3,377
35010255,265,10,255
35010256,355,4,351
35010257,418,19,399
35010258,535,7,528
35010259,270,4,266
35010260,739,8,731
35010261,497,20,477
35010262,328,37,291
35010263,312,16,296
35010264,489,9,480
35010265,367,11,356
35010266,661,6,655
35010267,408,11,397
35010268,436,11,425
35010269,459,9,450
35010270,411,45,366
35010271,333,30,303
35010272,399,24,375
35010273,701,56,645
35010274,534,37,497
35010275,821,15,806
35010276,647,6,641
35010277,628,13,615
35010278,444,8,436
35010279,385,5,380
35010280,414,3,411
35010281,416,8,408
35010282,439,1,438
35010283,463,17,446
35010284,438,3,435
35010285,391,1,390
35010286,500,22,478
35010287,509,14,495
35010288,493,32,461
35010289,581,1,580
35010290,553,12,541
35010291,450,11,439
35010292,488,30,458
35010293,681,28,653
35010294,763,5,758
35010295,474,3,471
35010296,495,4,491
35010297,409,2,407
35010298,471,40,431
35010299,524,13,511
35010300,572,6,566
35010301,476,22,454
35010302,635,9,626
35010303,478,6,472
35010304,442,12,430
35010305,476,32,444
35010306,493,18,475
35010307,464,8,456
35010308,493,16,477
35010309,413,5,408
35010310,498,44,454
35010311,569,17,552
35010312,524,3,521
35010313,702,7,695
35010314,644,19,625
35010315,755,13,742
35010316,370,1,369
35010317,724,4,720
35010318,639,4,635
35010319,635,12,623
35010320,838,1,837
35010321,417,6,411
35010322,508,25,483
35010323,753,58,695
35010324,580,9,571
35010325,515,13,502
35010326,540,4,536
35010327,620,7,613
35010328,500,11,489
35010329,488,18,470
35010330,445,10,435
35010331,424,38,386
35010332,552,16,536
35010333,474,14,460
35010334,556,42,514
35010335,358,3,355
35010336,549,13,536
35010337,527,4,523
35010338,501,16,485
35010339,701,7,694
35010340,504,4,500
35010341,475,27,448
35010342,483,3,480
35010343,458,17,441
35010344,508,20,488
35010345,405,9,396
35010346,530,9,521
35010347,536,0,536
35010348,605,2,603
35010349,285,19,266
35010350,388,14,374
35010351,412,19,393
35010352,440,12,428
35010353,487,13,474
35010354,510,3,507
35010355,488,6,482
35010356,584,27,557
35010357,594,4,590
35010358,567,3,564
35010359,560,16,544
35010360,543,16,527
35010361,468,61,407
35010362,491,4,487
35010363,476,3,473
35010364,385,2,383
35010365,519,4,515
35010366,510,3,507
35010367,733,19,714
35010369,352,2,350
35010370,1040,34,1006
35010371,481,3,478
35010372,313,6,307
35010373,429,8,421
35010374,468,11,457
35010375,447,15,432
35010376,653,41,612
35010377,0,0,0
35010378,31,27,4
35010379,0,0,0
35010380,0,0,0
35010381,0,0,0
35010382,0,0,0
35010383,0,0,0
35010384,0,0,0
35010385,0,0,0
35010386,0,0,0
35010387,0,0,0
35010388,0,0,0
35010389,0,0,0
35010390,0,0,0
35010391,0,0,0
35010392,0,0,0
35010393,0,0,0
35010394,0,0,0
35010395,0,0,0
35010396,0,0,0
35010397,0,0,0
35010398,0,0,0
35010399,414,12,402
35010400,483,1,482
35010401,570,6,564
35010402,462,2,460
35010403,454,2,452
35010404,987,3,984
35010405,376,8,368
35010406,400,4,396
35010407,926,853,73
35010408,246,224,22
35010409,214,2,212
35010410,249,6,243
35020064,1075,84,991
35020065,532,13,519
35020066,926,74,852
35020067,469,10,459
35020068,472,0,472
35020069,537,14,523
35020070,534,1,533
35020071,449,0,449
35020072,532,6,526
35020073,1410,119,1291
35020075,610,9,601
35020076,731,2,729
35020077,635,15,620
35020078,782,11,771
35020091,3337,1,3336
35020092,900,4,896
35020093,889,40,849
35020094,509,5,504
35020095,502,2,500
35020096,671,1,670
35020097,460,12,448
35020098,459,18,441
35020099,466,10,456
35020100,559,35,524
35020101,659,14,645
35020102,766,3,763
35020103,473,27,446
35020104,711,23,688
35020105,689,7,682
35020106,756,27,729
35020107,629,103,526
35020108,1744,68,1676
35020109,1204,27,1177
35020110,1159,60,1099
35020111,804,54,750
35020112,752,9,743
35020113,552,2,550
35020114,416,3,413
35020115,436,24,412
35020116,935,12,923
35020117,660,2,658
35020118,515,19,496
35020119,563,36,527
35020120,663,29,634
35020121,825,28,797
35020122,932,6,926
35020123,532,20,512
35020124,587,48,539
35020125,436,3,433
35020126,504,42,462
35020127,595,2,593
35020128,686,63,623
35020129,629,12,617
35020130,725,10,715
35020131,513,2,511
35020132,574,39,535
35020133,680,36,644
35020134,488,65,423
35020135,1253,32,1221
35020136,685,9,676
35020137,451,4,447
35020138,597,20,577
35020139,579,30,549
35020140,616,6,610
35020141,1625,52,1573
35020142,2041,170,1871
35020143,574,20,554
35020144,804,16,788
35020145,425,3,422
35020146,894,13,881
35020147,512,17,495
35020148,499,1,498
35020150,740,2,738
35020151,793,13,780
35020152,496,33,463
35020153,594,9,585
35020154,521,2,519
35020155,897,67,830
35020156,482,1,481
35020157,600,4,596
35020158,545,28,517
35020159,519,17,502
35020160,1207,63,1144
35020161,1150,84,1066
35020162,558,31,527
35020163,534,11,523
35020164,425,14,411
35020165,538,2,536
35020166,529,24,505
35020167,502,16,486
35020168,831,170,661
35020169,466,9,457
35020170,621,63,558
35020171,429,4,425
35020172,523,4,519
35020173,521,17,504
35020174,491,10,481
35020175,714,9,705
35020176,546,3,543
35020177,381,6,375
35020178,418,9,409
35020179,425,9,416
35020180,547,15,532
35020181,537,9,528
35020182,580,1,579
35020183,672,26,646
35020184,407,49,358
35020185,569,18,551
35020186,737,13,724
35020187,482,15,467
35020188,591,32,559
35020189,570,16,554
35020190,521,15,506
35020191,532,11,521
35020192,623,29,594
35020193,523,16,507
35020194,543,9,534
35020195,674,16,658
35020196,766,12,754
35020197,512,0,512
35020198,867,22,845
35020199,576,18,558
35020200,441,34,407
35020201,461,0,461
35020202,473,0,473
35020203,587,19,568
35020204,529,4,525
35020205,533,9,524
35020206,807,5,802
35020207,1672,66,1606
35020208,914,46,868
35060001,481,8,473
35060002,684,68,616
35060003,845,2,843
35060005,972,14,958
35060006,1299,14,1285
35060007,920,45,875
35060010,331,37,294
35060011,626,18,608
35060012,621,14,607
35060014,742,2,740
35060015,529,18,511
35060016,393,15,378
35060017,517,6,511
35060018,439,21,418
35060019,566,16,550
35060020,481,4,477
35060021,670,9,661
35060022,588,18,570
35060023,501,6,495
35060024,300,7,293
35060025,885,8,877
35060026,310,3,307
35060027,824,43,781
35060028,363,9,354
35060029,1779,86,1693
35060030,335,2,333
35060031,672,21,651
35060032,820,47,773
35060033,420,1,419
35060034,403,30,373
35060035,446,7,439
35060036,579,1,578
35060037,533,4,529
35060038,420,18,402
35060039,791,8,783
35060043,895,4,891
35060044,415,40,375
35060045,591,11,580
35060047,220,22,198
35060048,349,10,339
35060049,461,34,427
35060050,285,17,268
35060051,747,19,728
35060052,745,46,699
35060053,782,63,719
35060054,594,5,589
35060055,427,9,418
35060056,326,7,319
35060057,602,44,558
35060058,352,13,339
35060059,521,9,512
35060061,479,25,454
35060062,598,84,514
35060064,445,34,411
35060065,323,6,317
35060066,327,5,322
35060067,284,1,283
35060069,740,10,730
35060070,703,14,689
35060071,659,7,652
35060072,324,11,313
35060073,340,3,337
35060074,515,21,494
35060075,690,44,646
35060076,416,9,407
35060078,495,9,486
35060079,607,2,605
35060080,450,22,428
35060081,516,0,516
35060082,599,25,574
35060083,1136,10,1126
35060089,472,16,456
35060090,576,8,568
35060091,351,14,337
35060092,610,24,586
35060093,465,9,456
35060094,602,9,593
35060095,621,11,610
35060096,788,3,785
35060097,1533,11,1522
35060098,419,9,410
35060099,386,31,355
35060100,309,9,300
35060101,389,35,354
35060102,706,4,702
35060103,424,27,397
35060104,639,34,605
35060105,884,22,862
35060106,462,16,446
35060107,1123,48,1075
35060108,471,7,464
35060109,596,57,539
35060110,563,12,551
35060111,768,10,758
35060112,1580,105,1475
35060116,293,42,251
35060117,528,16,512
35060118,565,5,560
35060119,1229,15,1214
35060120,425,7,418
35060121,727,4,723
35060122,550,2,548
35060123,374,17,357
35060124,374,1,373
35060125,431,7,424
35060126,1237,53,1184
35060127,707,1,706
35060128,355,7,348
35060129,1123,68,1055
35060132,993,69,924
35060133,903,25,878
35060134,356,4,352
35060135,615,22,593
35060137,225,0,225
35060138,483,1,482
35060139,377,4,373
35060140,884,11,873
35060141,530,7,523
35060143,460,14,446
35060144,466,4,462
35060145,711,3,708
35060146,537,3,534
35060147,111,0,111
35060148,468,26,442
35060149,1022,25,997
35060150,447,2,445
35060151,683,2,681
35060152,341,6,335
35060153,1118,11,1107
35060154,394,4,390
35060155,593,9,584
35060156,907,56,851
35060157,1428,30,1398
35060159,398,32,366
35060163,731,5,726
35060164,490,45,445
35060165,520,19,501
35060166,440,4,436
35060167,1213,13,1200
35060168,722,10,712
35060170,1174,16,1158
35060171,710,28,682
35060172,329,6,323
35060173,413,22,391
35060178,649,36,613
35060179,394,14,380
35060180,362,11,351
35060181,280,8,272
35060182,554,10,544
35060183,564,11,553
35060184,720,25,695
35060185,440,46,394
35060186,903,10,893
35060187,450,2,448
35060188,614,60,554
35060189,435,28,407
35060192,422,16,406
35060194,514,26,488
35060195,457,35,422
35060196,377,52,325
35060197,1386,26,1360
35060198,483,33,450
35060199,503,48,455
35060200,413,43,370
35060201,782,27,755
35060202,596,232,364
35060205,527,19,508
35060206,507,17,490
35060207,514,24,490
35060208,546,28,518
35060209,756,26,730
35060210,505,28,477
35060211,467,0,467
35060213,392,5,387
35060219,798,16,782
35060220,232,15,217
35060221,654,14,640
35060222,442,5,437
35060223,518,2,516
35060224,484,11,473
35060225,500,0,500
35060226,458,3,455
35060227,564,10,554
35060228,496,32,464
35060229,433,7,426
35060230,511,3,508
35060231,686,4,682
35060232,507,4,503
35060233,815,56,759
35060234,1446,47,1399
35060236,1052,26,1026
35060237,596,8,588
35060243,489,4,485
35060246,738,11,727
35060249,652,9,643
35060251,477,4,473
35060252,634,27,607
35060253,119,23,96
35060254,574,33,541
35060255,587,12,575
35060264,425,9,416
35060267,399,9,390
35060280,537,0,537
35060282,509,0,509
35060283,423,2,421
35060285,444,1,443
35060286,673,14,659
35060287,513,6,507
35060288,521,8,513
35060289,548,2,546
35060290,488,2,486
35060291,630,3,627
35060292,591,6,585
35060293,732,52,680
35060294,625,5,620
35060295,455,2,453
35060296,443,15,428
35060297,545,15,530
35060298,462,6,456
35060300,507,9,498
35060301,484,5,479
35060305,761,0,761
35060306,617,8,609
35060307,651,5,646
35060308,375,0,375
35060310,595,0,595
35060312,562,0,562
35060313,561,15,546
35060314,588,12,576
35060315,429,19,410
35060324,517,3,514
35060325,540,11,529
35060327,483,0,483
35060329,626,14,612
35060330,650,13,637
35060331,500,4,496
35060332,399,4,395
35060333,576,7,569
35060334,1116,16,1100
35060336,558,12,546
35060337,710,21,689
35060338,867,8,859
35060339,685,1,684
35060343,619,7,612
35060345,585,21,564
35060346,448,20,428
35060347,409,16,393
35060348,362,3,359
35060353,524,31,493
35060354,662,3,659
35060360,273,3,270
35060361,597,9,588
35060364,426,5,421
35060366,664,8,656
35060367,600,112,488
35060368,597,14,583
35060371,498,13,485
35060373,481,0,481
35060375,407,0,407
35060379,580,0,580
35060380,617,4,613
35060381,594,17,577
35060382,545,5,540
35060383,808,7,801
35060384,511,63,448
35060385,600,30,570
35060386,513,26,487
35060387,432,2,430
35060388,384,1,383
35060389,473,1,472
35060390,534,2,532
35060391,565,6,559
35060392,661,5,656
35060393,766,5,761
35060394,436,6,430
35060395,617,10,607
35060396,622,46,576
35060397,512,37,475
35060399,804,4,800
35060400,447,12,435
35060401,722,58,664
35060402,634,1,633
35060403,692,1,691
35060404,640,1,639
35060405,818,45,773
35060406,880,2,878
35060407,909,0,909
35060408,848,14,834
35060412,685,0,685
35060413,702,4,698
35060417,928,16,912
35060419,313,1,312
35060434,442,3,439
35060435,513,4,509
35060436,421,3,418
35060437,478,4,474
35060438,705,3,702
35060439,501,2,499
35060440,455,24,431
35060443,384,1,383
35060444,448,39,409
35060445,505,5,500
35060446,506,8,498
35060447,589,1,588
35060448,588,5,583
35060449,480,13,467
35060450,490,6,484
35060451,386,10,376
35060452,560,4,556
35060455,425,16,409
35060456,377,6,371
35060457,390,11,379
35060458,457,16,441
35060459,414,2,412
35060460,650,24,626
35060461,545,6,539
35060462,526,7,519
35060463,419,1,418
35060464,571,0,571
35060465,391,1,390
35060466,330,1,329
35060467,593,3,590
35060468,780,8,772
35060469,929,11,918
35060471,643,8,635
35060474,550,4,546
35060475,431,19,412
35060476,643,3,640
35060479,775,5,770
35060480,411,4,407
35060481,666,27,639
35060482,503,3,500
35060483,250,6,244
35060484,533,12,521
35060485,260,3,257
35060486,1599,42,1557
35060488,1093,22,1071
35060491,366,5,361
35060492,539,5,534
35060493,765,3,762
35060494,384,6,378
35060495,1255,7,1248
35060496,933,6,927
35060497,515,1,514
35060498,420,3,417
35060499,580,33,547
35060500,412,6,406
35060501,373,5,368
35060502,496,3,493
35060503,697,13,684
35060504,336,1,335
35060505,642,1,641
35060506,474,30,444
35060507,399,3,396
35060508,396,6,390
35060509,530,10,520
35060510,742,3,739
35060511,1246,17,1229
35060512,501,4,497
35060513,664,2,662
35060514,771,5,766
35060515,1176,14,1162
35060516,259,7,252
35060517,387,6,381
35060518,469,7,462
35060519,409,13,396
35060520,406,6,400
35060521,662,4,658
35060522,536,6,530
35060523,655,11,644
35060524,627,54,573
35060525,964,15,949
35060526,1151,3,1148
35060527,328,3,325
35060529,382,7,375
35060530,537,6,531
35060531,1593,114,1479
35060533,756,4,752
35060534,386,0,386
35060535,430,0,430
35060538,340,1,339
35060539,1351,13,1338
35060544,747,8,739
35060547,434,8,426
35060551,419,3,416
35060553,250,6,244
35060554,335,4,331
35060555,373,4,369
35060556,1221,9,1212
35060557,1006,9,997
35060558,1176,79,1097
35060559,635,0,635
35060560,728,5,723
35060561,523,0,523
35060562,1023,22,1001
35060563,249,15,234
35060564,189,4,185
35060565,278,10,268
35060567,232,0,232
35060568,473,6,467
35060569,1112,2,1110
35060573,1471,35,1436
35060574,414,0,414
35060575,665,41,624
35060576,475,11,464
35060577,283,3,280
35060578,364,8,356
35060579,427,13,414
35060580,730,28,702
35060582,605,3,602
35060585,320,36,284
35060588,791,2,789
35060590,506,7,499
35060592,1045,22,1023
35060593,543,15,528
35060594,565,8,557
35060595,855,26,829
35060597,694,18,676
35060598,676,1,675
35060599,509,2,507
35060600,593,1,592
35060602,673,1,672
35060603,623,0,623
35060604,236,9,227
35060605,613,8,605
35060606,523,7,516
35060607,357,2,355
35060608,608,8,600
35060609,652,56,596
35060610,379,17,362
35060611,464,2,462
35060612,513,3,510
35060613,866,14,852
35060616,616,25,591
35060617,526,9,517
35060618,372,12,360
35060619,850,16,834
35060620,619,19,600
35060622,527,90,437
35060623,873,7,866
35060624,613,25,588
35060625,437,2,435
35060634,662,5,657
35060638,878,3,875
35060641,381,12,369
35060642,857,5,852
35060643,272,13,259
35060644,302,13,289
35060645,1691,52,1639
35060646,517,5,512
35060647,320,4,316
35060648,401,27,374
35060649,940,0,940
35060653,457,4,453
35060654,709,1,708
35060655,355,2,353
35060656,590,4,586
35060657,486,1,485
35060662,597,4,593
35060663,2816,42,2774
35060668,476,9,467
35060669,658,8,650
35060670,470,31,439
35060671,465,34,431
35060672,515,11,504
35060673,656,38,618
35060678,3314,29,3285
35060679,3534,116,3418
35060680,316,4,312
35060681,566,15,551
35060682,502,8,494
35060684,576,4,572
35060685,626,12,614
35060686,607,11,596
35060687,378,0,378
35060688,704,14,690
35060689,402,11,391
35060690,428,3,425
35060695,377,0,377
35060696,597,2,595
35060697,564,2,562
35060698,637,11,626
35060700,2241,95,2146
35060701,5076,152,4924
35060702,444,10,434
35060703,492,66,426
35060704,1174,63,1111
35060706,476,21,455
35060707,674,1,673
35060708,428,11,417
35060709,385,9,376
35060710,337,8,329
35060711,1001,41,960
35060712,752,21,731
35060713,515,14,501
35060717,1155,20,1135
35060718,433,6,427
35060719,606,9,597
35060720,247,8,239
35060721,724,3,721
35060722,610,12,598
35060723,546,4,542
35060724,447,30,417
35060725,790,22,768
35060726,353,1,352
35060728,660,14,646
35060729,549,4,545
35060731,321,8,313
35060734,588,12,576
35060735,1490,1,1489
35060736,792,1,791
35060737,705,1,704
35060738,466,1,465
35060739,493,2,491
35060740,390,0,390
35060741,383,1,382
35060742,737,3,734
35060743,537,5,532
35060744,598,7,591
35060745,399,1,398
35060746,378,4,374
35060747,1772,11,1761
35060748,527,6,521
35060749,449,21,428
35060750,488,8,480
35060751,511,20,491
35060752,427,15,412
35060753,803,110,693
35060754,778,24,754
35060755,566,9,557
35060758,253,7,246
35060759,530,7,523
35060760,560,4,556
35060761,436,14,422
35060762,498,18,480
35060763,352,8,344
35060764,838,1,837
35060765,1172,13,1159
35060766,506,1,505
35060767,692,3,689
35060768,640,9,631
35060771,2052,64,1988
35060773,833,6,827
35060774,527,4,523
35060775,965,3,962
35060777,409,0,409
35060778,610,7,603
35060779,463,7,456
35060780,444,23,421
35060781,829,12,817
35060782,447,1,446
35060783,557,1,556
35060784,414,8,406
35060785,496,1,495
35060786,286,6,280
35060787,485,2,483
35060789,303,11,292
35060790,344,2,342
35060792,563,38,525
35060793,325,14,311
35060794,438,2,436
35060795,400,9,391
35060796,572,6,566
35060797,386,2,384
35060798,441,6,435
35060799,609,28,581
35060800,325,11,314
35060801,509,7,502
35060802,328,33,295
35060815,559,2,557
35060816,275,2,273
35060817,548,3,545
35060818,656,3,653
35060819,346,5,341
35060820,427,3,424
35060823,379,24,355
35060833,459,2,457
35060834,528,7,521
35060835,459,0,459
35060836,432,0,432
35060837,556,0,556
35060838,1051,13,1038
35060840,636,1,635
35060841,601,16,585
35060842,381,12,369
35060843,1206,5,1201
35060844,599,12,587
35060845,732,17,715
35060860,757,5,752
35060861,519,5,514
35060862,807,4,803
35060864,510,11,499
35060865,1072,6,1066
35060866,1241,37,1204
35060867,497,0,497
35060868,422,0,422
35060869,388,1,387
35060870,404,6,398
35060871,336,12,324
35060872,1164,8,1156
35060874,319,2,317
35060875,746,19,727
35060876,772,36,736
35060877,793,11,782
35060885,806,2,804
35060888,466,30,436
35060889,309,19,290
35060890,2489,46,2443
35060891,650,26,624
35060892,443,13,430
35060893,1077,23,1054
35060894,1107,25,1082
35060895,943,22,921
35060898,758,3,755
35060899,2346,38,2308
35060902,374,2,372
35060903,408,4,404
35060904,452,3,449
35060905,643,0,643
35060906,397,1,396
35060907,414,2,412
35060908,377,0,377
35060909,348,14,334
35060910,651,26,625
35060911,1246,40,1206
35060912,440,24,416
35060913,425,1,424
35060914,433,11,422
35060915,520,13,507
35060916,453,2,451
35060917,408,11,397
35060918,697,23,674
35060921,390,6,384
35060922,1986,68,1918
35060923,345,4,341
35060924,278,4,274
35060925,798,30,768
35060926,489,7,482
35060929,404,3,401
35060930,466,2,464
35060931,379,2,377
35060934,1625,36,1589
35060935,531,5,526
35060936,544,11,533
35060937,532,0,532
35060938,1988,10,1978
35060939,974,7,967
35060940,293,1,292
35060941,656,1,655
35060942,1046,2,1044
35060944,707,10,697
35060945,459,3,456
35060953,719,4,715
35060954,388,4,384
35060955,1531,7,1524
35060956,650,1,649
35060957,1277,70,1207
35060961,682,10,672
35060968,554,6,548
35060970,1650,84,1566
35060972,3281,110,3171
35060973,1057,2,1055
35060974,543,13,530
35060975,1067,20,1047
35060976,607,7,600
35060977,527,0,527
35060978,692,29,663
35060979,589,9,580
35060984,533,3,530
35060985,437,0,437
35060986,521,0,521
35060987,517,0,517
35060988,696,1,695
35060989,563,0,563
35060990,449,0,449
35060991,609,6,603
35061001,866,34,832
35061018,499,15,484
35061019,456,12,444
35061020,993,3,990
35061026,374,17,357
35061027,268,16,252
35061030,557,28,529
35061031,727,2,725
35061033,521,55,466
35061034,472,8,464
35061035,439,1,438
35061036,715,22,693
35061039,639,7,632
35061041,606,11,595
35061042,496,26,470
35061043,514,15,499
35061044,435,10,425
35061045,481,4,477
35061046,557,4,553
35061047,774,48,726
35061051,520,1,519
35061053,570,4,566
35061054,446,42,404
35061055,793,12,781
35061056,755,17,738
35061057,198,12,186
35061067,563,0,563
35061069,359,17,342
35061070,597,13,584
35061071,577,18,559
35061072,491,19,472
35061073,448,35,413
35061074,475,5,470
35061075,446,16,430
35061076,493,6,487
35061077,564,7,557
35061078,638,53,585
35061079,518,9,509
35061080,532,3,529
35061081,750,13,737
35061082,510,2,508
35061083,614,42,572
35061084,510,18,492
35061085,412,18,394
35061086,737,7,730
35061087,579,27,552
35061089,699,1,698
35061090,458,43,415
35061091,466,13,453
35061092,522,4,518
35061094,662,11,651
35061097,421,8,413
35061098,920,15,905
35061100,486,11,475
35061101,353,8,345
35061102,437,8,429
35061103,322,2,320
35061104,1418,13,1405
35061105,759,24,735
35061106,517,0,517
35061107,541,9,532
35061108,333,6,327
35061113,899,32,867
35061114,463,28,435
35061115,494,21,473
35061116,299,18,281
35061117,653,4,649
35061118,589,3,586
35061119,921,8,913
35061120,345,17,328
35061121,281,43,238
35061122,685,32,653
35061123,636,15,621
35061124,921,13,908
35061125,306,8,298
35061126,392,23,369
35061127,830,3,827
35061128,461,4,457
35061129,408,2,406
35061130,648,10,638
35061131,852,32,820
35061132,506,2,504
35061133,889,21,868
35061134,639,10,629
35061135,707,7,700
35061136,418,3,415
35061137,451,4,447
35061138,395,45,350
35061140,1272,20,1252
35061141,785,14,771
35061142,316,11,305
35061143,586,17,569
35061144,443,8,435
35061145,362,1,361
35061146,450,1,449
35061147,1076,39,1037
35061148,1382,12,1370
35061149,844,31,813
35061150,794,4,790
35061151,588,8,580
35061152,364,4,360
35061153,317,31,286
35061154,595,1,594
35061155,454,41,413
35061156,396,27,369
35061157,468,5,463
35061158,562,15,547
35061159,754,26,728
35061160,750,23,727
35061161,695,56,639
35061171,411,9,402
35061174,419,50,369
35061175,477,5,472
35061178,576,1,575
35061179,590,23,567
35061180,542,14,528
35061181,570,3,567
35061182,436,6,430
35061183,513,1,512
35061184,521,0,521
35061185,582,2,580
35061186,513,5,508
35061188,448,6,442
35061189,804,29,775
35061190,1670,7,1663
35061191,565,26,539
35061192,759,10,749
35061193,697,19,678
35061194,424,25,399
35061195,508,31,477
35061196,508,14,494
35061197,840,38,802
35061198,438,0,438
35061201,1133,4,1129
35061202,255,0,255
35061203,617,2,615
35061204,1290,60,1230
35061208,563,5,558
35061209,409,9,400
35061210,441,4,437
35061213,567,4,563
35061214,616,22,594
35061215,299,1,298
35061222,695,2,693
35061225,422,8,414
35061227,366,0,366
35061228,470,16,454
35061229,580,29,551
35061230,412,18,394
35061231,874,24,850
35061232,504,17,487
35061233,362,6,356
35061234,403,4,399
35061235,698,4,694
35061236,1033,15,1018
35061237,253,7,246
35061238,451,6,445
35061239,549,1,548
35061240,920,4,916
35061241,230,9,221
35061242,409,6,403
35061243,616,77,539
35061247,1041,17,1024
35061248,1009,17,992
35061249,1206,20,1186
35061250,1433,7,1426
35061251,681,40,641
35061252,1642,38,1604
35061253,1025,30,995
35061254,839,110,729
35061256,794,4,790
35061257,1396,6,1390
35061261,945,10,935
35061263,864,30,834
35061264,1280,8,1272
35061266,1401,11,1390
35061267,513,31,482
35061268,1322,2,1320
35061269,1193,11,1182
35061270,1177,87,1090
35061271,1124,1,1123
35061272,1232,6,1226
35061273,1265,45,1220
35061279,1558,52,1506
35061280,894,2,892
35061281,1264,34,1230
35061282,1950,47,1903
35061284,1262,12,1250
35061285,353,3,350
35061286,1179,54,1125
35061287,1104,21,1083
35061288,543,9,534
35061289,620,9,611
35061290,476,7,469
35061291,520,8,512
35061292,548,3,545
35061293,639,25,614
35061294,667,5,662
35061295,417,4,413
35061296,953,7,946
35061297,458,35,423
35061298,843,44,799
35061299,1086,16,1070
35061300,340,5,335
35061301,591,9,582
35061302,289,5,284
35061303,860,33,827
35061304,821,11,810
35061305,368,5,363
35061306,302,6,296
35061307,525,8,517
35061308,1475,42,1433
35061309,463,18,445
35061310,787,29,758
35061311,1210,59,1151
35061312,598,3,595
35061313,449,1,448
35061314,656,2,654
35061315,799,5,794
35061316,361,5,356
35061317,492,3,489
35061318,195,6,189
35061319,708,23,685
35061320,692,31,661
35061321,285,5,280
35061322,1609,33,1576
35061323,848,5,843
35061325,1794,13,1781
35061326,483,35,448
35061327,452,8,444
35061328,570,14,556
35061329,514,6,508
35061331,391,17,374
35061332,479,7,472
35061333,841,61,780
35061334,315,19,296
35061335,503,31,472
35061336,729,28,701
35061337,1032,25,1007
35061338,623,29,594
35061339,109,5,104
35061340,979,17,962
35061341,509,76,433
35061342,0,0,0
35061343,505,1,504
35061344,123,2,121
35061345,327,0,327
35061346,584,1,583
35061347,119,0,119
35061348,368,6,362
35061349,363,6,357
35061350,583,8,575
35061351,663,23,640
35061352,438,3,435
35061354,441,3,438
35061355,345,2,343
35061356,518,12,506
35061357,624,12,612
35061358,869,53,816
35061361,366,15,351
35061362,1964,162,1802
35061363,241,66,175
35061364,376,14,362
35061365,349,18,331
35061366,773,29,744
35061367,543,27,516
35061368,380,11,369
35061369,708,4,704
35061370,384,27,357
35061371,1303,25,1278
35061372,429,7,422
35061373,489,3,486
35061374,651,5,646
35061375,601,8,593
35061376,549,1,548
35061377,512,9,503
35061378,983,2,981
35061379,1105,3,1102
35061380,1009,41,968
35061381,834,51,783
35061382,697,6,691
35061383,648,19,629
35061384,565,1,564
35061385,552,49,503
35061386,769,10,759
35061387,3533,93,3440
35061388,2747,50,2697
35061389,1477,48,1429
35061390,287,8,279
35061391,90,90,0
35061392,2346,5,2341
35061393,352,3,349
35061394,560,11,549
35061395,508,0,508
35061396,445,2,443
35061397,1454,81,1373
35061398,438,7,431
35061399,275,7,268
35061400,567,9,558
35061401,525,1,524
35061402,1285,89,1196
35061403,803,8,795
35061404,773,10,763
35061406,811,13,798
35061410,682,4,678
35061411,1328,6,1322
35061412,556,1,555
35061413,461,3,458
35061414,684,13,671
35061415,618,8,610
35061416,537,10,527
35061417,486,16,470
35061418,622,3,619
35061419,580,11,569
35061420,474,3,471
35061421,546,15,531
35061422,647,6,641
35061423,533,24,509
35061424,574,1,573
35061426,606,29,577
35061427,515,3,512
35061428,372,5,367
35061432,2810,31,2779
35061442,642,2,640
35061443,1159,6,1153
35061444,1671,12,1659
35061445,370,23,347
35061446,1492,32,1460
35061447,1964,51,1913
35061448,1168,48,1120
35061449,352,10,342
35061450,677,18,659
35061451,496,15,481
35061452,380,5,375
35061453,612,7,605
35061454,890,36,854
35061455,456,14,442
35061456,460,13,447
35061457,465,34,431
35061458,642,8,634
35061459,693,23,670
35061460,533,6,527
35061461,476,3,473
35061462,684,6,678
35061463,616,4,612
35061464,382,5,377
35061465,344,11,333
35061466,495,13,482
35061467,400,3,397
35061468,452,15,437
35061469,435,18,417
35061470,451,3,448
35061471,522,10,512
35061472,402,3,399
35061473,656,4,652
35061474,631,68,563
35061475,917,8,909
35061476,760,5,755
35061477,448,2,446
35061478,554,17,537
35061479,459,11,448
35061480,475,18,457
35061481,643,22,621
35061482,581,24,557
35061483,606,8,598
35061484,9940,294,9646
35061486,702,8,694
35061487,979,2,977
35061488,476,0,476
35061493,2810,28,2782
35061494,608,5,603
35061495,721,2,719
35061496,2323,82,2241
35061497,552,3,549
35061498,632,18,614
35061499,514,4,510
35061500,642,9,633
35061501,599,8,591
35061502,841,6,835
35061503,683,36,647
35061504,590,7,583
35061505,449,19,430
35061506,539,5,534
35061507,467,47,420
35061508,450,9,441
35061509,252,2,250
35061510,927,6,921
35061511,330,2,328
35061512,546,1,545
35061514,1917,138,1779
35061518,423,7,416
35061519,560,28,532
35061520,1635,0,1635
35061521,466,1,465
35061522,1259,11,1248
35061523,323,1,322
35061524,1575,39,1536
35061525,594,3,591
35061526,532,5,527
35061530,1415,76,1339
35061531,669,8,661
35061533,804,11,793
35061534,2001,6,1995
35061535,537,8,529
35061536,978,70,908
35061537,264,7,257
35061538,622,7,615
35061539,559,15,544
35061540,821,1,820
35061541,754,5,749
35061542,1094,85,1009
35061543,788,11,777
35061544,1344,0,1344
35061545,450,10,440
35061546,1500,18,1482
35061547,2208,15,2193
35061548,1437,19,1418
35061549,644,5,639
35061550,567,0,567
35061551,740,4,736
35061552,677,20,657
35061553,915,3,912
35061554,707,2,705
35061555,1612,27,1585
35061556,3977,43,3934
35061557,511,7,504
35061558,1363,32,1331
35061559,532,6,526
35061560,531,7,524
35061561,958,9,949
35061562,1192,52,1140
35061563,567,10,557
35061564,1079,17,1062
35061565,710,12,698
35061566,1331,18,1313
35061567,716,8,708
35061568,4201,7,4194
35061569,862,1,861
35061570,367,0,367
35061571,813,0,813
35061572,2657,13,2644
35061573,606,1,605
35061574,947,27,920
35061575,841,3,838
35061576,543,37,506
35061577,645,2,643
35061578,1466,8,1458
35061579,1192,8,1184
35061580,799,10,789
35061581,697,12,685
35061582,996,24,972
35061583,985,16,969
35061584,1105,33,1072
35061585,563,18,545
35061586,524,18,506
35061587,1123,28,1095
35061588,931,17,914
35061589,1017,24,993
35061590,526,5,521
35061591,1912,5,1907
35061592,1411,11,1400
35061593,1898,35,1863
35061595,458,1,457
35061596,631,10,621
35061597,451,5,446
35061598,276,1,275
35061599,468,64,404
35061601,689,12,677
35061602,561,16,545
35061604,674,64,610
35061605,996,18,978
35061607,679,0,679
35061608,518,17,501
35061610,487,19,468
35061611,391,34,357
35061613,906,19,887
35061614,536,2,534
35061616,755,28,727
35061621,475,0,475
35061622,704,3,701
35061623,501,0,501
35061627,539,0,539
35061628,565,3,562
35061633,684,10,674
35061634,389,7,382
35061638,627,10,617
35061639,1014,47,967
35061640,581,2,579
35061643,399,0,399
35061645,715,4,711
35061646,543,0,543
35061651,335,30,305
35061653,708,0,708
35061654,576,3,573
35061657,727,7,720
35061658,705,6,699
35061659,1660,45,1615
35061660,532,1,531
35061661,656,43,613
35061662,1760,43,1717
35061663,1493,105,1388
35061664,407,3,404
35061667,297,9,288
35061668,817,21,796
35061670,294,10,284
35061671,760,13,747
35061672,567,8,559
35061673,789,12,777
35061674,525,9,516
35061677,18190,626,17564
35061679,714,8,706
35061680,876,50,826
35061683,360,1,359
35061690,694,5,689
35061691,495,8,487
35061692,490,0,490
35061693,582,4,578
35061695,468,2,466
35061696,467,2,465
35061699,530,5,525
35061700,524,6,518
35061701,465,1,464
35061702,1217,3,1214
35061703,945,12,933
35061705,965,1,964
35061708,948,14,934
35061709,1609,23,1586
35061710,726,11,715
35061711,974,17,957
35061712,732,15,717
35061713,601,15,586
35061714,754,12,742
35061715,592,10,582
35061716,666,12,654
35061717,1098,24,1074
35061718,664,44,620
35061722,827,8,819
35061723,408,10,398
35061724,951,30,921
35061725,609,28,581
35061726,514,21,493
35061727,931,15,916
35061728,588,15,573
35061729,617,33,584
35061730,530,21,509
35061732,622,38,584
35061733,922,6,916
35061736,568,34,534
35061737,818,5,813
35061738,886,7,879
35061739,701,7,694
35061740,896,10,886
35061741,1115,28,1087
35061742,801,4,797
35061743,608,12,596
35061744,1122,12,1110
35061745,860,8,852
35061746,867,0,867
35061747,866,1,865
35061749,748,25,723
35061750,712,9,703
35061751,737,6,731
35061752,892,15,877
35061753,658,8,650
35061754,821,27,794
35061755,725,27,698
35061756,1602,4,1598
35061760,922,108,814
35061761,420,5,415
35061762,1004,17,987
35061763,628,7,621
35061764,568,9,559
35061765,508,7,501
35061766,788,19,769
35061767,539,59,480
35061768,492,6,486
35061769,428,71,357
35061770,611,8,603
35061771,448,5,443
35061772,625,8,617
35061773,454,3,451
35061774,748,10,738
35061778,372,7,365
35061779,477,3,474
35061780,761,10,751
35061781,472,5,467
35061782,364,7,357
35061783,322,3,319
35061784,799,7,792
35061785,737,10,727
35061786,633,32,601
35061787,668,10,658
35061788,474,4,470
35061789,574,9,565
35061790,691,8,683
35061791,727,14,713
35061792,572,12,560
35061793,1465,18,1447
35061794,351,4,347
35061795,781,13,768
35061796,819,102,717
35061797,539,11,528
35061798,528,8,520
35061799,427,7,420
35061800,448,13,435
35061801,691,11,680
35061802,616,57,559
35061803,661,32,629
35061804,564,8,556
35061806,809,7,802
35061807,1464,11,1453
35061808,1100,11,1089
35061809,685,6,679
35061810,510,5,505
35061811,1434,15,1419
35061812,944,8,936
35061813,2158,30,2128
35061815,1073,10,1063
35061816,679,2,677
35061817,929,4,925
35061818,944,5,939
35061820,454,0,454
35061821,485,33,452
35061822,416,0,416
35061823,331,3,328
35061824,705,2,703
35061826,548,11,537
35061827,438,7,431
35061828,599,13,586
35061829,482,6,476
35061831,639,17,622
35061832,622,16,606
35061833,311,13,298
35061834,1092,19,1073
35061835,636,12,624
35061837,626,31,595
35061838,507,2,505
35061839,616,7,609
35061840,457,8,449
35061841,10776,60,10716
35061842,761,14,747
35061843,1291,22,1269
35061844,752,8,744
35061845,684,5,679
35061846,796,38,758
35061847,551,9,542
35061848,788,23,765
35061849,425,9,416
35061851,1030,16,1014
35061852,640,26,614
35061853,458,6,452
35061854,909,49,860
35061855,681,3,678
35061856,1008,2,1006
35061857,1483,14,1469
35061858,1001,2,999
35061859,3405,40,3365
35061860,932,58,874
35061862,1667,7,1660
35061863,970,26,944
35061864,1312,34,1278
35061865,487,11,476
35061866,443,13,430
35061867,124,11,113
35061868,278,10,268
35061869,533,4,529
35061870,666,4,662
35061871,584,10,574
35061872,650,31,619
35061873,599,15,584
35061874,453,7,446
35061875,10,0,10
35061877,921,14,907
35061878,666,1,665
35061880,1184,6,1178
35061881,912,12,900
35061882,644,9,635
35061883,590,4,586
35061884,802,9,793
35061885,727,4,723
35061886,1095,4,1091
35061887,782,4,778
35061888,728,37,691
35061889,956,58,898
35061890,605,1,604
35061891,846,4,842
35061892,1008,79,929
35061893,3728,45,3683
35061894,688,2,686
35061895,2862,41,2821
35061896,2806,9,2797
35061897,538,1,537
35061898,738,3,735
35061899,1234,12,1222
35061900,497,29,468
35061901,659,33,626
35070142,568,7,561
35070143,949,10,939
35070144,527,43,484
35070145,622,6,616
35070146,510,9,501
35070147,494,7,487
35070148,492,6,486
35070149,664,22,642
35070150,486,24,462
35070151,758,19,739
35070152,731,14,717
35070153,1166,40,1126
35070154,1373,37,1336
35070155,576,14,562
35070156,510,20,490
35070157,504,12,492
35070158,469,7,462
35070159,566,6,560
35070160,532,13,519
35070161,488,22,466
35070162,523,10,513
35070163,456,6,450
35070164,608,6,602
35070165,503,28,475
35070166,571,14,557
35070167,488,5,483
35070168,614,10,604
35070169,692,30,662
35070170,448,12,436
35070171,519,4,515
35070172,571,0,571
35070173,682,39,643
35070174,404,9,395
35070175,634,19,615
35070176,472,11,461
35070177,457,4,453
35070178,378,64,314
35070179,531,3,528
35070180,465,5,460
35070181,408,8,400
35070182,407,12,395
35070183,805,4,801
35070184,662,3,659
35070185,246,4,242
35070186,1496,5,1491
35070187,500,29,471
35070188,383,7,376
35070189,491,3,488
35070190,467,2,465
35070191,491,18,473
35070192,535,3,532
35070193,416,7,409
35070194,446,15,431
35070195,584,43,541
35070196,504,1,503
35070197,458,10,448
35070198,466,2,464
35070199,425,8,417
35070200,382,19,363
35070201,377,9,368
35070202,563,13,550
35070203,419,22,397
35070204,493,7,486
35070205,445,2,443
35070206,366,35,331
35070207,442,17,425
35070208,607,28,579
35070209,481,41,440
35070210,451,7,444
35070211,518,3,515
35070212,469,13,456
35070213,430,2,428
35070214,510,3,507
35070215,680,12,668
35070216,231,2,229
35070217,246,1,245
35070218,446,1,445
35070219,408,9,399
35070220,419,37,382
35070221,438,16,422
35070222,660,8,652
35070223,474,3,471
35070224,432,11,421
35070225,482,51,431
35070226,503,2,501
35070227,432,45,387
35070228,446,14,432
35070229,495,20,475
35070230,438,12,426
35070231,595,3,592
35070232,642,3,639
35070233,351,3,348
35070234,548,6,542
35070235,647,9,638
35070236,493,42,451
35070237,472,2,470
35070238,733,7,726
35070239,516,4,512
35070240,556,5,551
35070241,611,10,601
35070242,493,14,479
35070243,778,15,763
35070244,395,4,391
35070245,419,65,354
35070246,414,3,411
35070247,358,24,334
35070248,359,2,357
35070249,320,6,314
35070250,469,8,461
35070251,488,7,481
35070252,620,14,606
35070253,604,19,585
35070254,469,5,464
35070255,539,28,511
35070256,481,82,399
35070257,511,15,496
35070258,555,12,543
35070259,515,20,495
35070260,482,9,473
35070261,481,9,472
35070262,480,6,474
35070263,484,11,473
35070264,474,8,466
35070265,506,7,499
35070266,485,5,480
35070267,541,3,538
35070268,321,2,319
35070269,472,9,463
35070270,624,27,597
35070271,554,55,499
35070272,640,37,603
35070273,450,2,448
35070274,451,6,445
35070275,542,11,531
35070276,448,15,433
35070277,532,1,531
35070278,467,3,464
35070279,514,1,513
35070280,533,10,523
35070281,450,5,445
35070282,526,54,472
35070283,875,55,820
35070284,337,13,324
35070285,429,30,399
35070286,527,9,518
35070287,629,6,623
35070288,480,15,465
35070289,630,5,625
35070290,486,4,482
35070291,354,7,347
35070292,485,27,458
35070293,651,28,623
35070294,573,7,566
35070295,559,17,542
35070296,518,1,517
35070297,454,20,434
35070298,454,45,409
35070299,534,22,512
35070300,431,2,429
35070301,455,7,448
35070302,622,4,618
35070303,422,9,413
35070304,681,32,649
35070305,435,2,433
35070306,460,8,452
35070307,510,25,485
35070308,395,3,392
35070309,441,12,429
35070310,511,15,496
35070311,430,1,429
35070312,464,16,448
35070313,359,2,357
35070314,484,2,482
35070315,518,13,505
35070316,560,18,542
35070317,819,14,805
35070318,522,3,519
35070319,474,11,463
35070320,539,11,528
35070321,456,1,455
35070322,416,2,414
35070323,468,13,455
35070324,479,12,467
35070325,545,18,527
35070326,548,54,494
35070327,467,3,464
35070328,708,37,671
35070329,520,15,505
35070330,572,5,567
35070331,496,3,493
35070332,597,18,579
35090101,522,34,488
35090102,782,4,778
35090103,518,4,514
35090104,464,3,461
35090105,1125,7,1118
35090106,585,4,581
35090107,733,59,674
35090108,486,44,442
35090109,360,3,357
35090110,745,4,741
35090111,420,3,417
35090112,484,8,476
35090113,1098,30,1068
35090114,548,6,542
35090115,551,2,549
35090116,924,9,915
35090117,1080,24,1056
35090118,338,1,337
35090119,536,8,528
35090120,531,28,503
35090121,558,5,553
35090122,500,18,482
35090123,480,20,460
35090124,425,2,423
35090125,610,42,568
35090126,879,47,832
35090127,412,12,400
35090128,462,36,426
35090129,540,4,536
35090130,857,20,837
35090131,492,9,483
35090132,514,14,500
35090133,1246,3,1243
35090134,528,19,509
35090135,693,5,688
35090136,1036,138,898
35090137,731,156,575
35090138,673,11,662
35090139,614,30,584
35090140,639,22,617
35090141,622,19,603
35090142,780,55,725
35090143,815,9,806
35090144,665,10,655
35090145,1785,21,1764
35090146,554,5,549
35090147,934,9,925
35090148,684,10,674
35090149,826,86,740
35090150,629,4,625
35090151,537,26,511
35090152,598,118,480
35090153,771,109,662
35090154,821,63,758
35090155,754,35,719
35090156,485,1,484
35090157,525,13,512
35090158,559,16,543
35090159,480,16,464
35090160,684,26,658
35090161,579,24,555
35090162,407,14,393
35090165,442,13,429
35090166,546,6,540
35090167,451,31,420
35090168,402,14,388
35090169,466,12,454
35090170,550,5,545
35090171,513,9,504
35090172,435,5,430
35090173,454,5,449
35090174,679,31,648
35090175,1188,7,1181
35090176,627,17,610
35090177,785,10,775
35090178,719,28,691
35090179,536,5,531
35090180,672,3,669
35090181,590,42,548
35090182,609,6,603
35090183,583,94,489
35090184,620,11,609
35090185,834,13,821
35090186,526,0,526
35090187,547,3,544
35090188,442,9,433
35090189,692,46,646
35090190,452,16,436
35090191,492,15,477
35090192,496,94,402
35090193,371,78,293
35090194,491,20,471
35090195,440,13,427
35090196,395,8,387
35090197,416,9,407
35090198,426,29,397
35090199,552,32,520
35090200,527,10,517
35090201,842,3,839
35090202,760,13,747
35090203,770,32,738
35090205,656,6,650
35090207,604,14,590
35090208,680,4,676
35090209,452,11,441
35090210,683,6,677
35090211,546,18,528
35090213,462,5,457
35090214,511,10,501
35090216,27,26,1
35100029,402,15,387
35100030,458,3,455
35100031,376,6,370
35100032,421,23,398
35100033,503,8,495
35100035,618,3,615
35100036,865,68,797
35100040,478,102,376
35100041,947,56,891
35100042,633,2,631
35100044,828,52,776
35100045,350,3,347
35100046,471,32,439
35100047,593,32,561
35100048,549,113,436
35100049,603,18,585
35100050,536,73,463
35100051,465,15,450
35100052,668,78,590
35100053,736,8,728
35100054,474,10,464
35100055,535,5,530
35100056,538,9,529
35100057,504,14,490
35100058,679,17,662
35100059,700,2,698
35100060,514,6,508
35100061,551,10,541
35100062,1192,74,1118
35100063,982,26,956
35100064,1067,6,1061
35100065,788,1,787
35100069,899,1,898
35100072,140,114,26
35100073,844,29,815
35100074,400,49,351
35100075,647,5,642
35100076,469,15,454
35100077,486,1,485
35100078,582,23,559
35100079,552,19,533
35100080,307,9,298
35100081,617,15,602
35100082,460,10,450
35100083,576,13,563
35100084,432,13,419
35100085,366,4,362
35100086,450,13,437
35100087,490,7,483
35100088,349,0,349
35100089,1410,64,1346
35100090,619,3,616
35100092,562,5,557
35100093,469,6,463
35100094,776,31,745
35100095,375,9,366
35100096,694,9,685
35100097,609,96,513
35100098,609,4,605
35100099,535,6,529
35100100,633,57,576
35100101,357,1,356
35100102,265,8,257
35100103,438,2,436
35100104,682,5,677
35100105,409,0,409
35100106,1462,87,1375
35100107,614,5,609
35100108,547,3,544
35100109,622,10,612
35100110,442,12,430
35100111,380,4,376
35100112,406,15,391
35100113,650,22,628
35100114,298,2,296
35100115,369,17,352
35100116,589,13,576
35100119,639,18,621
35100120,780,1,779
35100122,2588,17,2571
35100124,1116,5,1111
35100125,908,41,867
35100126,929,15,914
35100127,573,3,570
35100128,400,6,394
35100129,583,6,577
35100130,640,6,634
35100131,266,5,261
35100132,829,10,819
35100133,622,1,621
35100134,1448,42,1406
35100135,475,1,474
35100136,831,50,781
35100137,550,20,530
35100138,469,0,469
35100139,273,0,273
35100140,397,2,395
35100141,471,0,471
35100142,677,3,674
35100144,431,8,423
35100148,858,11,847
35100149,786,65,721
35100151,679,11,668
35100152,457,3,454
35100153,454,7,447
35100154,434,12,422
35100155,365,17,348
35100156,1001,1,1000
35100157,445,15,430
35100158,324,8,316
35100159,322,11,311
35100162,277,1,276
35100163,375,2,373
35100164,413,2,411
35100165,532,21,511
35100166,295,1,294
35100167,592,5,587
35100168,270,7,263
35100169,404,12,392
35100170,200,0,200
35100171,346,1,345
35100172,488,6,482
35100173,376,2,374
35100174,378,3,375
35100175,577,7,570
35100176,586,17,569
35100177,518,1,517
35100178,434,1,433
35100179,858,104,754
35100180,478,2,476
35100181,743,100,643
35100182,558,1,557
35100183,479,31,448
35100184,465,31,434
35100185,437,32,405
35100186,410,24,386
35100187,348,7,341
35100188,440,21,419
35100189,299,1,298
35100190,394,3,391
35100191,345,4,341
35100192,583,7,576
35100193,472,4,468
35100194,483,7,476
35100195,1156,4,1152
35100196,524,10,514
35100197,402,3,399
35100198,478,3,475
35100199,553,10,543
35100236,1355,7,1348
35100237,1362,26,1336
35100238,749,3,746
35100239,1543,96,1447
35100240,804,23,781
35100241,763,10,753
35100242,1433,47,1386
35100243,1124,40,1084
35100244,558,0,558
35100245,702,12,690
35100246,645,3,642
35100248,554,42,512
35100249,529,43,486
35100250,493,73,420
35100251,739,35,704
35100252,549,87,462
35100253,607,1,606
35100254,745,104,641
35100255,816,8,808
35100256,907,33,874
35100257,464,36,428
35100258,687,34,653
35100259,798,50,748
35100260,613,5,608
35100261,502,11,491
35100262,668,11,657
35100263,8,0,8
35100264,489,1,488
35100265,485,0,485
35100266,476,6,470
35100267,825,47,778
35100268,711,39,672
35100269,619,0,619
35100270,843,15,828
35100271,587,8,579
35100272,658,28,630
35100273,513,11,502
35100274,778,4,774
35100275,1087,173,914
35100280,664,3,661
35100282,1175,9,1166
35100283,242,11,231
35100284,373,7,366
35100285,58,29,29
35100286,374,20,354
35100287,650,1,649
35100288,0,0,0
35100289,917,2,915
35100290,1185,8,1177
35100291,565,1,564
35100292,862,36,826
35100293,404,29,375
35100294,667,15,652
35100295,693,40,653
35100296,1145,36,1109
35100297,1020,91,929
35100298,573,69,504
35100299,770,45,725
35100300,502,25,477
35100301,1172,106,1066
35100302,601,44,557
35100303,601,45,556
35100304,667,14,653
35100305,693,30,663
35100306,670,8,662
35100307,778,21,757
35100308,678,26,652
35100309,499,32,467
35100310,656,25,631
35100311,651,16,635
35100312,699,4,695
35100313,972,51,921
35100314,545,2,543
35100315,398,78,320
35100316,0,0,0
35100317,344,23,321
35100318,4285,172,4113
35100320,593,11,582
35100321,4916,146,4770
35100322,570,7,563
35100323,1378,7,1371
35100324,556,4,552
35100325,1311,125,1186
35100328,672,1,671
35100329,1063,26,1037
35100330,458,8,450
35100331,2987,203,2784
35100332,559,12,547
35110060,386,23,363
35110062,388,40,348
35110063,528,33,495
35110064,509,26,483
35110065,386,11,375
35110066,538,8,530
35110067,479,2,477
35110068,393,16,377
35110069,504,10,494
35110070,456,16,440
35110071,548,10,538
35110072,668,14,654
35110073,732,7,725
35110074,498,14,484
35110075,686,31,655
35110076,562,14,548
35110077,484,30,454
35110078,494,12,482
35110079,555,21,534
35110080,534,14,520
35110081,477,49,428
35110082,464,10,454
35110083,1965,45,1920
35110084,701,48,653
35110085,757,15,742
35110086,671,24,647
35110087,430,5,425
35110088,412,5,407
35110089,460,18,442
35110090,410,7,403
35110091,379,4,375
35110092,477,11,466
35110093,509,18,491
35110094,832,15,817
35110095,579,29,550
35110096,516,2,514
35110097,243,10,233
35110098,559,15,544
35110099,706,9,697
35110100,964,13,951
35110101,150,2,148
35110102,493,11,482
35110103,534,110,424
35110104,717,25,692
35110105,704,14,690
35110106,668,35,633
35110107,458,16,442
35110108,431,2,429
35110109,379,35,344
35110110,416,2,414
35110111,393,11,382
35110112,426,7,419
35110113,479,8,471
35110114,429,8,421
35110115,458,17,441
35110116,560,43,517
35110117,396,2,394
35110118,512,133,379
35110119,485,2,483
35110120,428,2,426
35110121,496,10,486
35110122,476,27,449
35110123,496,9,487
35110124,523,20,503
35110125,606,1,605
35110126,530,17,513
35110127,396,47,349
35110128,824,22,802
35110129,586,10,576
35110130,597,5,592
35110131,607,5,602
35110132,400,4,396
35110133,509,22,487
35110134,527,3,524
35110135,446,13,433
35110136,524,11,513
35110137,976,12,964
35110138,531,42,489
35110140,501,54,447
35120092,585,57,528
35120093,465,2,463
35120094,460,21,439
35120095,499,19,480
35120096,452,4,448
35120097,478,15,463
35120098,512,54,458
35120099,456,4,452
35120100,825,12,813
35120101,587,25,562
35120102,570,43,527
35120103,421,28,393
35120104,539,51,488
35120105,384,3,381
35120106,495,33,462
35120107,431,9,422
35120108,565,87,478
35120109,553,41,512
35120110,544,51,493
35120111,785,161,624
35120112,262,10,252
35120113,475,6,469
35120114,695,14,681
35120115,582,4,578
35120116,572,31,541
35120117,477,2,475
35120118,463,7,456
35120119,598,1,597
35120120,668,23,645
35120121,472,2,470
35120122,608,2,606
35120123,701,31,670
35120124,1582,94,1488
35120126,721,61,660
35120129,739,85,654
35120130,436,34,402
35120131,556,86,470
35120132,385,34,351
35120133,566,37,529
35120134,556,18,538
35120135,313,8,305
35120136,494,4,490
35120137,372,0,372
35120138,432,74,358
35120139,566,28,538
35120140,338,5,333
35120141,714,17,697
35120142,446,46,400
35120143,356,18,338
35120146,135,11,124
35120147,1572,39,1533
35120148,837,27,810
35120155,719,25,694
35120156,472,34,438
35120157,503,10,493
35120158,374,15,359
35120159,458,12,446
35120160,451,5,446
35120231,564,12,552
35120232,1049,6,1043
35120233,426,3,423
35120234,551,20,531
35120235,609,113,496
35120236,520,28,492
35120237,461,44,417
35120238,822,49,773
35120239,333,31,302
35120240,487,7,480
35120241,313,50,263
35120242,647,36,611
35120243,641,51,590
35120244,550,16,534
35120245,406,30,376
35120246,575,16,559
35120247,754,47,707
35120248,623,42,581
35120249,436,3,433
35120250,120,4,116
35120251,348,43,305
35120252,465,144,321
35120253,668,8,660
35120254,664,66,598
35120255,511,12,499
35120256,462,4,458
35120258,560,4,556
35120259,731,47,684
35120261,567,12,555
35120262,696,11,685
35120263,677,2,675
35120264,638,45,593
35120265,718,2,716
35120266,584,6,578
35120267,736,21,715
35120268,676,4,672
35120269,512,10,502
35120270,494,4,490
35120271,1819,159,1660
35120272,1625,22,1603
35120273,510,4,506
35120274,448,9,439
35120275,549,27,522
35120276,454,22,432
35120277,511,11,500
35120278,747,1,746
35120279,953,0,953
35120280,524,18,506
35120281,594,8,586
35120282,433,17,416
35120283,532,13,519
35120284,570,4,566
35120285,551,7,544
35120286,663,0,663
35120287,557,30,527
35120288,493,13,480
35120289,586,41,545
35120290,535,24,511
35120291,610,72,538
35120292,598,0,598
35120293,635,21,614
35120294,534,16,518
35120295,815,14,801
35120296,453,9,444
35120297,628,13,615
35120298,808,9,799
35120299,459,22,437
35120300,510,34,476
35120301,526,20,506
35120302,806,11,795
35120303,816,35,781
35120304,418,18,400
35120305,472,62,410
35120306,1093,21,1072
35120307,2,2,0
35120308,454,68,386
35120309,393,1,392
35120310,402,19,383
35120311,758,50,708
35120312,15,13,2
35120313,457,7,450
35120314,427,34,393
35120315,465,15,450
35120316,597,67,530
35120317,480,56,424
35120318,580,22,558
35120319,466,62,404
35120320,523,14,509
35120321,520,23,497
35120322,533,7,526
35120323,827,68,759
35120324,179,5,174
35120325,475,48,427
35120326,439,4,435
35120327,480,2,478
35120328,432,20,412
35120329,566,16,550
35120330,570,12,558
35120331,771,17,754
35120332,754,14,740
35120333,634,17,617
35120334,481,3,478
35120335,459,24,435
35120336,1227,28,1199
35120337,465,20,445
35120340,758,15,743
35120341,529,20,509
35120342,764,21,743
35120343,724,13,711
35120344,582,12,570
35120345,575,10,565
35120346,499,2,497
35120347,459,18,441
35120348,386,28,358
35120349,479,22,457
35120350,493,10,483
35120351,402,18,384
35120352,390,7,383
35120353,485,5,480
35120354,377,23,354
35120355,472,6,466
35120356,547,29,518
35120357,680,28,652
35120358,642,74,568
35120359,531,21,510
35120360,637,22,615
35120361,627,20,607
35120362,15,13,2
35120363,31,27,4
35120365,805,79,726
35120366,619,3,616
35120367,898,31,867
35120368,629,16,613
35120369,473,10,463
35120371,568,23,545
35120372,776,4,772
35120373,653,4,649
35120374,551,3,548
35120375,20,4,16
35120376,1117,17,1100
35120377,590,4,586
35120378,690,30,660
35120379,536,13,523
35120380,551,17,534
35120381,662,16,646
35120382,479,6,473
35120383,512,6,506
35120384,624,2,622
35120385,693,43,650
35120386,564,49,515
35120387,836,144,692
35120389,499,11,488
35120390,418,99,319
35120391,663,115,548
35120392,693,55,638
35120393,549,84,465
35120394,617,3,614
35120395,534,5,529
35120396,897,73,824
35120397,481,3,478
35120398,521,27,494
35120399,525,10,515
35120400,557,3,554
35120401,679,3,676
35120402,621,11,610
35120404,266,10,256
35120405,1609,5,1604
35120406,828,3,825
35120407,646,449,197
35120408,1008,792,216
35120409,928,757,171
35120410,1490,17,1473
35120412,654,8,646
35120413,543,5,538
35120416,854,36,818
35130042,650,4,646
35130043,806,17,789
35130044,701,5,696
35130045,681,7,674
35130046,495,8,487
35130047,492,10,482
35130048,510,7,503
35130049,525,57,468
35130050,501,13,488
35130051,586,4,582
35130052,498,6,492
35130053,864,82,782
35130054,497,27,470
35130055,972,16,956
35130056,588,5,583
35130057,509,13,496
35130058,479,17,462
35130059,456,27,429
35130060,744,26,718
35130061,1184,41,1143
35130062,782,5,777
35130063,608,4,604
35130064,612,72,540
35130065,353,5,348
35130066,1141,9,1132
35130067,491,14,477
35130068,489,18,471
35130069,467,7,460
35130070,601,5,596
35130071,878,5,873
35130072,727,3,724
35130073,499,20,479
35130074,450,4,446
35130075,430,4,426
35130077,472,9,463
35130078,698,3,695
35130079,515,22,493
35130080,549,4,545
35130081,477,29,448
35130082,431,35,396
35140110,522,12,510
35140111,672,33,639
35140112,548,29,519
35140113,569,4,565
35140114,488,15,473
35140115,515,14,501
35140116,572,6,566
35140117,411,62,349
35140118,510,10,500
35140119,459,18,441
35140120,456,6,450
35140121,534,13,521
35140122,556,4,552
35140123,565,9,556
35140124,386,48,338
35140125,465,18,447
35140126,401,22,379
35140127,385,8,377
35140128,609,13,596
35140129,485,4,481
35140130,10,8,2
35140131,20,14,6
35140132,81,65,16
35140133,598,1,597
35140134,316,237,79
35140135,572,31,541
35140136,49,42,7
35140137,716,2,714
35140138,31,23,8
35140139,526,9,517
35140140,483,33,450
35140141,483,17,466
35140142,610,7,603
35140143,495,9,486
35140144,482,14,468
35140145,541,5,536
35140146,553,36,517
35140147,565,15,550
35140148,1430,19,1411
35140149,658,2,656
35140150,286,10,276
35140151,349,0,349
35140152,327,1,326
35140153,865,2,863
35140154,442,1,441
35140155,421,4,417
35140156,542,7,535
35140157,517,1,516
35140158,361,1,360
35140159,417,1,416
35140160,721,2,719
35140161,521,1,520
35140162,617,10,607
35140163,459,4,455
35140164,506,40,466
35140165,536,3,533
35140166,656,8,648
35140167,523,2,521
35140168,619,1,618
35140169,510,2,508
35140170,584,3,581
35140171,706,11,695
35140172,498,19,479
35140173,562,2,560
35140174,731,20,711
35140175,611,30,581
35140176,543,9,534
35140177,680,16,664
35140178,538,19,519
35140179,444,8,436
35140180,556,6,550
35140181,659,8,651
35140182,627,14,613
35140183,658,17,641
35140184,460,0,460
35140185,428,4,424
35140186,480,3,477
35140187,495,3,492
35140188,0,0,0
35140189,535,4,531
35140190,723,32,691
35140191,700,4,696
35140192,373,3,370
35140193,419,8,411
35140194,373,14,359
35140195,313,3,310
35140196,925,20,905
35140197,1854,25,1829
35140198,730,17,713
35140199,735,32,703
35140200,509,3,506
35140201,770,23,747
35140202,664,28,636
35140203,601,12,589
35140204,391,2,389
35140205,467,8,459
35140206,879,13,866
35140207,490,12,478
35140208,2798,11,2787
35140209,315,1,314
35140210,468,48,420
35140211,410,1,409
35140212,442,3,439
35140213,392,3,389
35140214,397,2,395
35140215,358,1,357
35140216,446,3,443
35140217,71,65,6
35140218,665,1,664
35140219,359,1,358
35140220,563,15,548
35140221,551,15,536
35140222,461,18,443
35140223,445,8,437
35140224,620,13,607
35140225,454,22,432
35140226,416,23,393
35140227,500,35,465
35140228,462,15,447
35140229,406,6,400
35140230,604,20,584
35140231,691,6,685
35140232,684,3,681
35140233,548,20,528
35140234,506,9,497
35140235,541,4,537
35140236,403,14,389
35140237,414,21,393
35140238,375,19,356
35140239,464,1,463
35140240,390,9,381
35140241,549,7,542
35140242,491,2,489
35140243,451,7,444
35140244,544,3,541
35140245,397,13,384
35140246,553,17,536
35140247,483,39,444
35140248,537,9,528
35140249,480,8,472
35140250,408,3,405
35140251,477,2,475
35140252,1807,11,1796
35140253,470,2,468
35140254,507,34,473
35140255,459,9,450
35140256,400,17,383
35140257,582,5,577
35140258,445,8,437
35140259,513,3,510
35140260,456,31,425
35140261,424,1,423
35140262,810,4,806
35140263,562,19,543
35140264,425,11,414
35140265,611,2,609
35140266,460,3,457
35140267,532,4,528
35140268,624,13,611
35140269,634,68,566
35150039,327,2,325
35150040,863,1,862
35150041,615,12,603
35150043,593,13,580
35150045,1869,128,1741
35150046,655,27,628
35150047,560,13,547
35150048,689,28,661
35150049,426,20,406
35150050,658,26,632
35150051,427,1,426
35150052,525,35,490
35150053,459,0,459
35150054,426,8,418
35150055,472,0,472
35150056,330,7,323
35150057,387,169,218
35150058,379,1,378
35150059,816,44,772
35150060,567,2,565
35150061,764,63,701
35150062,991,28,963
35150063,510,9,501
35150064,398,13,385
35150065,443,9,434
35150066,549,4,545
35150067,581,8,573
35150068,461,8,453
35150069,635,6,629
35150070,444,22,422
35150071,479,66,413
35150072,522,11,511
35150073,408,3,405
35150074,597,9,588
35150075,350,88,262
35150076,565,4,561
35150077,647,24,623
35150078,613,29,584
35150079,640,4,636
35150080,617,12,605
35150081,421,100,321
35150082,510,7,503
35150083,617,42,575
35150084,385,51,334
35150085,525,16,509
35150086,575,15,560
35150087,407,9,398
35150088,442,19,423
35150089,491,22,469
35150090,364,5,359
35150091,628,40,588
35150092,514,51,463
35150093,585,28,557
35150094,427,77,350
35150095,538,9,529
35150096,550,45,505
35150098,395,5,390
35150099,383,23,360
35150100,697,10,687
35150101,333,3,330
35150103,324,9,315
35150104,613,72,541
35150105,577,23,554
35150107,493,9,484
35150108,434,80,354
35150109,461,14,447
35150110,430,10,420
35150111,529,62,467
35150112,412,7,405
35150113,618,11,607
35150114,491,6,485
35150115,556,43,513
35150116,515,9,506
35150117,456,4,452
35150120,565,22,543
35150121,661,37,624
35150122,928,7,921
35150123,740,11,729
35150124,406,6,400
35150125,351,10,341
35150126,359,16,343
35150127,838,11,827
35150128,454,7,447
35150129,1419,5,1414
35150133,1067,9,1058
35150134,737,6,731
35150137,738,8,730
35150138,419,22,397
35150139,624,35,589
35150140,1967,34,1933
35150141,609,11,598
35150142,272,3,269
35150143,434,5,429
35150144,638,5,633
35150145,639,7,632
35150146,478,32,446
35150147,608,20,588
35150148,419,31,388
35150149,561,13,548
35150150,361,1,360
35150151,389,1,388
35150153,334,8,326
35150154,677,3,674
35150155,684,6,678
35150156,450,0,450
35150157,275,5,270
35150158,510,46,464
35150159,382,16,366
35150160,531,15,516
35150161,523,13,510
35150162,455,19,436
35150163,365,2,363
35150164,631,14,617
35150165,470,12,458
35150168,768,13,755
35150213,406,84,322
35150214,764,5,759
35150215,456,6,450
35150216,361,2,359
35150224,1250,66,1184
35150225,923,16,907
35150226,2141,47,2094
35150227,1401,31,1370
35150228,855,25,830
35150229,715,28,687
35150230,488,2,486
35150231,710,50,660
35150232,609,76,533
35150233,494,10,484
35150234,519,22,497
35150235,694,2,692
35150236,707,3,704
35150237,1030,39,991
35150238,555,13,542
35150239,706,12,694
35150240,1090,710,380
35150241,894,30,864
35150242,688,9,679
35150243,782,2,780
35150244,610,9,601
35150245,747,15,732
35150246,569,17,552
35150247,971,19,952
35150248,747,2,745
35150249,430,3,427
35150250,547,9,538
35150251,811,3,808
35150255,446,2,444
35150256,502,7,495
35150257,585,10,575
35150258,607,12,595
35150259,820,2,818
35150260,1066,6,1060
35150261,679,23,656
35150262,546,17,529
35150263,740,23,717
35150264,549,8,541
35150265,461,29,432
35150266,695,32,663
35150267,478,31,447
35150268,660,10,650
35150269,424,10,414
35150270,526,12,514
35150271,460,4,456
35150272,640,4,636
35150273,11,2,9
35150274,802,11,791
35150275,0,0,0
35150276,359,250,109
35150277,482,7,475
35150278,515,1,514
35150279,541,2,539
35150280,552,32,520
35150281,632,3,629
35150282,764,10,754
35150283,539,2,537
35150284,418,30,388
35150285,742,15,727
35150286,515,4,511
35150287,689,31,658
35150288,523,3,520
35150289,841,15,826
35150290,825,34,791
35150291,690,48,642
35150292,560,7,553
35150293,510,9,501
35150294,550,8,542
35150295,596,1,595
35150296,509,12,497
35150297,711,4,707
35150298,723,30,693
35150299,691,2,689
35150300,639,32,607
35150301,580,3,577
35150302,666,29,637
35150303,657,11,646
35150304,652,4,648
35150305,835,112,723
35150306,894,5,889
35150309,419,6,413
35150311,849,12,837
35150312,633,15,618
35150313,788,24,764
35150314,642,3,639
35150316,751,0,751
35150317,567,15,552
35150318,943,22,921
35150319,960,21,939
35150320,2482,99,2383
35150321,1767,33,1734
35150322,264,5,259
35150324,1015,5,1010
35150326,491,28,463
35150327,1443,18,1425
35150330,472,12,460
35150331,608,5,603
35150332,445,2,443
35150334,869,12,857
35150337,560,21,539
35150340,408,5,403
35150342,831,50,781
35150343,917,22,895
35160102,517,13,504
35160103,552,12,540
35160104,444,4,440
35160105,782,18,764
35160106,538,14,524
35160107,690,4,686
35160108,565,13,552
35160109,460,6,454
35160110,530,7,523
35160111,558,12,546
35160112,576,9,567
35160113,1261,0,1261
35160114,824,26,798
35160115,475,2,473
35160116,532,7,525
35160117,307,2,305
35160118,427,1,426
35160119,586,16,570
35160120,493,3,490
35160121,528,59,469
35160122,425,14,411
35160123,399,6,393
35160124,427,19,408
35160125,449,17,432
35160126,536,3,533
35160127,492,6,486
35160128,477,5,472
35160129,406,7,399
35160130,558,10,548
35160131,686,8,678
35160132,335,0,335
35160133,433,5,428
35160134,2436,5,2431
35160135,665,7,658
35160136,556,15,541
35160137,662,21,641
35160138,548,1,547
35160139,487,3,484
35160140,460,10,450
35160141,609,4,605
35160142,834,22,812
35160143,398,2,396
35160144,544,85,459
35160145,610,1,609
35160146,480,42,438
35160147,963,15,948
35160148,921,22,899
35160149,592,5,587
35160150,607,9,598
35160151,520,9,511
35160152,495,3,492
35160153,564,3,561
35160154,631,7,624
35160155,615,4,611
35160156,658,4,654
35160157,680,48,632
35160158,622,4,618
35160159,569,9,560
35160160,828,12,816
35160161,589,10,579
35160162,566,34,532
35160163,552,19,533
35160164,963,7,956
35160165,626,9,617
35160166,564,35,529
35160167,820,4,816
35160168,500,10,490
35160169,589,22,567
35160170,445,4,441
35160171,563,3,560
35160172,1092,16,1076
35160173,752,58,694
35160174,565,3,562
35160175,631,4,627
35160176,481,9,472
35160177,624,7,617
35160178,733,5,728
35160179,539,10,529
35160180,491,1,490
35160181,522,4,518
35160182,767,57,710
35160183,961,17,944
35160184,864,16,848
35160185,600,4,596
35160186,969,29,940
35160187,481,2,479
35160188,1059,24,1035
35160189,717,13,704
35160190,535,11,524
35160191,926,12,914
35160193,639,32,607
35160194,727,4,723
35160195,626,18,608
35160196,726,1,725
35160197,903,9,894
35160198,826,37,789
35160199,1024,74,950
35160200,958,6,952
35160201,515,8,507
35160202,598,43,555
35160203,873,24,849
35160204,739,18,721
35160205,675,7,668
35160206,623,7,616
35160207,540,11,529
35160208,1380,7,1373
35160209,363,4,359
35160210,728,17,711
35160211,534,16,518
35160212,1098,60,1038
35160213,844,13,831
35160214,734,20,714
35160215,722,4,718
35160216,712,3,709
35180017,885,3,882
35180018,1643,16,1627
35180019,755,1,754
35180021,550,33,517
35180022,477,2,475
35180024,536,8,528
35180025,540,11,529
35180026,1327,13,1314
35180027,693,2,691
35180028,1433,1,1432
35180035,1278,43,1235
35180038,1435,32,1403
35180039,634,2,632
35180042,1117,64,1053
35180043,590,1,589
35180044,470,16,454
35180045,290,6,284
35180046,463,2,461
35180047,462,2,460
35180048,473,3,470
35180050,495,2,493
35180051,405,3,402
35180052,388,2,386
35180056,413,6,407
35180057,433,13,420
35180058,700,11,689
35180059,535,1,534
35180060,450,3,447
35180061,567,11,556
35180063,907,3,904
35180064,1122,4,1118
35180065,908,47,861
35180066,414,5,409
35180067,602,44,558
35180068,502,15,487
35180069,435,8,427
35180070,523,7,516
35180075,993,3,990
35180086,247,5,242
35180087,867,8,859
35180091,1997,58,1939
35180094,287,4,283
35180097,1039,2,1037
35180098,715,3,712
35180099,409,6,403
35180101,841,4,837
35180102,943,12,931
35180103,372,3,369
35180104,366,3,363
35180107,485,16,469
35180108,397,7,390
35180109,519,0,519
35180112,592,3,589
35180113,492,1,491
35180114,612,0,612
35180115,419,13,406
35180116,493,6,487
35180117,431,7,424
35180118,462,1,461
35180121,427,6,421
35180122,644,37,607
35180123,615,3,612
35180124,240,16,224
35180125,815,10,805
35180126,250,9,241
35180127,602,12,590
35180128,270,8,262
35180129,970,9,961
35180130,422,10,412
35180131,576,4,572
35180132,520,8,512
35180133,2392,6,2386
35180135,841,2,839
35180136,391,2,389
35180137,457,7,450
35180140,349,2,347
35180141,509,4,505
35180142,684,22,662
35180143,247,2,245
35180144,471,2,469
35180145,659,53,606
35180146,634,27,607
35180147,633,10,623
35180148,480,6,474
35180149,489,3,486
35180150,443,3,440
35180151,327,15,312
35180152,378,9,369
35180153,493,1,492
35180154,547,4,543
35180155,590,17,573
35180156,460,0,460
35180157,461,27,434
35180158,408,2,406
35180159,539,14,525
35180160,447,28,419
35180161,432,22,410
35180162,633,29,604
35180166,521,4,517
35180167,377,5,372
35180169,323,15,308
35180170,415,2,413
35180171,509,2,507
35180172,831,2,829
35180173,570,6,564
35180174,551,27,524
35180175,486,1,485
35180177,577,4,573
35180179,563,53,510
35180180,502,18,484
35180181,486,6,480
35180182,571,9,562
35180183,464,1,463
35180184,732,33,699
35180185,349,10,339
35180186,519,12,507
35180187,447,12,435
35180188,515,51,464
35180189,515,5,510
35180190,427,33,394
35180191,610,0,610
35180192,855,4,851
35180193,705,10,695
35180194,468,22,446
35180195,573,40,533
35180196,522,4,518
35180197,903,71,832
35180198,517,4,513
35180199,368,11,357
35180200,463,32,431
35180201,412,16,396
35180202,460,13,447
35180203,395,5,390
35180204,549,24,525
35180205,433,42,391
35180206,524,10,514
35180207,676,2,674
35180208,215,2,213
35180209,282,1,281
35180210,1040,4,1036
35180211,377,1,376
35180212,378,3,375
35180213,488,1,487
35180214,395,28,367
35180215,545,1,544
35180216,456,6,450
35180217,603,7,596
35180218,496,2,494
35180219,457,10,447
35180220,1635,1,1634
35180221,735,4,731
35180222,595,0,595
35180223,668,2,666
35180224,313,19,294
35180225,811,58,753
35180226,652,14,638
35180227,358,4,354
35180228,362,4,358
35180229,566,13,553
35180230,346,13,333
35180231,427,6,421
35180232,381,9,372
35180233,456,12,444
35180234,755,17,738
35180235,524,10,514
35180236,704,5,699
35180237,331,8,323
35180238,395,7,388
35180239,383,19,364
35180240,473,8,465
35180241,426,10,416
35180242,481,16,465
35180243,555,18,537
35180244,409,10,399
35180245,380,9,371
35180248,657,17,640
35180249,446,0,446
35180250,566,1,565
35180251,415,0,415
35180252,473,19,454
35180253,580,8,572
35180254,506,13,493
35180255,398,4,394
35180256,435,15,420
35180257,558,18,540
35180258,390,2,388
35180259,1019,52,967
35180260,438,15,423
35180261,435,10,425
35180262,313,8,305
35180263,233,9,224
35180264,447,7,440
35180265,463,24,439
35180266,247,1,246
35180272,349,3,346
35180273,469,11,458
35180274,414,0,414
35180275,491,11,480
35180276,539,20,519
35180277,644,13,631
35180284,470,7,463
35180285,740,11,729
35180286,577,3,574
35180287,417,6,411
35180290,578,2,576
35180291,556,3,553
35180292,492,0,492
35180293,938,1,937
35180295,1908,2,1906
35180296,670,2,668
35180297,750,14,736
35180298,714,1,713
35180299,840,6,834
35180301,733,53,680
35180302,538,6,532
35180303,1745,17,1728
35180304,487,8,479
35180305,474,4,470
35180306,540,12,528
35180307,504,4,500
35180309,580,20,560
35180310,669,6,663
35180311,729,10,719
35180312,1165,10,1155
35180313,368,9,359
35180314,617,8,609
35180315,553,5,548
35180316,723,6,717
35180317,495,14,481
35180318,587,1,586
35180319,389,4,385
35180320,481,0,481
35180321,537,2,535
35180322,500,1,499
35180324,464,10,454
35180325,379,17,362
35180326,437,9,428
35180327,605,22,583
35180328,378,11,367
35180329,424,6,418
35180330,619,34,585
35180331,614,0,614
35180333,767,29,738
35180335,916,19,897
35180336,1010,20,990
35180337,469,7,462
35180338,291,15,276
35180339,492,0,492
35180340,610,5,605
35180342,512,2,510
35180343,621,2,619
35180345,1134,6,1128
35180346,442,7,435
35180347,1322,4,1318
35180350,1116,19,1097
35180351,614,2,612
35180352,299,5,294
35180354,358,7,351
35180356,1150,3,1147
35180357,697,3,694
35180358,1155,10,1145
35180359,545,9,536
35180360,470,1,469
35180361,804,8,796
35180362,446,2,444
35180363,431,21,410
35180364,463,1,462
35180365,952,10,942
35180366,1081,36,1045
35180367,306,5,301
35180368,1224,7,1217
35180369,502,4,498
35180370,357,6,351
35180371,485,4,481
35180372,942,10,932
35180373,607,20,587
35180374,398,7,391
35180375,1238,14,1224
35180380,707,3,704
35180381,641,3,638
35180382,803,1,802
35180383,571,4,567
35180385,888,2,886
35180388,349,2,347
35180389,505,0,505
35180391,553,0,553
35180392,759,6,753
35180393,569,1,568
35180394,616,2,614
35180397,582,1,581
35180398,693,1,692
35180399,651,0,651
35180400,421,1,420
35180401,556,0,556
35180402,242,6,236
35180403,385,8,377
35180404,403,7,396
35180405,653,88,565
35180406,514,0,514
35180407,525,27,498
35180411,304,0,304
35180412,678,1,677
35180413,577,4,573
35180414,451,2,449
35180416,352,3,349
35180417,297,2,295
35180418,772,4,768
35180419,789,4,785
35180421,536,1,535
35180423,795,1,794
35180424,682,2,680
35180425,547,39,508
35180426,444,0,444
35180427,987,8,979
35180428,686,11,675
35180429,438,7,431
35180430,514,5,509
35180431,948,29,919
35180432,545,23,522
35180433,416,3,413
35180434,776,4,772
35180436,259,2,257
35180437,1181,2,1179
35180438,644,2,642
35180439,487,1,486
35180440,616,5,611
35180441,650,7,643
35180442,1014,12,1002
35180445,1399,6,1393
35180446,276,0,276
35180447,1239,49,1190
35180448,696,12,684
35180450,910,13,897
35180451,673,5,668
35180452,310,6,304
35180453,863,2,861
35180454,472,7,465
35180455,428,5,423
35180456,419,2,417
35180457,438,22,416
35180458,645,6,639
35180459,374,2,372
35180460,490,2,488
35180461,479,2,477
35180462,514,9,505
35180463,1183,1,1182
35180464,1295,2,1293
35180465,820,3,817
35180466,562,20,542
35180467,420,9,411
35180468,362,13,349
35180469,849,12,837
35180472,582,18,564
35180473,528,8,520
35180474,453,5,448
35180475,950,2,948
35180476,389,8,381
35180477,431,4,427
35180478,921,2,919
35180479,582,3,579
35180480,433,11,422
35180481,1132,39,1093
35180482,383,2,381
35180483,506,4,502
35180484,973,5,968
35180485,565,3,562
35180486,286,2,284
35180487,282,0,282
35180488,917,2,915
35180489,350,0,350
35180490,1110,11,1099
35180491,477,2,475
35180492,672,0,672
35180493,863,3,860
35180494,632,5,627
35180495,490,6,484
35180496,951,16,935
35180497,787,15,772
35180498,616,18,598
35180499,1008,21,987
35180500,408,27,381
35180501,878,13,865
35180502,767,11,756
35180503,915,19,896
35180504,1205,17,1188
35180505,530,3,527
35180506,1448,17,1431
35180507,960,15,945
35180508,579,6,573
35180510,704,0,704
35180511,1198,6,1192
35180512,1523,19,1504
35180513,772,1,771
35180514,820,54,766
35180515,358,1,357
35180516,449,7,442
35180517,611,0,611
35180518,642,4,638
35180519,340,2,338
35180520,1095,20,1075
35180525,601,3,598
35180534,527,8,519
35180538,790,7,783
35180539,667,9,658
35180540,775,4,771
35180541,1458,10,1448
35180544,587,2,585
35180545,477,3,474
35180546,390,6,384
35180547,482,11,471
35180548,736,46,690
35180549,622,1,621
35180550,322,4,318
35180551,637,28,609
35180553,310,3,307
35180554,558,7,551
35180555,574,4,570
35180556,350,4,346
35180557,523,1,522
35180558,526,5,521
35180559,298,7,291
35180560,511,1,510
35180562,817,7,810
35180563,406,5,401
35180564,704,0,704
35180565,212,7,205
35180566,798,9,789
35180567,462,0,462
35180568,461,33,428
35180569,269,9,260
35180570,668,9,659
35180571,469,5,464
35180573,597,19,578
35180574,443,1,442
35180576,385,5,380
35180581,610,3,607
35180582,596,7,589
35180583,510,7,503
35180584,472,5,467
35180585,441,6,435
35180586,1374,8,1366
35180587,833,4,829
35180588,535,1,534
35180589,405,1,404
35180590,690,1,689
35180591,1582,11,1571
35180593,605,7,598
35180594,597,9,588
35180595,716,13,703
35180596,404,5,399
35180597,984,8,976
35180598,329,0,329
35180599,446,0,446
35180600,291,4,287
35180601,382,0,382
35180602,576,1,575
35180603,365,1,364
35180604,657,12,645
35180605,575,7,568
35180606,1106,44,1062
35180607,779,39,740
35180608,545,9,536
35180609,266,2,264
35180611,320,15,305
35180613,518,3,515
35180614,362,13,349
35180615,396,14,382
35180616,382,15,367
35180617,434,19,415
35180618,1069,6,1063
35180619,190,7,183
35180620,1182,21,1161
35180621,273,4,269
35180622,553,48,505
35180623,433,11,422
35180624,552,11,541
35180625,419,55,364
35180626,872,22,850
35180627,1010,47,963
35180628,408,2,406
35180629,441,9,432
35180630,486,15,471
35180631,512,19,493
35180632,588,12,576
35180633,492,31,461
35180634,302,12,290
35180635,625,25,600
35180636,851,25,826
35180637,658,25,633
35180638,575,10,565
35180639,444,11,433
35180640,580,28,552
35180641,483,6,477
35180642,581,1,580
35180643,512,2,510
35180644,482,0,482
35180645,961,11,950
35180646,502,18,484
35180647,630,23,607
35180648,619,22,597
35180649,462,22,440
35180650,630,11,619
35180651,499,15,484
35180652,653,20,633
35180654,627,10,617
35180655,620,27,593
35180656,669,11,658
35180657,750,2,748
35180658,698,7,691
35180659,813,1,812
35180660,2233,12,2221
35180661,720,1,719
35180662,821,24,797
35180663,681,13,668
35180665,2066,52,2014
35180666,451,35,416
35180667,539,5,534
35180668,556,9,547
35180669,413,17,396
35180670,556,3,553
35180671,373,12,361
35180672,582,1,581
35180676,500,5,495
35180677,647,7,640
35180680,367,20,347
35180681,523,21,502
35180682,426,3,423
35180683,1469,19,1450
35180684,655,18,637
35180685,827,2,825
35180686,506,4,502
35180687,514,7,507
35180688,523,2,521
35180689,641,7,634
35180690,370,6,364
35180691,500,0,500
35180692,332,3,329
35180693,1363,84,1279
35180697,620,14,606
35180698,3738,43,3695
35180699,885,18,867
35180702,718,2,716
35180703,913,26,887
35180704,738,2,736
35180707,452,11,441
35180710,446,23,423
35180711,295,30,265
35180712,271,21,250
35180713,203,26,177
35180714,373,27,346
35180715,563,14,549
35180716,914,22,892
35180717,508,3,505
35180718,701,0,701
35180720,536,1,535
35180721,334,2,332
35180722,381,3,378
35180723,440,0,440
35180724,619,5,614
35180725,255,0,255
35180726,638,11,627
35180727,792,7,785
35180732,339,17,322
35180733,567,16,551
35180734,514,13,501
35180735,406,19,387
35180736,485,22,463
35180737,526,8,518
35180738,389,27,362
35180739,863,2,861
35180762,394,3,391
35180767,202,11,191
35180768,841,4,837
35180769,516,2,514
35180770,510,2,508
35180771,369,3,366
35180772,545,2,543
35180773,545,13,532
35180774,568,0,568
35180775,430,26,404
35180776,525,55,470
35180777,573,5,568
35180778,838,7,831
35180779,420,5,415
35180780,421,78,343
35180781,363,87,276
35180782,456,12,444
35180783,507,13,494
35180784,506,31,475
35180786,1985,5,1980
35180791,1544,138,1406
35180792,902,1,901
35180796,1102,20,1082
35180797,1127,20,1107
35180798,921,46,875
35180799,1299,1,1298
35180800,1611,52,1559
35180801,2015,23,1992
35180802,1276,24,1252
35180803,3351,11,3340
35180804,2531,69,2462
35180805,858,18,840
35180806,1358,11,1347
35180807,996,8,988
35180808,1096,7,1089
35180810,598,0,598
35180816,737,21,716
35180817,464,6,458
35180818,429,29,400
35180819,452,81,371
35180820,629,15,614
35180821,844,14,830
35180822,472,2,470
35180823,966,6,960
35180825,1483,19,1464
35180827,831,5,826
35180830,2229,38,2191
35180831,2849,82,2767
35180832,700,4,696
35180833,673,13,660
35180834,1373,14,1359
35180835,694,11,683
35180836,636,11,625
35180837,550,6,544
35180840,815,4,811
35180841,2342,23,2319
35180842,718,3,715
35180843,615,4,611
35180844,673,3,670
35180845,486,9,477
35180846,323,7,316
35180847,534,4,530
35180848,506,1,505
35180849,510,39,471
35180850,640,14,626
35180851,550,28,522
35180852,600,29,571
35180853,425,2,423
35180855,404,1,403
35180856,414,9,405
35180857,436,7,429
35180858,415,12,403
35180859,539,0,539
35180860,485,21,464
35180861,496,11,485
35180862,575,64,511
35180863,465,4,461
35180864,778,8,770
35180865,528,4,524
35180866,480,9,471
35180867,498,16,482
35180868,577,10,567
35180869,473,18,455
35180870,517,17,500
35180871,495,15,480
35180872,461,10,451
35180873,582,1,581
35180874,482,16,466
35180875,788,11,777
35180876,482,5,477
35180877,545,9,536
35180878,855,1,854
35180879,523,0,523
35180880,444,0,444
35180881,473,7,466
35180882,689,1,688
35180883,386,4,382
35180884,313,11,302
35180885,457,3,454
35180886,745,3,742
35180889,4061,0,4061
35180891,1381,5,1376
35180892,1735,1,1734
35180893,164,0,164
35180894,104,0,104
35180895,103,0,103
35180896,137,0,137
35180897,82,0,82
35180898,65,0,65
35180899,697,0,697
35180900,95,0,95
35180901,121,0,121
35180902,67,0,67
35180903,156,0,156
35180904,58,0,58
35180905,392,8,384
35180906,433,7,426
35180907,465,9,456
35180908,653,10,643
35180909,607,8,599
35180910,671,11,660
35180911,544,10,534
35180912,517,7,510
35180913,600,14,586
35180914,1180,38,1142
35180916,417,9,408
35180917,327,8,319
35180918,644,4,640
35180919,461,8,453
35180920,621,9,612
35180921,1143,8,1135
35180922,1443,1,1442
35180925,219,0,219
35180926,1472,11,1461
35180927,330,0,330
35180928,518,6,512
35180929,261,6,255
35180930,692,1,691
35180931,734,8,726
35180932,552,0,552
35180933,563,0,563
35180934,826,16,810
35180935,648,16,632
35180936,488,9,479
35180937,564,11,553
35180938,694,5,689
35180939,443,4,439
35180940,397,4,393
35180941,310,8,302
35180942,72,10,62
35180943,86,0,86
35180944,128,92,36
35180945,16,14,2
35180946,573,7,566
35180947,498,2,496
35180948,543,10,533
35180949,514,6,508
35180950,510,21,489
35180951,451,18,433
35180952,503,16,487
35180953,484,1,483
35180954,1276,49,1227
35180955,570,14,556
35180956,460,9,451
35180957,556,6,550
35180960,545,13,532
35180961,781,11,770
35180962,920,10,910
35180963,658,16,642
35180964,437,15,422
35180967,436,8,428
35180968,957,4,953
35180969,436,0,436
35180970,707,18,689
35180971,492,22,470
35180972,579,5,574
35180973,529,11,518
35180974,1247,8,1239
35180975,504,11,493
35180976,396,17,379
35180977,508,18,490
35180978,439,11,428
35180979,636,1,635
35180980,1849,51,1798
35180981,431,24,407
35180982,332,9,323
35180983,583,14,569
35180984,440,3,437
35180985,503,12,491
35180986,547,5,542
35180987,619,23,596
35180988,466,12,454
35180989,2770,54,2716
35180990,307,2,305
35180991,1922,7,1915
35180992,376,7,369
35180993,581,8,573
35180994,2244,4,2240
35180995,1088,4,1084
35180996,1033,7,1026
35180997,690,14,676
35180998,453,8,445
35181002,691,11,680
35181003,517,10,507
35181004,476,1,475
35181005,480,11,469
35181007,478,9,469
35181008,768,3,765
35181009,395,8,387
35181010,393,3,390
35181011,583,9,574
35181012,450,11,439
35181013,540,24,516
35181014,637,14,623
35181015,445,6,439
35181016,1695,2,1693
35181017,307,5,302
35181018,384,4,380
35181019,922,4,918
35181020,380,0,380
35181021,537,1,536
35181022,811,6,805
35181023,545,0,545
35181024,704,65,639
35181030,317,13,304
35181032,2665,58,2607
35181034,393,15,378
35181035,594,17,577
35181036,329,16,313
35181038,330,7,323
35181039,652,3,649
35181040,654,4,650
35181041,2672,30,2642
35181042,3354,37,3317
35181043,689,5,684
35181044,1390,3,1387
35181045,803,1,802
35181046,438,1,437
35181047,587,1,586
35181048,951,4,947
35181049,862,14,848
35181050,460,7,453
35181051,1473,3,1470
35181052,625,3,622
35181053,456,1,455
35181055,638,1,637
35181056,706,5,701
35181057,694,2,692
35181058,203,2,201
35181063,1350,4,1346
35181064,1088,0,1088
35181065,724,13,711
35181068,850,11,839
35181069,990,4,986
35181070,1379,4,1375
35181071,1227,2,1225
35181072,910,2,908
35181073,1087,13,1074
35181074,0,0,0
35181075,791,8,783
35181076,2218,13,2205
35181077,1221,2,1219
35181078,3423,3,3420
35181079,2114,15,2099
35181080,4636,24,4612
35181081,1104,4,1100
35181082,1525,18,1507
35181083,1720,10,1710
35181084,797,13,784
35181085,559,2,557
35181089,361,6,355
35181091,857,13,844
35181092,641,6,635
35181093,811,8,803
35181094,947,7,940
35181095,2413,3,2410
35181097,225,2,223
35181099,863,4,859
35181100,582,4,578
35181101,1160,0,1160
35181102,1175,8,1167
35181103,1220,42,1178
35181104,351,2,349
35181105,560,2,558
35181106,354,4,350
35181107,1714,13,1701
35181108,610,6,604
35181109,849,7,842
35181110,965,3,962
35181111,1015,27,988
35181112,517,24,493
35181113,450,13,437
35181114,804,7,797
35181115,749,44,705
35181116,679,2,677
35181117,724,11,713
35181118,2582,73,2509
35181119,1356,6,1350
35181120,1129,23,1106
35181121,972,40,932
35181122,680,1,679
35181123,1289,2,1287
35181124,701,4,697
35181125,613,4,609
35181126,1271,29,1242
35181127,393,13,380
35181128,402,11,391
35181129,1549,27,1522
35181130,1247,10,1237
35181131,3016,4,3012
35181132,1438,4,1434
35181133,1137,16,1121
35181134,1891,26,1865
35181135,1713,25,1688
35181136,1382,3,1379
35181137,1069,7,1062
35181138,1350,29,1321
35181139,773,4,769
35181140,896,13,883
35181141,751,0,751
35181142,620,0,620
35181143,429,5,424
35181144,550,4,546
35181145,489,1,488
35181146,955,62,893
35181147,1069,5,1064
35181148,772,13,759
35181149,1325,16,1309
35181150,335,10,325
35181151,626,8,618
35181152,3979,73,3906
35181153,479,8,471
35181154,977,19,958
35181155,526,11,515
35181156,878,4,874
35181157,507,10,497
35181158,399,8,391
35181159,958,12,946
35181160,704,7,697
35181161,390,7,383
35181162,573,1,572
35181163,698,5,693
35181164,802,7,795
35181165,786,10,776
35181166,404,9,395
35181167,497,2,495
35181168,908,2,906
35181169,373,3,370
35181170,380,2,378
35181171,1064,44,1020
35181172,590,1,589
35181173,458,0,458
35181175,499,0,499
35181177,332,21,311
35181178,5573,23,5550
35181180,3523,74,3449
35181181,846,7,839
35181182,330,5,325
35181183,740,7,733
35181185,390,8,382
35181188,292,8,284
35181189,1105,44,1061
35181190,347,7,340
35181191,523,15,508
35181192,759,13,746
35181193,329,0,329
35181194,1411,6,1405
35181195,563,2,561
35181196,317,1,316
35181197,549,1,548
35181198,649,1,648
35181199,1027,1,1026
35181200,3138,4,3134
35181201,496,2,494
35181202,428,2,426
35181203,632,5,627
35181204,651,1,650
35181205,1903,125,1778
35181206,775,45,730
35181207,2115,131,1984
35181208,427,17,410
35181209,785,44,741
35181210,705,37,668
35181211,490,4,486
35181212,591,5,586
35181213,553,6,547
35181214,449,3,446
35181215,504,2,502
35181216,648,3,645
35181217,529,16,513
35181218,1364,2,1362
35181219,407,2,405
35181220,913,2,911
35181221,465,0,465
35181222,541,1,540
35181223,768,1,767
35181224,813,4,809
35181225,538,4,534
35181226,464,3,461
35181227,351,3,348
35181228,740,5,735
35181229,617,17,600
35181230,464,12,452
35181231,722,5,717
35181232,803,2,801
35181233,603,4,599
35181234,190,1,189
35181235,140,6,134
35181236,232,3,229
35181237,66,1,65
35181238,382,10,372
35190001,273,238,35
35190002,907,57,850
35190003,358,54,304
35190004,675,63,612
35190005,473,2,471
35190006,551,12,539
35190009,664,1,663
35190011,422,27,395
35190012,533,12,521
35190013,705,38,667
35190015,677,25,652
35190016,245,7,238
35190017,318,29,289
35190018,2035,37,1998
35190019,490,51,439
35190020,353,8,345
35190021,442,27,415
35190022,586,32,554
35190026,1214,4,1210
35190027,612,6,606
35190028,498,15,483
35190029,1051,16,1035
35190030,509,17,492
35190031,550,9,541
35190032,470,16,454
35190033,343,7,336
35190034,521,25,496
35190035,307,3,304
35190036,830,13,817
35190037,493,3,490
35190039,0,0,0
35190040,0,0,0
35190041,845,14,831
35190042,619,6,613
35190043,926,6,920
35190044,718,7,711
35190045,1635,2,1633
35190046,2462,97,2365
35190047,460,9,451
35190048,671,13,658
35190049,542,11,531
35190050,604,11,593
35190051,569,8,561
35190052,2732,80,2652
35190053,495,8,487
35190054,666,14,652
35190055,565,15,550
35190056,871,78,793
35190057,474,21,453
35190058,571,5,566
35190059,317,29,288
35190061,350,4,346
35190062,555,20,535
35190065,4497,98,4399
35190066,423,2,421
35190067,840,3,837
35190068,566,5,561
35190069,486,5,481
35190070,310,3,307
35190071,2891,59,2832
35190072,1121,3,1118
35190073,524,6,518
35190074,648,13,635
35190075,433,3,430
35190076,847,5,842
35190077,468,7,461
35190078,459,8,451
35190079,1103,2,1101
35190080,478,2,476
35190081,485,0,485
35190082,402,0,402
35190083,424,0,424
35190084,635,5,630
35190085,726,23,703
35190086,228,9,219
35190087,346,24,322
35190088,1356,11,1345
35190089,413,12,401
35190090,520,7,513
35190091,313,8,305
35190092,425,19,406
35190093,471,14,457
35190094,713,9,704
35190095,355,0,355
35190096,360,1,359
35190097,511,3,508
35190098,630,14,616
35190099,3017,68,2949
35190100,426,7,419
35190102,470,2,468
35190103,922,8,914
35190104,438,5,433
35190105,645,6,639
35190106,637,4,633
35190107,751,4,747
35190108,624,8,616
35190109,393,1,392
35190110,521,6,515
35190111,757,4,753
35190112,335,7,328
35190113,478,7,471
35190114,1736,4,1732
35190115,1150,12,1138
35190117,604,1,603
35190118,532,6,526
35190119,788,24,764
35190120,382,6,376
35190121,1122,10,1112
35190122,690,2,688
35190123,555,6,549
35190124,523,4,519
35190125,237,6,231
35190126,471,6,465
35190127,634,7,627
35190128,575,18,557
35190129,758,7,751
35190130,442,6,436
35190131,652,8,644
35190132,475,1,474
35190133,413,1,412
35190136,485,10,475
35190137,619,1,618
35190138,456,3,453
35190139,263,7,256
35190140,436,24,412
35190141,374,23,351
35190142,393,2,391
35190143,574,1,573
35190144,576,1,575
35190145,708,1,707
35190146,375,27,348
35190147,2495,1,2494
35190148,373,0,373
35190149,496,0,496
35190150,359,0,359
35190151,435,4,431
35190152,491,4,487
35190153,1084,7,1077
35190154,907,2,905
35190155,546,0,546
35190157,784,5,779
35190158,951,4,947
35190159,373,2,371
35190160,534,2,532
35190161,669,8,661
35190162,1524,3,1521
35190163,509,2,507
35190164,625,8,617
35190165,400,1,399
35190166,593,5,588
35190167,640,1,639
35190168,641,1,640
35190170,447,0,447
35190175,3230,16,3214
35190176,781,0,781
35190177,394,3,391
35190178,488,0,488
35190179,467,2,465
35190180,886,1,885
35190181,550,7,543
35190182,1841,1,1840
35190183,751,7,744
35190184,1116,5,1111
35190186,1183,3,1180
35190187,305,2,303
35190188,767,0,767
35190189,653,0,653
35190192,5684,27,5657
35190195,588,0,588
35190196,759,1,758
35190197,438,0,438
35190199,437,0,437
35190200,496,0,496
35190202,538,8,530
35190205,325,0,325
35190207,1576,0,1576
35190208,931,0,931
35190209,358,0,358
35190210,752,3,749
35190211,1100,0,1100
35190212,824,0,824
35190213,495,0,495
35190214,655,1,654
35190215,305,1,304
35190216,441,0,441
35190217,388,0,388
35190218,947,3,944
35190219,273,0,273
35190220,588,8,580
35190221,575,3,572
35190222,891,1,890
35190223,397,1,396
35190224,603,3,600
35190225,434,4,430
35190226,278,1,277
35190227,524,1,523
35190228,523,0,523
35190229,460,1,459
35190230,843,0,843
35190235,535,0,535
35190236,2685,2,2683
35190237,235,1,234
35190238,350,2,348
35190239,605,4,601
35190240,428,0,428
35190241,532,0,532
35190242,523,1,522
35190243,760,1,759
35190244,297,0,297
35190245,334,0,334
35190246,341,0,341
35190247,618,1,617
35190248,572,2,570
35190252,867,0,867
35190253,363,2,361
35190254,535,0,535
35190255,362,0,362
35190256,648,1,647
35190257,2488,6,2482
35190258,325,0,325
35190259,1099,5,1094
35190260,1685,0,1685
35190261,2602,14,2588
35190262,626,0,626
35190263,3025,4,3021
35190264,717,1,716
35190265,478,0,478
35190266,914,1,913
35190267,284,0,284
35190268,235,1,234
35190269,243,0,243
35190270,977,2,975
35190271,369,0,369
35190272,545,1,544
35190273,589,2,587
35190274,638,0,638
35190275,473,0,473
35190276,639,0,639
35190277,475,0,475
35190278,422,0,422
35190279,645,4,641
35190280,740,4,736
35190281,411,0,411
35190282,6069,3,6066
35190283,1354,5,1349
35190284,372,0,372
35190285,501,0,501
35190286,845,0,845
35190287,286,1,285
35190288,1726,12,1714
35190289,826,0,826
35190290,1062,0,1062
35190291,789,1,788
35190292,287,0,287
35190293,499,1,498
35190294,552,0,552
35190295,351,0,351
35190296,919,0,919
35190297,1037,1,1036
35190300,469,0,469
35190301,831,4,827
35190302,425,7,418
35190303,436,6,430
35190304,784,3,781
35190305,644,1,643
35190306,566,0,566
35190307,1204,1,1203
35190308,1648,6,1642
35190309,453,0,453
35190310,296,0,296
35190311,875,3,872
35190312,1049,2,1047
35190313,322,8,314
35190316,505,2,503
35190317,468,0,468
35190318,875,1,874
35190320,1994,5,1989
35190326,476,0,476
35190327,264,0,264
35190328,212,1,211
35190329,1067,1,1066
35190332,1600,22,1578
35190334,879,12,867
35190336,538,0,538
35190337,1499,8,1491
35190338,1477,2,1475
35190339,371,0,371
35190340,484,0,484
35190341,966,0,966
35190342,1261,3,1258
35190343,223,0,223
35190344,745,0,745
35190345,562,1,561
35190346,511,2,509
35190347,531,1,530
35190348,354,0,354
35190349,346,1,345
35190350,481,0,481
35190351,234,0,234
35190352,918,2,916
35190353,740,0,740
35190354,375,0,375
35190355,503,0,503
35190356,725,1,724
35190357,499,0,499
35190358,558,0,558
35190359,359,0,359
35190360,706,4,702
35190364,783,3,780
35190365,269,0,269
35190366,2215,20,2195
35190367,404,8,396
35190370,345,5,340
35190371,555,0,555
35190372,533,0,533
35190373,506,1,505
35190374,2857,0,2857
35190375,485,0,485
35190376,1519,5,1514
35190377,616,1,615
35190378,556,0,556
35190379,621,3,618
35190380,556,0,556
35190381,270,27,243
35190382,756,0,756
35190383,302,2,300
35190384,483,9,474
35190385,1330,11,1319
35190389,702,6,696
35190390,916,1,915
35190391,386,5,381
35190392,592,5,587
35190393,769,3,766
35190394,319,2,317
35190395,470,0,470
35190396,568,0,568
35190397,1807,5,1802
35190398,374,0,374
35190401,256,3,253
35190403,405,5,400
35190404,339,0,339
35190405,718,1,717
35190406,479,3,476
35190407,474,0,474
35190408,539,5,534
35190409,565,2,563
35190410,977,0,977
35190411,292,0,292
35190412,332,0,332
35190413,637,4,633
35190414,579,0,579
35190415,1030,3,1027
35190416,312,0,312
35190417,463,0,463
35190418,442,0,442
35190419,288,0,288
35190420,1195,0,1195
35190421,321,0,321
35190422,325,2,323
35190423,882,0,882
35190424,600,1,599
35190425,552,0,552
35190426,761,1,760
35190427,414,0,414
35190428,1194,4,1190
35190429,385,0,385
35190430,492,3,489
35190431,398,1,397
35190432,548,3,545
35190433,6677,5,6672
35190434,2013,3,2010
35190435,324,0,324
35190436,348,0,348
35190437,265,0,265
35190438,412,0,412
35190439,507,1,506
35190440,426,2,424
35190441,402,0,402
35190442,468,1,467
35190443,1490,0,1490
35190444,1959,3,1956
35190445,938,2,936
35190446,424,0,424
35190447,419,0,419
35190448,1072,2,1070
35190453,730,6,724
35190454,324,0,324
35190455,793,1,792
35190457,399,4,395
35190458,921,0,921
35190459,1514,1,1513
35190460,354,0,354
35190463,1067,1,1066
35190464,502,1,501
35190465,395,0,395
35190466,1261,2,1259
35190467,902,5,897
35190468,341,0,341
35190469,438,1,437
35190470,617,3,614
35190471,553,3,550
35190472,371,0,371
35190473,698,1,697
35190474,526,0,526
35190475,909,4,905
35190476,523,1,522
35190477,482,1,481
35190480,271,0,271
35190481,274,0,274
35190482,282,2,280
35190483,377,0,377
35190484,1538,1,1537
35190485,295,0,295
35190486,1363,2,1361
35190487,599,0,599
35190488,607,2,605
35190489,434,0,434
35190490,495,1,494
35190491,312,0,312
35190492,832,10,822
35190493,1041,0,1041
35190494,373,4,369
35190495,1415,7,1408
35190496,405,4,401
35190497,451,4,447
35190498,525,5,520
35190499,415,1,414
35190500,638,3,635
35190501,539,0,539
35190502,303,0,303
35190503,572,14,558
35190504,777,3,774
35190505,547,14,533
35190506,742,2,740
35190507,711,3,708
35190508,1156,8,1148
35190511,951,0,951
35190512,538,0,538
35190513,581,0,581
35190514,325,0,325
35190515,2707,23,2684
35190516,831,0,831
35190517,1168,2,1166
35190518,1145,4,1141
35190519,272,25,247
35190520,662,0,662
35190521,981,2,979
35190522,656,1,655
35190525,452,0,452
35190526,438,0,438
35190527,626,1,625
35190528,477,1,476
35190529,622,0,622
35190530,485,0,485
35190531,560,7,553
35190532,466,1,465
35190533,501,0,501
35190534,459,6,453
35190537,720,2,718
35190538,384,0,384
35190539,227,0,227
35190540,931,4,927
35190541,256,0,256
35190542,391,0,391
35190543,304,3,301
35190544,506,0,506
35190545,430,0,430
35190546,432,0,432
35190547,591,2,589
35190548,553,1,552
35190549,499,0,499
35190550,865,1,864
35190551,563,1,562
35190552,294,0,294
35190553,692,0,692
35190554,842,2,840
35190558,1059,2,1057
35190559,547,0,547
35190561,661,0,661
35190562,400,0,400
35190563,606,0,606
35190564,723,0,723
35190565,892,1,891
35190566,447,0,447
35190567,314,0,314
35190568,340,0,340
35190569,374,0,374
35190570,437,0,437
35190571,690,1,689
35190572,751,1,750
35190573,385,0,385
35190575,514,0,514
35190576,405,1,404
35190577,577,0,577
35190578,592,0,592
35190581,470,0,470
35190583,367,1,366
35190584,437,0,437
35190585,1298,2,1296
35190586,570,1,569
35190587,791,0,791
35190588,514,0,514
35190589,493,0,493
35190590,885,0,885
35190591,733,1,732
35190592,591,0,591
35190593,244,0,244
35190594,357,1,356
35190595,569,0,569
35190596,582,0,582
35190598,1412,1,1411
35190599,717,0,717
35190600,867,0,867
35190601,253,0,253
35190602,338,0,338
35190603,302,0,302
35190604,612,1,611
35190605,597,0,597
35190606,283,0,283
35190607,1224,25,1199
35190608,316,0,316
35190609,1306,3,1303
35190610,402,0,402
35190611,663,2,661
35190612,583,2,581
35190613,351,0,351
35190614,610,2,608
35190615,482,0,482
35190616,810,0,810
35190617,571,1,570
35190619,377,1,376
35190620,1054,1,1053
35190621,1122,6,1116
35190622,598,1,597
35190623,613,3,610
35190624,469,0,469
35190625,534,4,530
35190626,789,0,789
35190627,752,1,751
35190628,675,0,675
35190629,551,0,551
35190630,8416,3,8413
35190631,998,1,997
35190632,1013,1,1012
35190633,1089,1,1088
35190634,525,1,524
35190635,354,2,352
35190636,6685,3,6682
35190637,395,1,394
35190639,332,3,329
35190640,1849,5,1844
35190641,1628,1,1627
35190642,903,3,900
35190643,933,2,931
35190644,412,2,410
35190645,299,2,297
35190646,1645,2,1643
35190647,232,2,230
35190648,1351,2,1349
35190649,450,0,450
35190650,1811,3,1808
35190651,494,0,494
35190652,432,0,432
35190654,788,3,785
35190656,884,1,883
35190657,721,2,719
35190658,987,3,984
35190659,1039,1,1038
35190660,288,0,288
35190661,401,2,399
35190663,337,0,337
35190664,362,0,362
35190665,556,1,555
35190666,917,2,915
35190667,640,0,640
35190668,607,1,606
35190669,582,1,581
35190670,544,0,544
35190671,1001,2,999
35190672,565,1,564
35190673,654,0,654
35190674,322,1,321
35190675,1694,0,1694
35190676,1831,4,1827
35190680,583,0,583
35190681,466,0,466
35190683,656,1,655
35190684,471,1,470
35190685,939,0,939
35190686,916,1,915
35190687,390,0,390
35190688,560,0,560
35190689,397,0,397
35190690,769,1,768
35190691,665,0,665
35190692,606,0,606
35190693,952,4,948
35190694,528,1,527
35190695,515,0,515
35190696,749,0,749
35190697,702,0,702
35190698,7020,11,7009
35190700,8406,5,8401
35190702,2164,1,2163
35190703,956,1,955
35190704,3840,3,3837
35190705,463,0,463
35190706,588,6,582
35190707,514,2,512
35190708,331,1,330
35190709,333,0,333
35190710,639,0,639
35190711,600,1,599
35190712,539,1,538
35190713,576,1,575
35190714,470,6,464
35190715,351,3,348
35190716,867,4,863
35190717,418,5,413
35190718,619,2,617
35190720,752,1,751
35190721,402,5,397
35190722,647,6,641
35190723,354,6,348
35190724,664,14,650
35190725,399,8,391
35190726,559,3,556
35190727,689,15,674
35190728,568,6,562
35190729,413,3,410
35190730,385,3,382
35190731,550,0,550
35190732,1061,6,1055
35190733,599,5,594
35190734,793,2,791
35190735,1074,3,1071
35190736,717,0,717
35190737,277,0,277
35190738,233,0,233
35190739,861,2,859
35190740,864,2,862
35190741,1056,1,1055
35190742,321,1,320
35190743,661,0,661
35190744,382,0,382
35190746,356,0,356
35190747,3007,4,3003
35190748,769,1,768
35190749,1381,4,1377
35190750,334,0,334
35190751,441,0,441
35190752,848,1,847
35190753,531,0,531
35190754,265,0,265
35190756,903,1,902
35190759,768,0,768
35190761,1015,0,1015
35190762,336,0,336
35190763,910,7,903
35190767,462,5,457
35190768,297,0,297
35190769,813,6,807
35190771,1407,4,1403
35190772,1933,2,1931
35190773,505,0,505
35190776,449,1,448
35190777,2837,4,2833
35190778,2594,2,2592
35190779,782,2,780
35190780,3388,17,3371
35190782,412,0,412
35190783,1771,5,1766
35190784,341,2,339
35190785,424,2,422
35190786,408,0,408
35190787,1748,14,1734
35190788,467,0,467
35190789,776,10,766
35190790,335,4,331
35190791,675,7,668
35190792,1089,10,1079
35190795,801,2,799
35190796,373,0,373
35190797,1146,1,1145
35190798,493,0,493
35190800,966,41,925
35190801,650,2,648
35190802,330,0,330
35190803,485,0,485
35190804,1133,0,1133
35190805,670,1,669
35190807,247,0,247
35190809,1047,0,1047
35190810,249,0,249
35190811,792,13,779
35190812,320,11,309
35190813,1195,0,1195
35190814,930,12,918
35190816,523,1,522
35190817,537,1,536
35190818,719,4,715
35190821,14205,8,14197
35190822,581,5,576
35190824,2199,2,2197
35190825,633,0,633
35190826,540,3,537
35190827,424,1,423
35190828,590,0,590
35190829,455,2,453
35190830,409,2,407
35190831,414,4,410
35190832,514,6,508
35190833,567,3,564
35190834,503,1,502
35190835,1176,2,1174
35190836,1791,4,1787
35190837,608,1,607
35190838,478,0,478
35190839,787,4,783
35190840,320,1,319
35190841,1212,3,1209
35190842,561,1,560
35190844,305,0,305
35190846,2115,3,2112
35190847,440,4,436
35190848,499,3,496
35190849,554,2,552
35190850,251,0,251
35190851,446,1,445
35190852,262,0,262
35190853,1883,9,1874
35190854,448,0,448
35190855,428,1,427
35190856,346,0,346
35190857,359,0,359
35190858,392,0,392
35190859,994,0,994
35190860,380,1,379
35190861,472,0,472
35190862,658,4,654
35190864,613,2,611
35190866,480,1,479
35190867,398,0,398
35190869,1417,15,1402
35190870,2003,10,1993
35190871,893,4,889
35190872,1801,0,1801
35190874,468,0,468
35190875,644,3,641
35190876,619,8,611
35190877,502,2,500
35190878,451,0,451
35190880,662,10,652
35190881,575,3,572
35190882,457,3,454
35190883,1025,6,1019
35190884,386,1,385
35190885,437,2,435
35190886,976,2,974
35190887,389,1,388
35190888,421,2,419
35190889,507,11,496
35190890,572,3,569
35190891,701,7,694
35190892,884,2,882
35190893,517,7,510
35190894,527,14,513
35190895,448,18,430
35190896,431,3,428
35190897,413,1,412
35190898,437,2,435
35190899,443,6,437
35190900,469,9,460
35190901,415,9,406
35190902,720,74,646
35190905,590,3,587
35190906,528,8,520
35190907,491,3,488
35190908,563,3,560
35190910,418,6,412
35190911,209,1,208
35190912,441,7,434
35190913,600,10,590
35190914,515,6,509
35190915,580,5,575
35190916,796,2,794
35190917,359,0,359
35190918,372,8,364
35190919,615,1,614
35190920,422,9,413
35190921,340,4,336
35190922,445,0,445
35190923,504,1,503
35190924,508,6,502
35190925,276,4,272
35190926,469,18,451
35190927,486,10,476
35190928,579,5,574
35190929,386,5,381
35190930,581,4,577
35190931,2271,5,2266
35190932,549,3,546
35190933,461,8,453
35190934,6655,2,6653
35190935,1233,11,1222
35190936,379,4,375
35190937,549,4,545
35190938,603,9,594
35190939,563,4,559
35190940,641,10,631
35190941,420,3,417
35190942,568,3,565
35190943,4095,95,4000
35190944,420,0,420
35190946,549,0,549
35190947,672,0,672
35190948,990,6,984
35190949,400,1,399
35190950,598,0,598
35190951,693,1,692
35190952,429,5,424
35190953,998,15,983
35190954,436,59,377
35190955,582,6,576
35190956,600,8,592
35190957,934,34,900
35190958,663,9,654
35190959,727,5,722
35190960,662,21,641
35190961,576,2,574
35190962,592,5,587
35190963,683,16,667
35190964,562,4,558
35190965,594,4,590
35190966,3183,3,3180
35190967,576,3,573
35190968,439,3,436
35190969,590,33,557
35190970,2580,8,2572
35190971,577,3,574
35190972,439,8,431
35190973,575,17,558
35190974,447,3,444
35190976,464,12,452
35190977,581,2,579
35190979,495,15,480
35190980,482,7,475
35190981,338,21,317
35190982,6135,2,6133
35190983,510,26,484
35190985,401,2,399
35190986,1023,4,1019
35190987,747,5,742
35190988,484,2,482
35190989,382,3,379
35190995,307,4,303
35190996,982,3,979
35190997,1076,14,1062
35190998,428,16,412
35190999,542,9,533
35191000,523,10,513
35191001,531,0,531
35191002,1902,0,1902
35191003,1148,5,1143
35191004,388,0,388
35191006,552,1,551
35191007,350,0,350
35191010,708,3,705
35191011,738,5,733
35191012,278,3,275
35191013,1187,3,1184
35191014,717,2,715
35191015,2080,4,2076
35191016,1743,31,1712
35191017,3873,22,3851
35191018,2422,4,2418
35191019,1819,13,1806
35191020,1715,3,1712
35191021,3927,18,3909
35191022,1459,5,1454
35191023,1089,1,1088
35191024,1458,3,1455
35191026,1189,5,1184
35191027,1328,6,1322
35191031,5308,40,5268
35191032,2819,8,2811
35191033,1098,1,1097
35191035,976,3,973
35191037,6572,3,6569
35191038,7529,13,7516
35191039,4049,7,4042
35191040,6947,3,6944
35191041,357,4,353
35191042,646,4,642
35191043,324,5,319
35191044,1603,2,1601
35191045,1191,1,1190
35191046,0,0,0
35191047,1414,0,1414
35191049,1214,46,1168
35191050,1246,99,1147
35191051,500,7,493
35191052,1173,2,1171
35191053,1055,10,1045
35191054,454,0,454
35191055,542,0,542
35191056,817,0,817
35191057,932,0,932
35191058,598,8,590
35191059,455,3,452
35191060,442,0,442
35191061,1034,3,1031
35191062,889,1,888
35191063,1151,1,1150
35191064,619,2,617
35191066,266,1,265
35191067,431,3,428
35191068,994,1,993
35191069,374,4,370
35191070,321,0,321
35191071,795,7,788
35191072,540,0,540
35191073,266,3,263
35191074,761,0,761
35191075,686,0,686
35191077,1487,4,1483
35191078,433,0,433
35191079,1177,1,1176
35191080,1456,3,1453
35191081,394,0,394
35191082,796,0,796
35191083,1310,3,1307
35191084,619,0,619
35191085,322,0,322
35191086,497,0,497
35191087,1087,1,1086
35191088,367,1,366
35191089,4604,15,4589
35191090,1493,9,1484
35191091,304,0,304
35191093,551,2,549
35191095,1327,30,1297
35191096,712,48,664
35191097,1175,3,1172
35191098,464,0,464
35191099,997,0,997
35191100,610,0,610
35191101,362,1,361
35191102,2030,6,2024
35191103,585,2,583
35191104,1196,2,1194
35191105,637,1,636
35191106,2884,5,2879
35191107,480,0,480
35191108,404,0,404
35191109,714,0,714
35191110,776,0,776
35191111,434,0,434
35191112,522,0,522
35191113,673,0,673
35191114,551,0,551
35191115,1002,0,1002
35191116,2799,9,2790
35191117,414,1,413
35191118,1601,8,1593
35191119,1378,12,1366
35191120,574,1,573
35191121,497,13,484
35191123,1249,16,1233
35191124,1150,4,1146
35191125,1114,4,1110
35191126,677,2,675
35191127,664,3,661
35191128,702,1,701
35191129,500,0,500
35191130,587,0,587
35191131,838,0,838
35191132,822,0,822
35191133,814,0,814
35191134,1022,1,1021
35191135,1739,4,1735
35191136,4980,8,4972
35191137,578,3,575
35191138,499,3,496
35191139,540,0,540
35191140,553,0,553
35191141,1108,3,1105
35191142,387,1,386
35191143,375,0,375
35191144,1687,2,1685
35191145,943,0,943
35191146,532,7,525
35191147,452,5,447
35191148,494,7,487
35191149,659,32,627
35191150,420,1,419
35191151,454,4,450
35191152,476,9,467
35191153,724,4,720
35191154,628,5,623
35191155,657,3,654
35191156,482,7,475
35191157,588,1,587
35191158,606,4,602
35191159,621,2,619
35191160,469,8,461
35191161,510,48,462
35191162,505,3,502
35191163,1308,5,1303
35191164,888,9,879
35191165,666,8,658
35191166,411,4,407
35191168,1218,0,1218
35191169,1999,9,1990
35191171,235,0,235
35191174,1939,1,1938
35191175,1667,0,1667
35191176,3136,3,3133
35191177,592,1,591
35191178,620,1,619
35191179,540,1,539
35191180,9398,11,9387
35191181,736,0,736
35191182,623,1,622
35191183,736,0,736
35191184,4122,9,4113
35191185,1529,3,1526
35191186,657,0,657
35191187,693,0,693
35191188,726,1,725
35191189,657,1,656
35191190,1467,4,1463
35191191,656,2,654
35191192,4441,5,4436
35191193,1153,1,1152
35191194,564,1,563
35191195,631,0,631
35191196,692,1,691
35191197,647,0,647
35191198,1841,4,1837
35191199,1487,1,1486
35191200,6195,4,6191
35191201,716,0,716
35191202,626,0,626
35191203,579,0,579
35191204,2855,2,2853
35191205,446,0,446
35191206,537,3,534
35191207,509,6,503
35191208,427,1,426
35191209,320,2,318
35191211,9261,12,9249
35191212,2798,1,2797
35191213,1188,0,1188
35191214,517,0,517
35191215,479,0,479
35191216,638,0,638
35191217,535,0,535
35191218,818,1,817
35191219,1189,3,1186
35191220,678,1,677
35191221,486,2,484
35191222,393,1,392
35191223,421,1,420
35191225,375,1,374
35191226,435,1,434
35191227,450,1,449
35191228,660,2,658
35191229,431,0,431
35191230,428,2,426
35191231,469,3,466
35191232,393,0,393
35191233,418,1,417
35191234,533,1,532
35191235,2534,5,2529
35191237,382,0,382
35191239,771,1,770
35191240,915,2,913
35191241,911,1,910
35191242,752,0,752
35191243,921,3,918
35191246,924,1,923
35191250,776,1,775
35191252,617,0,617
35191253,670,0,670
35191254,1126,0,1126
35191255,1200,2,1198
35191256,700,1,699
35191257,1397,6,1391
35191258,665,0,665
35191259,580,0,580
35191260,492,0,492
35191261,758,2,756
35191262,696,0,696
35191263,586,3,583
35191264,510,0,510
35191266,446,3,443
35191267,2276,5,2271
35191268,276,0,276
35191269,234,0,234
35191270,917,0,917
35191271,1095,6,1089
35191272,938,1,937
35191273,1210,2,1208
35191275,397,0,397
35191276,1761,1,1760
35191279,1721,1,1720
35191280,8037,4,8033
35191281,10142,26,10116
35191282,5956,2,5954
35191283,294,1,293
35191284,244,9,235
35191285,559,13,546
35191286,512,3,509
35191287,6098,29,6069
35191288,8510,3,8507
35191289,11580,67,11513
35191290,9750,14,9736
35191292,10383,67,10316
35191293,5062,9,5053
35191294,2175,2,2173
35191295,10646,10,10636
35191296,2528,8,2520
35191297,5203,5,5198
35191298,3547,2,3545
35191299,5384,54,5330
35191300,4976,39,4937
35191301,540,5,535
35191302,7697,5,7692
35191303,3785,1,3784
35191304,10571,9,10562
35191305,1652,12,1640
35191307,6258,79,6179
35191308,11815,58,11757
35191309,1954,1,1953
35191310,3656,1,3655
35191311,2695,3,2692
35191312,1591,4,1587
35191313,1062,0,1062
35191314,1716,1,1715
35191315,1076,5,1071
35191316,1039,0,1039
35191317,642,4,638
35191318,534,6,528
35191319,1092,1,1091
35191320,780,2,778
35191321,930,2,928
35191322,1725,21,1704
35191323,949,3,946
35191324,992,0,992
35191325,1263,1,1262
35191326,1007,1,1006
35191328,3,3,0
35191329,6811,3,6808
35191330,550,0,550
35191331,571,0,571
35191332,403,0,403
35191333,1100,0,1100
35191334,307,0,307
35191339,6051,6,6045
35191340,3525,1,3524
35191341,1271,1,1270
35191343,797,1,796
35191344,752,2,750
35191346,826,4,822
35191347,109,0,109
35191348,400,0,400
35191349,180,0,180
35191350,1333,1,1332
35191351,1477,2,1475
35191352,2350,4,2346
35191353,99,1,98
35191354,220,0,220
35191355,1870,18,1852
35191356,6553,23,6530
35191357,4151,1,4150
35191358,893,0,893
35191359,5027,9,5018
35191360,61,0,61
35191361,1309,3,1306
35191362,204,6,198
35191363,7511,1,7510
35191364,3290,0,3290
35191365,2897,2,2895
35200002,390,2,388
35200003,347,3,344
35200004,399,3,396
35200005,445,3,442
35200006,570,4,566
35200007,671,1,670
35200009,308,2,306
35200010,287,1,286
35200012,545,1,544
35200013,79,41,38
35200018,519,67,452
35200028,1192,4,1188
35200029,411,0,411
35200030,524,0,524
35200031,1211,0,1211
35200032,705,15,690
35200033,512,1,511
35200034,835,0,835
35200035,722,3,719
35200036,295,0,295
35200037,1357,10,1347
35200039,313,5,308
35200041,932,1,931
35200042,650,0,650
35200043,592,0,592
35200044,256,0,256
35200046,829,0,829
35200047,1058,3,1055
35200048,1081,1,1080
35200049,870,1,869
35200050,1104,3,1101
35200051,507,0,507
35200052,415,1,414
35200053,335,0,335
35200054,393,1,392
35200055,502,7,495
35200056,305,0,305
35200057,279,1,278
35200058,307,2,305
35200062,791,1,790
35200064,707,0,707
35200065,428,0,428
35200066,499,0,499
35200067,659,1,658
35200068,495,0,495
35200069,724,0,724
35200070,555,0,555
35200071,438,0,438
35200072,366,0,366
35200073,376,0,376
35200074,396,0,396
35200078,809,1,808
35200079,1343,2,1341
35200080,512,0,512
35200082,364,0,364
35200085,371,0,371
35200086,548,0,548
35200087,669,1,668
35200088,508,0,508
35200089,628,3,625
35200090,615,3,612
35200091,556,0,556
35200092,823,0,823
35200093,643,0,643
35200094,550,0,550
35200095,580,0,580
35200096,233,0,233
35200097,280,0,280
35200099,276,0,276
35200100,389,0,389
35200101,1193,5,1188
35200102,927,1,926
35200103,290,0,290
35200104,1127,1,1126
35200105,1358,4,1354
35200106,1479,7,1472
35200107,234,0,234
35200108,537,0,537
35200109,549,0,549
35200110,649,1,648
35200111,538,0,538
35200112,1032,1,1031
35200114,1157,3,1154
35200115,901,0,901
35200116,574,0,574
35200117,947,0,947
35200118,624,0,624
35200119,323,1,322
35200120,812,0,812
35200121,532,0,532
35200123,1069,3,1066
35200124,904,0,904
35200125,689,0,689
35200126,528,0,528
35200127,879,2,877
35200128,754,1,753
35200133,1211,5,1206
35200134,767,0,767
35200135,517,0,517
35200136,489,0,489
35200137,643,0,643
35200138,281,0,281
35200139,390,0,390
35200140,393,1,392
35200141,592,0,592
35200142,439,0,439
35200143,834,1,833
35200144,626,0,626
35200145,571,0,571
35200146,554,0,554
35200147,496,0,496
35200148,419,0,419
35200149,405,0,405
35200150,1492,4,1488
35200161,717,0,717
35200162,749,1,748
35200163,725,0,725
35200164,243,0,243
35200165,547,1,546
35200166,909,0,909
35200167,1404,1,1403
35200173,405,2,403
35200174,661,0,661
35200175,699,1,698
35200176,432,0,432
35200177,454,1,453
35200178,580,0,580
35200179,679,209,470
35200180,628,0,628
35200181,360,2,358
35200182,429,3,426
35200183,550,4,546
35200186,673,35,638
35200187,481,6,475
35200188,931,0,931
35200189,494,0,494
35200190,401,0,401
35200193,418,4,414
35200196,553,4,549
35200197,424,0,424
35200198,479,0,479
35200199,753,0,753
35200200,537,0,537
35200201,597,2,595
35200202,604,0,604
35200203,624,2,622
35200204,690,0,690
35200205,516,0,516
35200206,515,0,515
35200207,241,0,241
35200208,467,0,467
35200209,445,0,445
35200210,566,2,564
35200211,463,0,463
35200212,416,1,415
35200213,597,0,597
35200214,663,0,663
35200215,421,0,421
35200216,731,1,730
35200217,414,0,414
35200218,655,1,654
35200219,507,0,507
35200220,450,1,449
35200221,4679,17,4662
35200222,880,0,880
35200223,439,0,439
35200224,824,0,824
35200232,695,1,694
35200233,413,0,413
35200234,477,0,477
35200235,414,2,412
35200236,397,1,396
35200237,379,1,378
35200238,367,2,365
35200239,324,0,324
35200242,446,2,444
35200243,429,0,429
35200244,410,0,410
35200245,783,2,781
35200246,425,0,425
35200249,522,0,522
35200250,450,2,448
35200251,280,1,279
35200252,557,1,556
35200253,709,2,707
35200254,845,0,845
35200255,566,0,566
35200256,674,10,664
35200260,470,4,466
35200261,579,5,574
35200262,564,5,559
35200263,370,4,366
35200264,529,5,524
35200265,510,4,506
35200266,623,4,619
35200267,1215,16,1199
35200268,593,4,589
35200269,742,1,741
35200271,1891,1,1890
35200272,2422,12,2410
35200273,3536,30,3506
35200275,437,0,437
35200278,389,0,389
35200279,571,0,571
35200280,1021,2,1019
35200281,567,0,567
35200284,974,1,973
35200288,457,5,452
35200289,659,2,657
35200290,564,0,564
35200291,621,0,621
35200292,1049,2,1047
35200293,2098,2,2096
35200294,501,1,500
35200297,422,0,422
35200298,1164,6,1158
35200300,1293,2,1291
35200301,412,0,412
35200302,964,0,964
35200303,268,0,268
35200304,719,0,719
35200305,664,0,664
35200306,669,0,669
35200307,310,0,310
35200308,597,0,597
35200309,693,7,686
35200310,641,1,640
35200313,0,0,0
35200315,1050,2,1048
35200316,1626,3,1623
35200317,512,0,512
35200318,427,0,427
35200319,525,1,524
35200320,981,1,980
35200321,760,0,760
35200322,383,1,382
35200323,1234,3,1231
35200324,910,1,909
35200325,337,0,337
35200326,634,0,634
35200327,320,0,320
35200328,397,0,397
35200329,388,2,386
35200330,462,2,460
35200331,423,1,422
35200332,520,6,514
35200333,454,2,452
35200334,502,0,502
35200335,513,0,513
35200336,507,0,507
35200337,519,0,519
35200338,504,0,504
35200339,719,1,718
35200352,1459,2,1457
35200355,550,0,550
35200357,536,0,536
35200358,595,2,593
35200359,518,0,518
35200360,500,0,500
35200361,419,2,417
35200362,585,1,584
35200363,816,0,816
35200364,1747,8,1739
35200366,719,0,719
35200368,349,0,349
35200370,485,0,485
35200371,574,1,573
35200372,385,1,384
35200373,335,1,334
35200374,599,5,594
35200375,334,2,332
35200376,658,0,658
35200377,722,1,721
35200378,314,0,314
35200379,575,0,575
35200380,613,0,613
35200381,1132,4,1128
35200382,957,3,954
35200383,587,1,586
35200384,538,1,537
35200385,336,1,335
35200386,821,1,820
35200387,443,0,443
35200388,776,0,776
35200389,874,1,873
35200391,443,2,441
35200392,371,1,370
35200393,977,65,912
35200394,593,7,586
35200395,490,0,490
35200396,501,1,500
35200397,1022,1,1021
35200400,326,4,322
35200401,455,1,454
35200402,517,2,515
35200404,495,0,495
35200405,498,2,496
35200406,391,3,388
35200407,420,3,417
35200408,546,5,541
35200409,345,3,342
35200410,1094,2,1092
35200411,803,55,748
35200412,1805,8,1797
35200413,920,3,917
35200414,1248,8,1240
35200415,525,3,522
35200416,492,0,492
35200417,1175,35,1140
35200418,1123,6,1117
35200420,832,0,832
35200421,349,1,348
35200422,560,7,553
35200423,617,3,614
35200426,489,5,484
35200427,545,5,540
35200428,510,10,500
35200429,568,8,560
35200430,656,3,653
35200431,655,2,653
35200432,402,1,401
35200433,448,1,447
35200434,491,0,491
35200435,431,0,431
35200436,667,34,633
35200437,424,0,424
35200438,591,1,590
35200439,394,0,394
35200440,505,2,503
35200442,555,8,547
35200443,551,3,548
35200444,354,1,353
35200445,394,1,393
35200449,512,17,495
35200450,451,2,449
35200451,371,4,367
35200452,658,1,657
35200453,707,0,707
35200454,776,0,776
35200455,430,1,429
35200456,889,4,885
35200459,359,15,344
35200460,561,8,553
35200463,585,14,571
35200464,704,11,693
35200465,703,6,697
35200466,528,8,520
35200467,621,1,620
35200468,586,0,586
35200469,519,5,514
35200470,614,9,605
35200471,1500,21,1479
35200472,682,28,654
35200475,638,5,633
35200478,507,10,497
35200479,541,10,531
35200480,400,10,390
35200481,405,9,396
35200482,434,10,424
35200483,485,1,484
35200484,802,0,802
35200488,420,8,412
35200489,375,1,374
35200490,380,0,380
35200491,499,3,496
35200492,297,1,296
35200493,345,3,342
35200494,411,1,410
35200495,516,1,515
35200497,1016,19,997
35200498,547,3,544
35200499,995,5,990
35200505,473,82,391
35200506,413,14,399
35200510,454,15,439
35200511,473,25,448
35200512,413,2,411
35200513,423,20,403
35200514,485,17,468
35200515,514,16,498
35200516,486,18,468
35200517,561,15,546
35200518,532,1,531
35200519,419,10,409
35200520,595,5,590
35200521,621,7,614
35200522,586,7,579
35200523,590,4,586
35200524,539,4,535
35200525,435,7,428
35200529,669,25,644
35200531,728,0,728
35200532,470,0,470
35200533,280,2,278
35200534,531,2,529
35200535,480,7,473
35200536,1065,57,1008
35200538,2376,28,2348
35200539,1057,0,1057
35200540,551,0,551
35200541,1265,0,1265
35200542,538,0,538
35200545,8,1,7
35200561,854,5,849
35200562,557,1,556
35200563,510,2,508
35200564,626,0,626
35200565,531,7,524
35200566,563,2,561
35200567,598,9,589
35200568,507,5,502
35200569,607,15,592
35200570,486,3,483
35200571,597,7,590
35200572,593,3,590
35200573,556,5,551
35200574,449,8,441
35200575,602,4,598
35200576,683,8,675
35200577,606,11,595
35200578,372,0,372
35200579,782,1,781
35200580,540,0,540
35200581,412,0,412
35200582,859,1,858
35200583,858,52,806
35200584,539,5,534
35200585,451,6,445
35200586,610,10,600
35200587,733,17,716
35200588,804,1,803
35200589,682,1,681
35200590,530,0,530
35200591,626,3,623
35200593,795,0,795
35200594,541,1,540
35200595,484,1,483
35200596,706,2,704
35200597,377,1,376
35200598,443,16,427
35200599,566,9,557
35200600,446,0,446
35200601,445,3,442
35200602,469,17,452
35200603,735,18,717
35200604,594,21,573
35200605,750,69,681
35200606,453,20,433
35200610,324,3,321
35200611,547,3,544
35200612,646,13,633
35200639,2069,5,2064
35200640,608,6,602
35200641,1092,4,1088
35200642,457,3,454
35200643,542,15,527
35200644,511,5,506
35200645,507,6,501
35200646,463,7,456
35200647,508,4,504
35200648,550,22,528
35200649,557,7,550
35200650,794,6,788
35200651,765,4,761
35200652,647,3,644
35200653,456,2,454
35200654,2125,105,2020
35200655,551,3,548
35200656,440,4,436
35200657,776,71,705
35200658,666,4,662
35200659,511,4,507
35200660,794,3,791
35200661,707,66,641
35200662,737,33,704
35200663,318,3,315
35200664,779,37,742
35200665,889,5,884
35200666,791,12,779
35200667,506,5,501
35200668,349,13,336
35200669,417,4,413
35200670,558,13,545
35200671,439,15,424
35200672,320,12,308
35200673,611,18,593
35200674,1005,6,999
35200675,625,1,624
35200676,678,3,675
35200677,550,9,541
35200678,732,13,719
35200679,591,1,590
35200680,905,34,871
35200681,602,4,598
35200682,454,5,449
35200683,842,51,791
35200686,1088,16,1072
35200687,511,10,501
35200688,490,7,483
35200689,398,9,389
35200690,440,9,431
35200691,303,4,299
35200692,341,7,334
35200693,508,0,508
35200694,624,6,618
35200695,649,0,649
35200696,345,1,344
35200697,559,36,523
35200698,306,8,298
35200699,434,5,429
35200700,311,2,309
35200701,517,2,515
35200702,606,6,600
35200703,662,3,659
35200704,536,7,529
35200705,1010,3,1007
35200706,455,1,454
35200707,408,13,395
35200708,521,3,518
35200709,558,0,558
35200710,508,0,508
35200711,478,8,470
35200712,766,35,731
35200713,466,7,459
35200714,426,1,425
35200715,437,1,436
35200716,372,6,366
35200717,481,6,475
35200718,1493,33,1460
35200719,1021,5,1016
35200720,635,5,630
35200724,654,10,644
35200725,683,10,673
35200726,443,5,438
35200727,548,4,544
35200728,1118,10,1108
35200729,395,4,391
35200730,367,9,358
35200731,483,9,474
35200732,647,6,641
35200733,582,11,571
35200734,397,4,393
35200735,477,1,476
35200736,401,8,393
35200737,438,9,429
35200738,490,14,476
35200739,640,12,628
35200740,551,14,537
35200741,664,9,655
35200744,947,9,938
35200745,671,4,667
35200746,1058,0,1058
35200747,539,19,520
35200748,611,4,607
35200749,493,3,490
35200750,487,9,478
35200751,577,8,569
35200752,439,2,437
35200753,665,0,665
35200754,703,1,702
35200755,460,0,460
35200756,895,26,869
35200757,798,52,746
35200768,362,9,353
35200769,426,5,421
35200770,495,6,489
35200771,989,4,985
35200772,960,0,960
35200774,341,2,339
35200782,2328,36,2292
35200783,556,27,529
35200791,468,0,468
35200792,755,8,747
35200794,543,0,543
35200795,443,0,443
35200796,495,12,483
35200797,462,0,462
35200798,445,0,445
35200801,2001,1,2000
35200802,721,0,721
35200803,567,1,566
35200804,200,0,200
35200805,1907,5,1902
35200806,545,21,524
35200807,200,0,200
35200808,440,4,436
35200809,246,3,243
35200810,632,464,168
35200811,1036,6,1030
35200812,508,14,494
35200813,358,8,350
35200814,1173,11,1162
35200815,577,9,568
35200821,611,0,611
35200822,955,1,954
35200826,1162,18,1144
35200827,437,6,431
35200828,587,1,586
35200829,0,0,0
35200830,1321,2,1319
35200831,621,5,616
35200832,695,5,690
35200833,836,3,833
35200855,3049,24,3025
35200859,373,3,370
35200860,814,7,807
35200861,586,2,584
35200862,422,1,421
35200863,429,3,426
35200864,417,4,413
35200865,868,2,866
35200866,363,1,362
35200867,912,1,911
35200868,528,2,526
35200869,665,0,665
35200870,2193,29,2164
35200876,445,7,438
35200877,436,15,421
35200878,702,7,695
35200879,499,2,497
35200880,522,4,518
35200881,443,1,442
35200882,369,2,367
35200883,492,1,491
35200884,563,0,563
35200885,558,2,556
35200886,868,4,864
35200887,620,0,620
35200888,732,0,732
35200889,523,3,520
35200890,599,1,598
35200891,444,0,444
35200892,658,4,654
35200893,296,4,292
35200894,672,1,671
35200895,568,14,554
35200896,458,4,454
35200897,622,5,617
35200898,464,16,448
35200899,437,4,433
35200900,499,5,494
35200901,386,7,379
35200902,791,9,782
35200903,384,5,379
35200905,388,0,388
35200906,937,2,935
35200907,433,1,432
35200908,503,0,503
35200909,581,1,580
35200910,619,0,619
35200911,391,7,384
35200912,396,4,392
35200913,690,4,686
35200914,603,2,601
35200915,769,1,768
35200916,595,6,589
35200917,388,3,385
35200918,259,5,254
35200919,407,6,401
35200920,687,15,672
35200921,576,10,566
35200922,561,0,561
35200923,365,2,363
35200924,348,1,347
35200925,397,2,395
35200926,396,2,394
35200927,405,7,398
35200928,398,1,397
35200929,389,0,389
35200930,470,1,469
35200931,383,0,383
35200932,337,0,337
35200933,389,1,388
35200934,616,21,595
35200935,395,20,375
35200936,329,21,308
35200937,433,21,412
35200938,340,18,322
35200939,437,21,416
35200940,313,10,303
35200941,390,10,380
35200942,520,1,519
35200943,254,0,254
35200944,482,2,480
35200945,538,10,528
35200946,495,10,485
35200949,610,11,599
35200950,531,6,525
35200951,652,11,641
35200952,1627,9,1618
35200953,248,10,238
35200954,408,8,400
35200955,1446,19,1427
35200956,423,6,417
35200957,1281,13,1268
35200958,836,12,824
35200959,769,5,764
35200960,413,6,407
35200961,448,6,442
35200962,557,8,549
35200963,456,3,453
35200965,418,15,403
35200966,441,15,426
35200967,630,16,614
35200968,825,16,809
35200969,541,33,508
35200974,834,4,830
35200975,467,4,463
35200976,903,7,896
35200977,533,0,533
35200979,563,0,563
35200981,479,24,455
35200983,371,1,370
35200985,449,1,448
35200986,541,8,533
35200987,576,3,573
35200988,669,12,657
35200989,689,11,678
35200990,559,11,548
35200991,464,4,460
35200992,419,5,414
35200993,292,0,292
35200994,540,8,532
35200995,326,2,324
35200996,308,2,306
35200997,740,29,711
35200998,450,4,446
35200999,589,4,585
35201000,757,7,750
35201001,613,18,595
35201002,664,16,648
35201003,628,22,606
35201004,426,0,426
35201005,585,1,584
35201006,510,5,505
35201007,387,4,383
35201008,415,4,411
35201009,449,4,445
35201010,780,4,776
35201011,333,2,331
35201012,426,3,423
35201013,358,0,358
35201014,655,4,651
35201015,749,6,743
35201016,584,1,583
35201017,425,0,425
35201018,448,6,442
35201019,507,6,501
35201020,550,9,541
35201023,706,2,704
35201024,610,2,608
35201025,595,1,594
35201026,459,0,459
35201027,743,0,743
35201028,529,0,529
35201029,958,23,935
35201030,491,0,491
35201031,829,0,829
35201032,605,1,604
35201033,615,63,552
35201034,205,1,204
35201035,653,2,651
35201036,526,1,525
35201038,685,0,685
35201039,1458,9,1449
35201040,528,3,525
35201041,856,0,856
35201044,639,19,620
35201045,430,0,430
35201046,555,0,555
35201047,524,0,524
35201048,592,4,588
35201049,817,24,793
35201050,336,6,330
35201051,710,3,707
35201052,424,0,424
35201053,503,0,503
35201054,671,0,671
35201055,623,0,623
35201056,532,3,529
35201057,694,21,673
35201058,533,4,529
35201059,517,5,512
35201060,396,7,389
35201061,545,3,542
35201062,297,3,294
35201063,981,22,959
35201064,684,3,681
35201065,630,5,625
35201066,661,10,651
35201067,435,4,431
35201068,676,2,674
35201069,498,4,494
35201070,399,7,392
35201071,378,7,371
35201072,627,1,626
35201073,703,6,697
35201076,606,2,604
35201077,478,8,470
35201078,923,7,916
35201079,560,2,558
35201080,484,1,483
35201081,348,3,345
35201104,357,0,357
35201105,447,1,446
35201106,585,8,577
35201107,893,9,884
35201109,657,8,649
35201110,881,9,872
35201111,573,4,569
35201112,500,0,500
35201113,529,3,526
35201114,565,42,523
35201122,296,2,294
35201123,374,2,372
35201124,466,2,464
35201125,449,0,449
35201126,365,2,363
35201127,612,6,606
35201128,436,1,435
35201129,619,2,617
35201130,397,0,397
35201131,716,5,711
35201132,775,0,775
35201133,567,0,567
35201134,559,0,559
35201139,717,2,715
35201140,476,0,476
35201141,583,2,581
35201142,548,0,548
35201143,591,0,591
35201144,300,3,297
35201145,675,1,674
35201146,365,3,362
35201147,441,0,441
35201148,465,0,465
35201149,341,0,341
35201150,386,6,380
35201151,354,0,354
35201152,419,7,412
35201153,531,9,522
35201154,585,15,570
35201155,445,8,437
35201156,503,0,503
35201157,384,0,384
35201158,921,4,917
35201159,785,3,782
35201160,417,5,412
35201161,279,5,274
35201162,681,3,678
35201163,243,3,240
35201164,446,6,440
35201165,635,6,629
35201166,456,7,449
35201167,897,12,885
35201168,509,6,503
35201169,447,5,442
35201170,556,6,550
35201171,418,5,413
35201172,545,3,542
35201173,406,3,403
35201174,499,0,499
35201175,542,0,542
35201176,439,0,439
35201177,492,0,492
35201178,468,0,468
35201179,515,0,515
35201180,550,0,550
35201181,477,0,477
35201182,749,0,749
35201185,578,0,578
35201186,680,4,676
35201187,354,0,354
35201188,674,0,674
35201191,355,1,354
35201192,442,1,441
35201193,518,1,517
35201194,364,2,362
35201195,426,2,424
35201196,975,9,966
35201197,346,0,346
35201198,1243,2,1241
35201199,589,1,588
35201200,629,0,629
35201201,498,0,498
35201202,442,1,441
35201203,948,1,947
35201204,506,2,504
35201205,671,0,671
35201206,665,2,663
35201209,281,24,257
35201210,287,1,286
35201211,486,2,484
35201212,535,4,531
35201213,436,1,435
35201214,260,0,260
35201215,696,6,690
35201216,582,0,582
35201217,713,0,713
35201219,1027,7,1020
35201222,381,1,380
35201228,389,1,388
35201240,358,0,358
35201241,658,0,658
35201242,718,1,717
35201243,416,0,416
35201244,274,1,273
35201249,560,3,557
35201250,869,15,854
35201251,1008,22,986
35201252,360,1,359
35201253,535,1,534
35201254,509,1,508
35201255,405,3,402
35201256,421,7,414
35201257,318,8,310
35201259,481,6,475
35201263,396,9,387
35201264,842,3,839
35201267,515,2,513
35201278,550,9,541
35201279,520,9,511
35201280,524,10,514
35201281,515,1,514
35201282,569,10,559
35201283,441,10,431
35201284,382,11,371
35201285,431,8,423
35201286,205,11,194
35201287,416,9,407
35201288,612,9,603
35201289,375,13,362
35201290,396,7,389
35201291,719,10,709
35201292,590,2,588
35201293,527,2,525
35201294,548,10,538
35201295,619,0,619
35201297,959,3,956
35201298,1017,8,1009
35201312,1181,14,1167
35201313,479,0,479
35201314,543,0,543
35201315,614,0,614
35201316,642,7,635
35201317,468,0,468
35201318,525,0,525
35201319,560,1,559
35201320,740,4,736
35201321,572,0,572
35201322,635,1,634
35201323,445,17,428
35201324,382,18,364
35201325,411,16,395
35201326,709,23,686
35201327,620,19,601
35201328,329,16,313
35201329,393,0,393
35201331,436,3,433
35201332,664,53,611
35201333,348,0,348
35201334,1051,12,1039
35201337,629,2,627
35201338,535,80,455
35201339,401,12,389
35201347,573,13,560
35201348,581,10,571
35201349,514,12,502
35201350,753,22,731
35201351,480,1,479
35201352,447,0,447
35201353,438,0,438
35201354,469,0,469
35201355,486,0,486
35201356,400,1,399
35201357,1071,7,1064
35201358,831,2,829
35201359,430,1,429
35201360,693,1,692
35201361,751,11,740
35201362,2033,8,2025
35201363,413,8,405
35201364,522,8,514
35201365,856,8,848
35201368,364,5,359
35201369,699,22,677
35201370,410,1,409
35201371,426,23,403
35201372,470,0,470
35201373,398,0,398
35201374,674,15,659
35201375,658,12,646
35201376,771,8,763
35201377,359,8,351
35201378,512,7,505
35201379,547,5,542
35201380,523,5,518
35201381,435,0,435
35201383,459,14,445
35201384,409,10,399
35201387,681,2,679
35201388,671,0,671
35201389,1081,15,1066
35201390,576,1,575
35201391,354,10,344
35201393,583,2,581
35201394,574,4,570
35201395,526,2,524
35201396,1354,1,1353
35201397,535,7,528
35201398,464,3,461
35201399,487,0,487
35201400,314,5,309
35201401,1917,32,1885
35201402,518,23,495
35201403,280,6,274
35201404,433,25,408
35201405,385,0,385
35201406,586,0,586
35201407,767,15,752
35201408,533,15,518
35201409,430,10,420
35201410,422,21,401
35201411,558,26,532
35201412,354,2,352
35201413,497,4,493
35201414,502,2,500
35201415,428,5,423
35201416,353,1,352
35201417,364,4,360
35201418,457,2,455
35201419,418,6,412
35201420,469,7,462
35201421,354,0,354
35201422,622,1,621
35201423,366,0,366
35201426,453,3,450
35201427,522,6,516
35201428,699,5,694
35201429,562,0,562
35201430,452,2,450
35201431,374,0,374
35201432,584,0,584
35201433,716,1,715
35201434,565,3,562
35201435,428,3,425
35201436,575,17,558
35201437,545,4,541
35201438,572,0,572
35201439,521,4,517
35201440,548,6,542
35201441,443,2,441
35201442,809,8,801
35201443,407,0,407
35201444,436,0,436
35201445,402,2,400
35201446,255,1,254
35201447,354,2,352
35201448,525,5,520
35201449,415,0,415
35201450,639,6,633
35201451,392,3,389
35201452,1149,10,1139
35201453,4167,18,4149
35201459,383,0,383
35201460,667,1,666
35201461,0,0,0
35201463,1263,131,1132
35201464,806,3,803
35201466,1001,3,998
35201467,653,0,653
35201468,298,0,298
35201469,2521,4,2517
35201471,776,5,771
35201477,454,1,453
35201478,446,3,443
35201479,451,2,449
35201480,452,4,448
35201481,433,3,430
35201482,584,10,574
35201483,531,2,529
35201485,589,7,582
35201486,461,2,459
35201487,833,9,824
35201488,666,12,654
35201489,493,9,484
35201490,512,8,504
35201491,566,7,559
35201492,523,2,521
35201493,708,0,708
35201494,717,2,715
35201495,857,0,857
35201496,1551,3,1548
35201497,539,3,536
35201498,468,0,468
35201499,471,0,471
35201500,618,2,616
35201501,643,1,642
35201502,671,0,671
35201503,594,0,594
35201504,514,9,505
35201505,580,0,580
35201506,714,0,714
35201507,834,2,832
35201508,915,1,914
35201509,576,0,576
35201510,539,2,537
35201511,640,1,639
35201512,641,2,639
35201513,648,5,643
35201514,770,1,769
35201515,648,0,648
35201516,693,1,692
35201517,551,3,548
35201518,517,1,516
35201519,1171,5,1166
35201520,655,6,649
35201521,627,1,626
35201522,499,1,498
35201523,413,6,407
35201524,533,1,532
35201525,498,3,495
35201526,1756,1,1755
35201532,498,3,495
35201541,669,2,667
35201542,559,0,559
35201543,539,2,537
35201544,500,0,500
35201545,626,0,626
35201547,674,10,664
35201548,466,2,464
35201552,567,0,567
35201553,603,3,600
35201554,588,2,586
35201555,646,12,634
35201556,700,1,699
35201557,494,1,493
35201558,639,1,638
35201559,625,11,614
35201560,460,1,459
35201563,371,17,354
35201564,448,7,441
35201565,498,14,484
35201566,466,13,453
35201567,554,14,540
35201568,566,12,554
35201569,473,10,463
35201570,384,22,362
35201571,492,12,480
35201572,497,15,482
35201573,1270,31,1239
35201574,477,7,470
35201575,719,19,700
35201576,530,6,524
35201577,462,2,460
35201578,418,6,412
35201579,1137,16,1121
35201580,370,6,364
35201581,774,9,765
35201582,374,4,370
35201583,787,6,781
35201584,520,27,493
35201585,510,5,505
35201586,453,5,448
35201587,539,9,530
35201588,682,8,674
35201589,740,12,728
35201590,628,12,616
35201591,649,5,644
35201592,408,6,402
35201593,372,5,367
35201594,454,6,448
35201595,540,7,533
35201596,767,9,758
35201597,646,12,634
35201598,396,7,389
35201599,577,51,526
35201600,581,6,575
35201601,792,2,790
35201602,399,1,398
35201603,488,5,483
35201604,541,6,535
35201605,397,2,395
35201607,895,5,890
35201608,472,4,468
35201609,369,4,365
35201610,1307,5,1302
35201611,471,1,470
35201612,404,5,399
35201613,419,4,415
35201614,746,6,740
35201615,502,3,499
35201616,569,4,565
35201617,1067,3,1064
35201620,846,0,846
35201621,313,0,313
35201622,484,1,483
35201623,1427,6,1421
35201624,455,0,455
35201625,606,0,606
35201626,346,0,346
35201627,395,0,395
35201629,339,6,333
35201630,460,4,456
35201631,772,11,761
35201632,346,2,344
35201634,373,0,373
35201635,440,13,427
35201636,416,8,408
35201641,1991,47,1944
35201647,638,3,635
35201648,560,0,560
35201649,544,2,542
35201650,425,3,422
35201652,578,3,575
35201653,454,0,454
35201654,499,2,497
35201656,435,0,435
35201657,507,7,500
35201658,520,0,520
35201659,564,1,563
35201660,531,0,531
35201661,706,0,706
35201662,554,3,551
35201663,3760,17,3743
35201664,1857,5,1852
35201665,685,7,678
35201666,524,1,523
35201667,1037,6,1031
35201670,534,10,524
35201672,577,8,569
35201673,432,11,421
35201674,799,7,792
35201675,773,8,765
35201676,839,4,835
35201690,1003,3,1000
35201691,560,0,560
35201692,995,12,983
35201693,1068,8,1060
35201694,698,1,697
35201695,577,5,572
35201696,1478,0,1478
35201697,509,2,507
35201698,619,1,618
35201699,511,1,510
35201700,739,4,735
35201701,631,1,630
35201702,551,1,550
35201703,602,5,597
35201704,473,4,469
35201705,536,11,525
35201706,501,7,494
35201707,515,7,508
35201708,587,17,570
35201709,325,0,325
35201710,451,0,451
35201711,494,8,486
35201712,392,4,388
35201713,468,6,462
35201714,1380,7,1373
35201717,582,6,576
35201718,518,1,517
35201719,547,6,541
35201720,627,1,626
35201721,442,4,438
35201722,1110,6,1104
35201723,449,4,445
35201724,412,5,407
35201725,931,8,923
35201726,455,0,455
35201728,1355,0,1355
35201730,438,1,437
35201731,512,0,512
35201732,744,4,740
35201734,508,3,505
35201735,497,0,497
35201736,1823,9,1814
35201737,709,9,700
35201738,469,3,466
35201739,495,9,486
35201740,607,7,600
35201741,518,8,510
35201744,1793,6,1787
35201748,1422,1,1421
35201749,434,2,432
35201750,457,2,455
35201751,296,0,296
35201752,265,0,265
35201753,251,0,251
35201754,299,0,299
35201755,549,3,546
35201756,702,6,696
35201757,413,0,413
35201758,561,0,561
35201759,804,4,800
35201760,469,1,468
35201761,535,0,535
35201762,843,1,842
35201779,2987,14,2973
35201781,422,2,420
35201782,254,0,254
35201783,423,0,423
35201784,952,0,952
35201785,665,4,661
35201786,453,0,453
35201787,532,0,532
35201788,441,0,441
35201789,1062,2,1060
35201790,398,0,398
35201791,758,1,757
35201792,407,0,407
35201793,302,0,302
35201802,458,3,455
35201803,340,0,340
35201804,463,2,461
35201805,708,1,707
35201806,543,9,534
35201807,622,0,622
35201816,460,0,460
35201817,473,0,473
35201818,527,0,527
35201819,427,0,427
35201820,559,6,553
35201821,3045,161,2884
35201822,997,5,992
35201823,446,1,445
35201824,450,5,445
35201825,765,4,761
35201826,307,0,307
35201827,433,12,421
35201828,451,13,438
35201829,467,9,458
35201830,450,8,442
35201831,328,10,318
35201832,287,6,281
35201833,460,7,453
35201834,471,8,463
35201835,1343,99,1244
35201838,585,14,571
35201839,458,11,447
35201840,593,4,589
35201841,527,14,513
35201842,622,6,616
35201843,514,10,504
35201844,573,19,554
35201845,471,15,456
35201846,685,14,671
35201847,441,13,428
35201848,409,12,397
35201849,846,5,841
35201850,489,4,485
35201851,1237,6,1231
35201852,353,5,348
35201853,758,1,757
35201854,1902,5,1897
35201855,388,0,388
35201856,1285,2,1283
35201857,1200,0,1200
35201858,549,1,548
35201859,575,2,573
35201860,694,2,692
35201861,454,0,454
35201862,661,3,658
35201863,777,1,776
35201864,666,0,666
35201868,823,3,820
35201869,442,1,441
35201872,647,0,647
35201874,1156,1,1155
35201875,1399,3,1396
35201876,1850,2,1848
35201877,272,0,272
35201879,395,0,395
35201880,578,0,578
35201881,626,0,626
35201882,541,0,541
35201883,760,0,760
35201884,483,2,481
35201885,567,0,567
35201886,578,2,576
35201887,437,5,432
35201888,954,4,950
35201889,686,2,684
35201890,944,2,942
35201892,1107,1,1106
35201893,502,0,502
35201894,688,0,688
35201895,451,0,451
35201896,401,0,401
35201900,515,3,512
35201901,426,3,423
35201902,548,5,543
35201903,1549,23,1526
35201904,644,6,638
35201905,446,3,443
35201906,394,4,390
35201907,500,6,494
35201908,519,3,516
35201909,379,3,376
35201912,508,1,507
35201913,450,0,450
35201914,258,0,258
35201915,411,1,410
35201916,570,1,569
35201917,477,1,476
35201919,477,0,477
35201920,1388,13,1375
35201935,485,0,485
35201936,479,0,479
35201937,517,3,514
35201938,931,1,930
35201939,511,0,511
35201940,428,0,428
35201950,498,3,495
35201951,616,12,604
35201952,448,3,445
35201953,545,5,540
35201955,523,2,521
35201958,664,0,664
35201959,740,0,740
35201960,1092,2,1090
35201961,948,1,947
35201962,550,2,548
35201963,447,0,447
35201964,467,0,467
35201965,652,0,652
35201966,607,2,605
35201967,277,0,277
35201968,387,0,387
35201969,321,1,320
35201970,487,0,487
35201971,490,1,489
35201972,1529,4,1525
35201973,831,0,831
35201976,657,3,654
35201977,1485,3,1482
35201979,564,1,563
35201983,348,1,347
35201984,670,0,670
35201985,288,0,288
35201986,393,1,392
35201987,879,2,877
35201988,304,0,304
35201989,562,7,555
35201992,376,3,373
35201993,844,1,843
35201996,459,1,458
35201997,504,3,501
35201998,502,2,500
35201999,871,2,869
35202000,559,7,552
35202001,1471,12,1459
35202002,622,15,607
35202003,1232,2,1230
35202004,831,8,823
35202005,387,10,377
35202006,357,6,351
35202007,554,8,546
35202013,1938,6,1932
35202016,1042,0,1042
35202017,3722,18,3704
35202018,1447,5,1442
35202019,525,0,525
35202020,403,0,403
35202021,769,0,769
35202022,439,0,439
35202023,1547,2,1545
35202024,917,4,913
35202025,689,1,688
35202026,480,0,480
35202027,372,0,372
35202028,267,1,266
35202029,1115,3,1112
35202030,1004,2,1002
35202031,904,1,903
35202035,650,1,649
35202036,1233,4,1229
35202037,372,3,369
35202040,685,0,685
35202042,1223,2,1221
35202045,441,0,441
35202046,1072,0,1072
35202047,300,0,300
35202048,367,0,367
35202049,472,0,472
35202050,1448,1,1447
35202051,827,5,822
35202055,1357,5,1352
35202056,1078,1,1077
35202057,1199,5,1194
35202058,850,0,850
35202059,751,0,751
35202065,2239,7,2232
35202066,977,0,977
35202067,259,0,259
35202071,1161,1,1160
35202072,426,1,425
35202075,558,3,555
35202078,256,3,253
35202079,298,3,295
35202080,498,2,496
35202084,403,1,402
35202085,1286,10,1276
35202086,1453,2,1451
35202087,758,0,758
35202088,784,2,782
35202089,594,0,594
35202090,446,2,444
35202091,582,3,579
35202094,435,1,434
35202096,1059,0,1059
35202097,469,0,469
35202098,1903,0,1903
35202100,395,8,387
35202101,397,5,392
35202102,622,8,614
35202103,546,7,539
35202104,539,9,530
35202105,408,7,401
35202106,585,5,580
35202107,343,5,338
35202108,1303,3,1300
35202109,1062,0,1062
35202110,845,7,838
35202111,548,0,548
35202112,718,0,718
35202113,630,7,623
35202114,458,1,457
35202115,520,0,520
35202116,520,0,520
35202117,692,0,692
35202118,570,0,570
35202119,1046,1,1045
35202120,1055,3,1052
35202121,609,0,609
35202122,650,0,650
35202123,621,0,621
35202124,552,3,549
35202125,817,0,817
35202126,757,0,757
35202127,571,1,570
35202128,713,1,712
35202129,544,1,543
35202130,522,1,521
35202131,900,2,898
35202132,1796,11,1785
35202133,823,2,821
35202134,782,2,780
35202135,1124,5,1119
35202136,835,1,834
35202137,555,36,519
35202138,452,4,448
35202139,637,5,632
35202140,2661,48,2613
35202141,560,3,557
35202145,750,2,748
35202147,827,3,824
35202149,675,1,674
35202150,487,2,485
35202151,519,3,516
35202152,2294,1,2293
35202153,522,2,520
35202154,632,0,632
35202155,625,0,625
35202156,630,1,629
35202157,436,2,434
35202158,478,2,476
35202159,1869,0,1869
35202160,497,0,497
35202161,941,7,934
35202162,764,2,762
35202163,655,1,654
35202164,672,4,668
35202165,1019,4,1015
35202166,499,0,499
35202167,499,7,492
35202168,473,4,469
35202169,526,24,502
35202170,459,1,458
35202171,370,5,365
35202172,889,3,886
35202173,857,26,831
35202174,300,4,296
35202175,404,0,404
35202176,392,2,390
35202177,625,8,617
35202178,712,6,706
35202179,598,6,592
35202180,1115,2,1113
35202181,743,4,739
35202183,555,2,553
35202184,935,4,931
35202185,200,0,200
35202186,458,0,458
35202187,520,0,520
35202188,305,0,305
35202189,493,0,493
35202210,223,1,222
35202211,291,1,290
35202212,655,3,652
35202213,581,2,579
35202214,447,0,447
35202215,530,0,530
35202216,423,0,423
35202217,443,0,443
35202218,474,0,474
35202222,662,2,660
35202223,641,0,641
35202224,316,0,316
35202225,408,1,407
35202226,497,2,495
35202227,517,0,517
35202228,549,2,547
35202229,466,2,464
35202230,404,3,401
35202231,426,3,423
35202232,588,4,584
35202233,517,4,513
35202234,674,15,659
35202235,530,77,453
35202236,514,4,510
35202237,647,33,614
35202238,470,2,468
35202239,529,6,523
35202240,605,6,599
35202241,921,7,914
35202242,433,2,431
35202243,690,1,689
35202244,541,3,538
35202245,744,26,718
35202246,424,7,417
35202247,497,3,494
35202248,483,2,481
35202249,337,0,337
35202251,505,2,503
35202252,387,1,386
35202254,493,2,491
35202255,530,0,530
35202256,505,5,500
35202257,611,1,610
35202258,532,0,532
35202261,560,9,551
35202262,785,4,781
35202263,688,1,687
35202264,728,1,727
35202265,991,6,985
35202266,598,0,598
35202267,752,1,751
35202268,653,8,645
35202269,964,13,951
35202270,537,1,536
35202271,417,4,413
35202272,638,4,634
35202273,957,3,954
35202274,825,1,824
35202275,606,1,605
35202276,687,36,651
35202277,556,17,539
35202278,726,3,723
35202279,1467,4,1463
35202280,194,2,192
35202281,605,1,604
35202282,611,0,611
35202283,548,0,548
35202284,549,0,549
35202285,1079,7,1072
35202286,305,1,304
35202287,439,0,439
35202288,316,0,316
35202289,300,2,298
35202290,1431,2,1429
35202293,485,2,483
35202294,373,0,373
35202295,464,6,458
35202296,506,0,506
35202297,515,0,515
35202298,407,1,406
35202299,560,0,560
35202300,526,3,523
35202301,566,4,562
35202302,546,0,546
35202303,485,0,485
35202304,652,1,651
35202305,710,2,708
35202306,546,3,543
35202307,442,7,435
35202309,673,13,660
35202310,467,2,465
35202311,520,4,516
35202316,1017,4,1013
35202321,651,2,649
35202322,546,0,546
35202323,435,3,432
35202324,529,1,528
35202325,695,1,694
35202326,568,0,568
35202327,606,10,596
35202328,554,0,554
35202336,531,12,519
35202337,478,0,478
35202338,402,0,402
35202339,510,0,510
35202340,503,0,503
35202341,569,13,556
35202342,1124,6,1118
35202343,521,2,519
35202344,586,0,586
35202345,820,6,814
35202346,633,0,633
35202347,450,2,448
35202348,540,1,539
35202349,479,0,479
35202350,733,9,724
35202351,516,0,516
35202352,512,2,510
35202353,546,5,541
35202354,461,9,452
35202355,920,14,906
35202356,555,3,552
35202357,616,5,611
35202358,498,2,496
35202359,555,9,546
35202360,595,5,590
35202361,508,0,508
35202362,325,1,324
35202363,1026,0,1026
35202364,464,0,464
35202365,367,0,367
35202366,436,0,436
35202367,762,2,760
35202368,556,7,549
35202369,595,1,594
35202370,585,5,580
35202371,741,7,734
35202372,521,0,521
35202373,701,0,701
35202374,695,3,692
35202375,556,6,550
35202376,763,0,763
35202377,582,0,582
35202378,853,1,852
35202379,376,1,375
35202380,475,0,475
35202381,440,0,440
35202382,683,0,683
35202383,667,0,667
35202384,616,0,616
35202385,706,10,696
35202386,1295,7,1288
35202387,613,1,612
35202388,1337,1,1336
35202389,807,1,806
35202390,415,5,410
35202391,602,0,602
35202392,925,1,924
35202393,639,4,635
35202394,464,2,462
35202395,608,6,602
35202396,451,4,447
35202398,1257,5,1252
35202399,477,0,477
35202400,558,0,558
35202401,678,1,677
35202402,595,2,593
35202403,1450,15,1435
35202404,638,0,638
35202405,679,0,679
35202406,1027,0,1027
35202407,467,0,467
35202408,605,0,605
35202409,683,2,681
35202413,443,1,442
35202414,223,6,217
35202415,478,2,476
35202416,437,1,436
35202417,396,0,396
35202418,454,2,452
35202419,419,1,418
35202430,2267,5,2262
35202431,2985,3,2982
35202433,2109,2,2107
35202436,469,2,467
35202439,543,0,543
35202440,602,1,601
35202441,716,3,713
35202442,403,0,403
35202443,1138,3,1135
35202446,352,1,351
35202447,287,0,287
35202448,304,0,304
35202449,454,1,453
35202450,326,2,324
35202451,662,0,662
35202452,292,0,292
35202453,692,1,691
35202454,849,2,847
35202455,484,0,484
35202456,378,2,376
35202457,274,0,274
35202458,406,2,404
35202459,505,0,505
35202460,411,0,411
35202461,326,0,326
35202462,1075,5,1070
35202466,678,0,678
35202467,611,1,610
35202468,948,0,948
35202469,823,3,820
35202472,783,0,783
35202475,578,0,578
35202476,636,2,634
35202477,611,0,611
35202478,761,1,760
35202479,522,0,522
35202480,475,2,473
35202481,431,0,431
35202482,535,0,535
35202483,1135,7,1128
35202484,265,0,265
35202485,297,0,297
35202486,427,0,427
35202487,284,0,284
35202491,586,1,585
35202492,507,0,507
35202493,353,1,352
35202494,459,0,459
35202495,393,1,392
35202496,607,2,605
35202497,468,0,468
35202498,627,0,627
35202499,698,1,697
35202500,494,0,494
35202501,1061,4,1057
35202502,384,0,384
35202503,627,0,627
35202504,710,1,709
35202507,389,0,389
35202508,491,0,491
35202509,523,1,522
35202510,1116,4,1112
35202511,737,2,735
35202512,539,0,539
35202513,452,0,452
35202514,470,0,470
35202515,590,0,590
35202516,503,0,503
35202517,548,1,547
35202522,525,0,525
35202523,549,1,548
35202529,1080,1,1079
35202534,1063,3,1060
35202535,513,0,513
35202547,884,0,884
35202548,492,0,492
35202549,498,1,497
35202550,556,0,556
35202551,494,4,490
35202553,1076,1,1075
35202554,1042,0,1042
35202555,770,0,770
35202560,466,0,466
35202564,576,2,574
35202565,672,5,667
35202566,958,2,956
35202567,809,4,805
35202568,990,2,988
35202569,880,0,880
35202570,606,1,605
35202571,668,6,662
35202572,713,5,708
35202573,653,2,651
35202574,503,5,498
35202575,595,3,592
35202576,609,4,605
35202577,555,5,550
35202583,706,1,705
35202584,442,0,442
35202585,655,0,655
35202586,553,0,553
35202587,618,2,616
35202588,352,0,352
35202589,929,4,925
35202590,417,0,417
35202591,978,2,976
35202592,438,6,432
35202593,474,2,472
35202594,351,0,351
35202597,525,2,523
35202598,378,1,377
35202599,688,41,647
35202600,486,4,482
35202605,565,3,562
35202606,652,0,652
35202608,914,5,909
35202611,429,5,424
35202612,701,8,693
35202613,723,0,723
35202614,522,1,521
35202615,453,3,450
35202616,590,4,586
35202617,577,7,570
35202618,743,1,742
35202619,660,1,659
35202620,1988,7,1981
35202621,524,5,519
35202622,471,3,468
35202623,243,1,242
35202627,419,0,419
35202628,1761,8,1753
35202629,449,2,447
35202630,684,0,684
35202636,518,2,516
35202637,551,0,551
35202638,546,0,546
35202639,494,1,493
35202640,963,3,960
35202641,651,0,651
35202642,543,0,543
35202643,507,1,506
35202644,519,0,519
35202645,441,4,437
35202646,620,5,615
35202647,744,2,742
35202648,589,4,585
35202649,746,5,741
35202650,837,9,828
35202653,362,0,362
35202654,1609,1,1608
35202655,987,13,974
35202656,790,11,779
35202657,583,12,571
35202666,2318,26,2292
35202669,1184,8,1176
35202670,846,0,846
35202671,2421,47,2374
35202672,460,1,459
35202673,1269,8,1261
35202674,1154,1,1153
35202675,559,3,556
35202676,702,1,701
35202677,523,11,512
35202678,443,1,442
35202679,609,1,608
35202680,448,3,445
35202681,474,2,472
35202682,750,10,740
35202683,492,1,491
35202684,602,30,572
35202685,521,5,516
35202686,472,5,467
35202687,523,5,518
35202688,714,2,712
35202689,613,2,611
35202690,657,2,655
35202691,654,8,646
35202694,932,0,932
35202695,475,0,475
35202699,309,2,307
35202700,637,1,636
35202701,558,0,558
35202702,2440,10,2430
35202703,356,0,356
35202704,448,3,445
35202705,1518,3,1515
35202706,578,1,577
35202707,744,0,744
35202712,847,21,826
35202722,1256,11,1245
35202727,648,2,646
35202733,2013,2,2011
35202735,1565,15,1550
35202736,1006,1,1005
35202739,766,0,766
35202741,485,8,477
35202742,398,0,398
35202743,993,12,981
35202744,559,5,554
35202745,538,0,538
35202746,480,0,480
35202747,690,0,690
35202748,956,1,955
35202749,332,0,332
35202750,870,0,870
35202751,396,0,396
35202752,481,1,480
35202753,482,6,476
35202756,479,0,479
35202757,408,1,407
35202758,457,0,457
35202760,772,0,772
35202761,422,0,422
35202762,1001,0,1001
35202763,438,0,438
35202764,435,0,435
35202765,608,1,607
35202767,602,4,598
35202768,856,7,849
35202769,559,14,545
35202770,647,2,645
35202771,575,0,575
35202772,648,11,637
35202773,636,0,636
35202774,572,3,569
35202775,506,17,489
35202776,589,0,589
35202777,578,0,578
35202778,608,1,607
35202779,441,4,437
35202787,547,13,534
35202788,1025,30,995
35202789,464,14,450
35202790,1207,10,1197
35202791,648,7,641
35202792,403,2,401
35202797,603,9,594
35202798,751,7,744
35202799,456,10,446
35202800,490,10,480
35202801,797,1,796
35202802,505,1,504
35202803,591,2,589
35202804,1041,3,1038
35202805,686,6,680
35202806,973,1,972
35202807,822,0,822
35202808,559,0,559
35202809,357,4,353
35202810,422,6,416
35202811,957,0,957
35202812,586,0,586
35202813,440,6,434
35202814,342,0,342
35202817,1972,5,1967
35202818,2562,0,2562
35202819,1007,0,1007
35202820,1594,122,1472
35202821,998,2,996
35202823,999,4,995
35202840,324,11,313
35202842,338,4,334
35202843,395,6,389
35202845,358,3,355
35202846,287,6,281
35202847,852,41,811
35202848,658,9,649
35202849,573,12,561
35202850,917,15,902
35202878,509,0,509
35202879,1423,10,1413
35202880,728,2,726
35202881,480,9,471
35202882,604,1,603
35202883,319,1,318
35202884,508,2,506
35202886,474,7,467
35202887,493,1,492
35202888,502,4,498
35202889,427,3,424
35202890,686,7,679
35202891,636,1,635
35202892,322,7,315
35202893,644,11,633
35202894,761,4,757
35202895,560,0,560
35202896,428,3,425
35202897,479,0,479
35202898,458,2,456
35202899,537,1,536
35202900,770,27,743
35202901,511,0,511
35202902,532,0,532
35202903,686,4,682
35202904,568,0,568
35202905,589,0,589
35202906,1056,18,1038
35202907,522,0,522
35202910,381,7,374
35202911,581,1,580
35202912,688,3,685
35202918,708,8,700
35202919,587,2,585
35202920,647,2,645
35202928,978,4,974
35202930,577,4,573
35202931,637,1,636
35202932,522,0,522
35202933,550,0,550
35202935,612,0,612
35202936,599,5,594
35202937,685,2,683
35202938,534,0,534
35202939,752,1,751
35202940,495,2,493
35202941,523,1,522
35202942,640,2,638
35202943,795,1,794
35202944,820,4,816
35202945,476,0,476
35202946,623,37,586
35202947,892,9,883
35202948,416,0,416
35202949,727,1,726
35202950,609,1,608
35202951,444,6,438
35202952,527,1,526
35202953,538,0,538
35202954,552,0,552
35202955,638,0,638
35202965,898,4,894
35202966,304,35,269
35202967,510,0,510
35202968,801,2,799
35202969,577,0,577
35202970,473,7,466
35202971,660,1,659
35202972,530,1,529
35202973,413,0,413
35202974,375,2,373
35202975,360,0,360
35202976,390,0,390
35202977,298,3,295
35202982,322,0,322
35202983,546,0,546
35202984,1075,0,1075
35202985,456,0,456
35202986,569,0,569
35202987,508,0,508
35202988,487,0,487
35202989,490,0,490
35202990,998,2,996
35202991,713,0,713
35202992,636,3,633
35202993,899,2,897
35202994,344,2,342
35202995,361,1,360
35202996,639,0,639
35202997,650,2,648
35202998,524,0,524
35202999,538,5,533
35203000,709,5,704
35203001,564,0,564
35203002,744,8,736
35203003,591,1,590
35203004,645,6,639
35203005,593,4,589
35203006,502,2,500
35203007,631,1,630
35203008,545,11,534
35203009,451,6,445
35203015,318,0,318
35203016,704,0,704
35203018,238,1,237
35203026,741,3,738
35203027,831,1,830
35203028,484,0,484
35203029,286,1,285
35203030,419,0,419
35203031,1076,1,1075
35203032,445,0,445
35203033,419,0,419
35203034,784,5,779
35203035,682,2,680
35203036,474,1,473
35203037,575,0,575
35203038,1120,5,1115
35203039,493,0,493
35203040,372,0,372
35203041,912,1,911
35203042,676,4,672
35203043,446,0,446
35203044,391,0,391
35203045,589,0,589
35203046,430,0,430
35203047,762,2,760
35203048,535,2,533
35203049,253,2,251
35203050,402,9,393
35203051,819,10,809
35203052,177,0,177
35203053,1244,4,1240
35203054,1078,4,1074
35203055,743,0,743
35203056,1043,1,1042
35203057,1134,2,1132
35203058,637,2,635
35203059,323,0,323
35203060,302,0,302
35203061,682,2,680
35203064,535,1,534
35203071,381,7,374
35203072,435,8,427
35203073,374,9,365
35203074,456,89,367
35203075,752,8,744
35203077,370,7,363
35203079,277,0,277
35203080,309,0,309
35203081,364,0,364
35203082,385,0,385
35203086,998,2,996
35203087,562,0,562
35203093,814,8,806
35203094,563,6,557
35203095,689,6,683
35203096,814,4,810
35203097,602,3,599
35203098,504,4,500
35203102,380,1,379
35203105,394,2,392
35203107,777,2,775
35203108,698,1,697
35203109,732,0,732
35203110,615,5,610
35203111,572,0,572
35203112,490,3,487
35203113,297,0,297
35203126,652,0,652
35203127,974,7,967
35203128,397,9,388
35203129,405,7,398
35203130,474,6,468
35203131,1355,15,1340
35203132,490,8,482
35203133,371,7,364
35203134,430,7,423
35203135,530,0,530
35203136,500,0,500
35203137,722,0,722
35203138,410,3,407
35203139,558,0,558
35203140,799,6,793
35203141,475,0,475
35203142,505,0,505
35203143,610,9,601
35203144,581,8,573
35203146,1047,6,1041
35203147,945,19,926
35203148,520,5,515
35203149,1203,0,1203
35203150,519,3,516
35203151,515,7,508
35203152,648,0,648
35203153,634,11,623
35203154,542,3,539
35203156,396,16,380
35203157,8735,54,8681
35203160,2742,10,2732
35203161,356,323,33
35203162,976,7,969
35203163,627,26,601
35203167,282,20,262
35203170,524,0,524
35203174,581,6,575
35203175,3123,21,3102
35203176,3313,26,3287
35203177,1378,5,1373
35203183,537,6,531
35203184,486,7,479
35203185,0,0,0
35203190,1814,64,1750
35203191,310,0,310
35203192,465,0,465
35203193,457,0,457
35203194,644,11,633
35203195,697,7,690
35203196,326,42,284
35203197,529,7,522
35203198,369,8,361
35203199,747,23,724
35203200,749,133,616
35203201,588,10,578
35203202,437,29,408
35203203,348,42,306
35203204,367,6,361
35203208,400,7,393
35203209,654,11,643
35203210,333,11,322
35203211,366,5,361
35203212,457,4,453
35203213,599,13,586
35203214,428,14,414
35203216,487,12,475
35203217,577,10,567
35203218,664,14,650
35203219,416,14,402
35203220,426,6,420
35203221,600,9,591
35203222,605,16,589
35203223,226,9,217
35203224,489,12,477
35203225,499,11,488
35203226,571,4,567
35203227,531,9,522
35203228,621,4,617
35203229,537,31,506
35203230,687,4,683
35203231,792,6,786
35203232,753,4,749
35203233,682,4,678
35203234,751,5,746
35203235,600,1,599
35203236,681,8,673
35203237,665,24,641
35203238,513,1,512
35203239,695,14,681
35203240,868,7,861
35203241,571,14,557
35203242,579,5,574
35203243,480,0,480
35203244,440,20,420
35203245,472,3,469
35203246,428,3,425
35203247,677,3,674
35203248,524,2,522
35203249,570,2,568
35203250,618,4,614
35203251,567,12,555
35203252,611,1,610
35203253,428,0,428
35203254,452,10,442
35203255,576,110,466
35203256,580,1,579
35203257,662,11,651
35203258,564,10,554
35203259,638,8,630
35203260,465,12,453
35203261,715,7,708
35203263,454,0,454
35203264,421,4,417
35203265,484,10,474
35203266,458,5,453
35203267,540,34,506
35203268,823,11,812
35203269,556,5,551
35203270,109,8,101
35203271,562,15,547
35203273,1550,8,1542
35203274,819,4,815
35203275,912,7,905
35203276,631,1,630
35203277,449,0,449
35203278,501,3,498
35203279,689,30,659
35203280,446,35,411
35203281,478,161,317
35203282,466,12,454
35203283,597,6,591
35203284,440,2,438
35203285,520,192,328
35203286,687,32,655
35203287,437,30,407
35203288,1157,38,1119
35203289,746,3,743
35203290,591,3,588
35203291,1056,3,1053
35203292,358,5,353
35203293,193,3,190
35203294,660,2,658
35203296,299,3,296
35203297,547,2,545
35203298,554,3,551
35203299,498,16,482
35203300,468,3,465
35203301,518,2,516
35203314,595,4,591
35203315,417,2,415
35203316,442,1,441
35203317,562,3,559
35203318,681,3,678
35203321,400,6,394
35203322,651,14,637
35203323,441,7,434
35203324,683,321,362
35203330,1125,2,1123
35203331,905,11,894
35203332,450,6,444
35203333,629,10,619
35203334,447,5,442
35203337,372,1,371
35203338,423,2,421
35203339,434,3,431
35203340,1944,18,1926
35203342,1320,13,1307
35203344,315,5,310
35203345,631,0,631
35203346,462,0,462
35203347,409,3,406
35203348,937,1,936
35203350,981,1,980
35203351,611,3,608
35203352,445,2,443
35203353,474,3,471
35203354,586,6,580
35203355,519,3,516
35203356,522,1,521
35203357,348,0,348
35203358,493,2,491
35203359,466,0,466
35203360,276,1,275
35203361,527,0,527
35203362,340,0,340
35203363,348,0,348
35203370,839,20,819
35203371,1839,2,1837
35203372,1583,2,1581
35203373,371,0,371
35203374,651,0,651
35203375,331,0,331
35203376,266,0,266
35203377,595,6,589
35203378,678,11,667
35203379,580,13,567
35203380,479,5,474
35203381,494,7,487
35203382,442,9,433
35203383,388,6,382
35203384,539,5,534
35203385,424,3,421
35203386,635,12,623
35203387,547,1,546
35203388,530,11,519
35203389,454,5,449
35203391,423,2,421
35203392,166,3,163
35203393,986,3,983
35203394,385,7,378
35203395,615,1,614
35203396,472,3,469
35203399,569,4,565
35203400,384,3,381
35203401,291,3,288
35203402,406,14,392
35203403,2584,3,2581
35203404,2336,25,2311
35203405,1094,8,1086
35203406,1609,6,1603
35203407,604,8,596
35203408,1962,12,1950
35203409,429,1,428
35203410,413,4,409
35203411,1522,1,1521
35203412,602,1,601
35203413,398,1,397
35203414,527,2,525
35203415,444,0,444
35203416,702,0,702
35203417,592,1,591
35203418,672,0,672
35203419,465,4,461
35203420,760,1,759
35203421,800,4,796
35203422,501,0,501
35203423,604,0,604
35203427,634,5,629
35203435,827,5,822
35203439,640,7,633
35203440,646,5,641
35203441,519,5,514
35203442,287,7,280
35203443,518,4,514
35203444,667,13,654
35203445,630,6,624
35203446,605,4,601
35203447,699,4,695
35203448,980,1,979
35203449,1289,4,1285
35203450,702,0,702
35203451,603,0,603
35203452,994,12,982
35203458,608,7,601
35203461,637,4,633
35203462,561,3,558
35203463,493,3,490
35203465,1405,22,1383
35203466,1497,14,1483
35203467,485,5,480
35203468,563,4,559
35203469,535,5,530
35203470,916,6,910
35203471,631,4,627
35203472,744,19,725
35203479,446,6,440
35203480,528,7,521
35203482,2491,0,2491
35203483,717,0,717
35203484,638,2,636
35203485,414,0,414
35203486,859,6,853
35203489,688,4,684
35203490,634,0,634
35203491,631,0,631
35203492,475,0,475
35203493,605,4,601
35203494,626,5,621
35203495,493,5,488
35203496,544,6,538
35203498,650,7,643
35203501,546,1,545
35203502,591,0,591
35203503,4458,3,4455
35203504,246,4,242
35203505,531,1,530
35203506,549,47,502
35203507,433,7,426
35203508,601,2,599
35203509,682,2,680
35203510,439,4,435
35203511,568,3,565
35203512,641,1,640
35203513,617,6,611
35203519,1048,3,1045
35203520,2935,5,2930
35203521,1296,6,1290
35203522,872,0,872
35203523,418,5,413
35203524,469,2,467
35203525,524,0,524
35203526,493,2,491
35203527,923,4,919
35203528,580,1,579
35203529,584,3,581
35203530,566,2,564
35203531,512,0,512
35203532,639,3,636
35203533,481,2,479
35203534,500,3,497
35203535,534,5,529
35203536,447,3,444
35203537,558,7,551
35203538,516,9,507
35203539,460,4,456
35203540,555,10,545
35203541,854,7,847
35203542,696,33,663
35203543,604,2,602
35203544,565,0,565
35203545,582,1,581
35203546,614,1,613
35203547,582,4,578
35203548,881,0,881
35203552,679,0,679
35203554,507,0,507
35203561,1157,0,1157
35203566,1027,6,1021
35203567,770,5,765
35203568,1041,17,1024
35203569,493,1,492
35203570,653,2,651
35203571,501,0,501
35203572,432,3,429
35203573,704,5,699
35203574,651,0,651
35203575,612,1,611
35203576,538,0,538
35203577,439,0,439
35203578,549,6,543
35203579,494,6,488
35203580,1044,11,1033
35203581,371,6,365
35203584,719,0,719
35203585,475,6,469
35203586,428,4,424
35203587,528,2,526
35203588,587,0,587
35203589,731,0,731
35203590,1448,6,1442
35203591,1090,0,1090
35203592,386,0,386
35203593,382,2,380
35203594,840,4,836
35203595,632,1,631
35203596,325,1,324
35203597,455,0,455
35203599,856,7,849
35203600,418,2,416
35203604,786,2,784
35203605,772,6,766
35203606,536,2,534
35203607,799,3,796
35203608,653,5,648
35203610,632,8,624
35203611,446,2,444
35203612,552,0,552
35203613,958,1,957
35203614,381,0,381
35203615,499,0,499
35203616,591,0,591
35203617,1030,0,1030
35203618,2586,3,2583
35203619,552,0,552
35203620,757,0,757
35203621,1177,0,1177
35203622,1173,2,1171
35203623,1048,0,1048
35203626,508,0,508
35203627,733,3,730
35203628,423,0,423
35203629,252,0,252
35203630,366,0,366
35203631,408,0,408
35203632,567,0,567
35203633,438,1,437
35203634,564,4,560
35203635,616,0,616
35203636,811,5,806
35203637,429,0,429
35203640,426,0,426
35203641,355,1,354
35203649,0,0,0
35203650,1268,5,1263
35203651,527,3,524
35203652,388,0,388
35203653,734,1,733
35203654,477,18,459
35203655,432,5,427
35203656,594,8,586
35203657,496,5,491
35203658,431,1,430
35203659,1057,7,1050
35203660,467,4,463
35203661,770,6,764
35203664,1125,0,1125
35203666,453,17,436
35203668,643,9,634
35203669,710,10,700
35203670,929,1,928
35203672,437,4,433
35203673,267,6,261
35203675,643,5,638
35203676,560,6,554
35203677,486,8,478
35203678,239,3,236
35203679,395,1,394
35203680,489,6,483
35203681,588,3,585
35203682,798,5,793
35203683,386,27,359
35203684,1092,3,1089
35203685,476,2,474
35203686,377,1,376
35203687,827,1,826
35203688,673,12,661
35203689,594,9,585
35203690,530,9,521
35203691,1153,13,1140
35203692,538,6,532
35203693,625,2,623
35203694,554,7,547
35203695,652,6,646
35203696,541,4,537
35203697,361,4,357
35203698,568,5,563
35203699,538,6,532
35203700,684,7,677
35203701,406,7,399
35203703,572,3,569
35203704,429,0,429
35203705,390,0,390
35203708,1206,2,1204
35203709,1082,10,1072
35203710,535,1,534
35203711,402,1,401
35203712,416,3,413
35203713,676,3,673
35203714,650,0,650
35203715,445,0,445
35203716,929,0,929
35203717,0,0,0
35203718,1839,5,1834
35203719,625,2,623
35203720,631,4,627
35203721,431,1,430
35203722,564,5,559
35203723,451,1,450
35203724,532,5,527
35203725,608,6,602
35203726,522,1,521
35203729,402,3,399
35203730,502,5,497
35203731,1774,2,1772
35203732,703,15,688
35203733,535,9,526
35203734,446,4,442
35203735,425,4,421
35203736,451,2,449
35203737,675,46,629
35203738,419,7,412
35203739,436,5,431
35203740,372,13,359
35203743,507,13,494
35203744,699,18,681
35203745,863,19,844
35203746,1369,21,1348
35203747,730,15,715
35203748,358,12,346
35203751,448,5,443
35203752,994,11,983
35203753,411,4,407
35203754,660,14,646
35203755,407,3,404
35203756,528,4,524
35203757,574,6,568
35203758,477,4,473
35203759,438,2,436
35203760,477,0,477
35203761,468,10,458
35203762,570,11,559
35203766,1363,6,1357
35203786,712,24,688
35203787,791,47,744
35203788,986,2,984
35203789,303,1,302
35203790,513,2,511
35203791,294,0,294
35203792,782,24,758
35203793,126,0,126
35203794,481,10,471
35203796,514,0,514
35203798,449,7,442
35203799,743,5,738
35203800,461,0,461
35203801,476,2,474
35203802,473,34,439
35203803,520,6,514
35203807,524,3,521
35203808,433,4,429
35203809,423,2,421
35203810,563,2,561
35203811,736,32,704
35203812,925,11,914
35203813,420,6,414
35203815,642,7,635
35203816,465,5,460
35203817,693,6,687
35203818,741,11,730
35203819,429,2,427
35203820,625,1,624
35203828,465,4,461
35203829,497,6,491
35203830,714,9,705
35203833,543,0,543
35203834,800,1,799
35203835,360,6,354
35203836,387,2,385
35203837,294,0,294
35203838,498,0,498
35203841,566,1,565
35203842,601,0,601
35203843,470,0,470
35203844,665,8,657
35203845,452,0,452
35203846,359,2,357
35203847,431,0,431
35203848,609,0,609
35203849,591,11,580
35203850,994,60,934
35203851,301,7,294
35203852,355,6,349
35203853,341,4,337
35203857,2089,40,2049
35203858,460,4,456
35203859,378,7,371
35203860,416,5,411
35203861,361,3,358
35203864,680,66,614
35203865,525,3,522
35203866,692,9,683
35203867,492,3,489
35203868,581,6,575
35203869,548,0,548
35203870,470,2,468
35203871,488,1,487
35203872,407,1,406
35203873,278,3,275
35203876,460,9,451
35203877,547,6,541
35203878,630,9,621
35203880,379,5,374
35203881,675,12,663
35203882,422,37,385
35203883,468,13,455
35203884,520,23,497
35203885,420,5,415
35203886,492,6,486
35203887,602,3,599
35203888,817,4,813
35203889,358,5,353
35203890,529,8,521
35203891,586,47,539
35203892,604,5,599
35203893,558,5,553
35203895,494,8,486
35203897,465,10,455
35203898,574,15,559
35203899,1185,1,1184
35203908,1299,0,1299
35203909,383,0,383
35203910,370,4,366
35203911,796,7,789
35203912,872,0,872
35203913,357,5,352
35203914,1084,0,1084
35203915,1048,4,1044
35203916,865,0,865
35203917,373,0,373
35203919,227,1,226
35203921,1167,1,1166
35203922,370,0,370
35203925,1199,1,1198
35203926,277,0,277
35203927,760,0,760
35203928,879,1,878
35203929,993,1,992
35203930,1184,3,1181
35203931,349,0,349
35203932,471,1,470
35203933,1199,0,1199
35203936,347,0,347
35203937,454,1,453
35203938,375,0,375
35203939,373,0,373
35203940,757,0,757
35203943,594,3,591
35203945,1446,3,1443
35203946,4189,15,4174
35203947,2737,15,2722
35203948,2880,1,2879
35203951,1783,5,1778
35203953,1529,2,1527
35203954,7942,28,7914
35203955,1452,11,1441
35203958,1197,2,1195
35203959,2041,4,2037
35203960,2764,11,2753
35203961,3071,3,3068
35203962,742,9,733
35203965,1296,17,1279
35203971,1995,0,1995
35203973,1005,4,1001
35203974,1083,2,1081
35203975,1789,1,1788
35203976,2007,2,2005
35203977,1405,1,1404
35203978,4137,36,4101
35203979,1417,0,1417
35203980,2037,3,2034
35203981,1603,16,1587
35203984,817,10,807
35203986,2370,9,2361
35203987,542,1,541
35203989,1765,2,1763
35203990,915,2,913
35203991,867,1,866
35203992,1567,2,1565
35203993,1002,26,976
35203994,1646,1,1645
35203995,1232,60,1172
35203997,1065,5,1060
35203998,914,3,911
35204001,932,0,932
35204003,702,1,701
35204004,3480,68,3412
35204005,1682,11,1671
35204006,855,4,851
35204007,1918,6,1912
35204009,1272,26,1246
35204010,1476,2,1474
35204011,1417,88,1329
35204012,921,1,920
35204013,2331,1,2330
35204014,3564,3,3561
35204015,1645,4,1641
35204018,2952,15,2937
35204019,2290,65,2225
35204020,2075,7,2068
35204021,1125,1,1124
35204022,2373,2,2371
35204024,3115,22,3093
35204026,2313,1,2312
35204027,1424,3,1421
35204028,2704,2,2702
35204029,1179,5,1174
35204030,1592,6,1586
35204032,1620,2,1618
35204033,2186,10,2176
35204034,844,1,843
35204035,3741,7,3734
35204036,2723,2,2721
35204038,953,1,952
35204039,1276,2,1274
35204040,847,2,845
35204041,2510,2,2508
35204042,1714,7,1707
35204043,2063,5,2058
35204045,1611,5,1606
35204047,1408,33,1375
35204049,6886,6,6880
35204052,2382,6,2376
35204053,2496,71,2425
35204054,1257,15,1242
35204055,2330,44,2286
35204056,2063,2,2061
35204057,1299,7,1292
35204058,1413,28,1385
35204059,3107,2,3105
35204060,2066,5,2061
35204061,1424,6,1418
35204062,1983,2,1981
35204063,2673,4,2669
35204064,1891,2,1889
35204065,1700,25,1675
35204066,1541,7,1534
35204067,1323,2,1321
35204068,2573,3,2570
35204069,1737,20,1717
35204070,993,14,979
35204072,3123,8,3115
35204073,6374,3,6371
35204074,5941,11,5930
35204075,2111,58,2053
35204076,1485,22,1463
35204077,1639,21,1618
35204079,3137,6,3131
35204080,1828,4,1824
35204081,2945,2,2943
35204082,1767,1,1766
35204083,2281,4,2277
35204084,3324,2,3322
35204085,3000,27,2973
35204087,2174,149,2025
35204088,2795,20,2775
35204089,945,21,924
35204090,1231,3,1228
35204091,1482,12,1470
35204092,503,1,502
35204093,2763,3,2760
35204094,3630,3,3627
35204095,1807,14,1793
35204096,2238,7,2231
35204097,2280,31,2249
35204098,1768,4,1764
35204100,3111,5,3106
35204101,7255,40,7215
35204103,2594,30,2564
35204105,2513,20,2493
35204106,1104,0,1104
35204107,678,0,678
35204109,2134,14,2120
35204110,2257,8,2249
35204111,2506,13,2493
35204113,1842,2,1840
35204114,721,3,718
35204115,1629,5,1624
35204116,933,0,933
35204117,2092,0,2092
35204118,2879,9,2870
35204119,1888,8,1880
35204120,1359,0,1359
35204121,2459,6,2453
35204124,8117,31,8086
35204125,1629,7,1622
35204126,4911,2,4909
35204127,1767,5,1762
35204128,3559,25,3534
35204129,1527,29,1498
35204130,440,0,440
35204131,836,2,834
35204133,1338,2,1336
35204134,819,6,813
35204135,1702,5,1697
35204136,1184,28,1156
35204137,1477,2,1475
35204138,1486,5,1481
35204139,2467,139,2328
35204141,2242,2,2240
35204142,2684,103,2581
35204143,2064,1,2063
35204144,2102,7,2095
35204145,1949,1,1948
35204146,1209,1,1208
35204147,1526,25,1501
35204148,817,0,817
35204149,1025,1,1024
35204150,819,7,812
35204151,993,2,991
35204152,594,3,591
35204153,511,0,511
35204154,668,19,649
35204155,698,1,697
35204156,706,10,696
35204157,271,4,267
35204159,754,10,744
35204160,523,1,522
35204161,593,2,591
35204162,515,0,515
35204163,503,0,503
35204164,645,1,644
35204165,3800,2,3798
35204166,583,0,583
35204167,551,3,548
35204168,897,3,894
35204169,321,13,308
35204170,562,3,559
35204171,1256,1,1255
35204172,450,0,450
35204173,683,0,683
35204174,569,0,569
35204176,471,8,463
35204177,625,3,622
35204178,788,5,783
35204179,569,29,540
35204180,642,1,641
35204181,668,12,656
35204182,836,16,820
35204183,596,79,517
35204184,1277,1,1276
35204186,439,6,433
35204187,885,3,882
35204188,623,3,620
35204189,545,2,543
35204190,1302,6,1296
35204191,696,5,691
35204192,566,11,555
35204193,354,5,349
35204194,991,6,985
35204195,1759,3,1756
35204196,563,0,563
35204197,653,0,653
35204198,1134,1,1133
35204199,1121,0,1121
35204200,82,1,81
35204201,1391,1,1390
35204202,818,3,815
35204204,121,8,113
35204205,376,6,370
35204206,399,7,392
35204207,432,6,426
35204208,1363,61,1302
35204209,172,3,169
35204211,349,0,349
35204212,1045,0,1045
35204213,1691,39,1652
35204214,569,3,566
35204215,889,6,883
35204216,1026,1,1025
35204217,336,0,336
35204218,699,4,695
35204219,382,11,371
35204220,365,17,348
35204221,427,20,407
35204222,752,24,728
35204224,1407,4,1403
35204225,554,0,554
35204226,527,0,527
35204227,1537,3,1534
35204228,3170,52,3118
35204229,1373,52,1321
35204230,2824,2,2822
35204231,1500,0,1500
35204232,1123,0,1123
35204233,320,0,320
35204235,445,3,442
35204236,707,6,701
35204237,516,3,513
35204238,776,1,775
35204240,1326,3,1323
35204242,1909,2,1907
35204243,1458,14,1444
35204244,418,8,410
35204245,235,11,224
35204246,2103,13,2090
35204249,2109,2,2107
35204250,1838,7,1831
35204251,618,0,618
35204252,358,26,332
35204253,279,8,271
35204254,724,1,723
35204255,680,0,680
35204256,315,2,313
35204257,1399,13,1386
35204258,0,0,0
35204259,5892,32,5860
35204261,957,0,957
35204262,411,0,411
35204263,430,0,430
35204265,1089,6,1083
35204266,153,0,153
35204267,2361,3,2358
35204268,619,2,617
35204269,6412,235,6177
35204271,1030,6,1024
35204272,3390,0,3390
35204273,44,0,44
35204274,600,2,598
35204275,446,4,442
35204276,543,12,531
35204277,1264,7,1257
35204278,497,0,497
35204279,634,3,631
35204280,412,0,412
35204281,666,0,666
35204282,705,0,705
35204283,582,0,582
35204284,2996,3,2993
35204285,531,0,531
35204286,563,0,563
35204287,825,2,823
35204288,584,1,583
35204289,881,0,881
35204290,1417,46,1371
35204291,855,2,853
35204292,766,1,765
35204293,505,3,502
35204294,570,6,564
35204295,470,4,466
35204296,702,3,699
35204297,491,4,487
35204298,1300,11,1289
35204299,451,4,447
35204300,516,3,513
35204301,451,6,445
35204302,533,7,526
35204303,487,9,478
35204304,509,20,489
35204305,1249,1,1248
35204306,3612,2,3610
35204307,1315,1,1314
35204309,389,0,389
35204310,2648,2,2646
35204311,1536,1,1535
35204312,1454,0,1454
35204313,1508,5,1503
35204314,1411,0,1411
35204315,620,0,620
35204317,2015,3,2012
35204318,548,2,546
35204319,593,0,593
35204321,2437,0,2437
35204322,507,0,507
35204323,521,0,521
35204324,574,0,574
35204325,715,0,715
35204326,1459,1,1458
35204327,496,0,496
35204328,527,0,527
35204329,3433,4,3429
35204330,1725,1,1724
35204331,1417,2,1415
35204332,584,11,573
35204333,3001,15,2986
35204334,333,10,323
35204335,669,11,658
35204336,502,10,492
35204337,680,94,586
35204338,370,9,361
35204339,848,2,846
35204340,665,11,654
35204341,219,5,214
35204342,537,4,533
35204343,666,8,658
35204344,1197,8,1189
35204345,661,47,614
35204346,949,2,947
35204347,2426,10,2416
35204348,1937,55,1882
35204349,622,1,621
35204350,551,38,513
35204351,2123,5,2118
35204352,1743,14,1729
35204353,2330,47,2283
35204355,2773,3,2770
35204356,903,7,896
35204357,594,0,594
35204358,771,0,771
35204359,1392,0,1392
35204360,998,4,994
35204361,526,3,523
35204362,562,0,562
35204363,677,3,674
35204364,1242,4,1238
35204365,555,1,554
35204366,507,2,505
35204367,3181,1,3180
35204369,448,15,433
35204370,1576,18,1558
35204371,3933,17,3916
35204372,1387,8,1379
35204373,2041,3,2038
35204374,589,0,589
35204375,645,0,645
35204376,505,0,505
35204377,509,0,509
35204378,513,0,513
35204379,406,0,406
35204380,2754,30,2724
35204381,1511,6,1505
35204382,2387,16,2371
35204383,766,32,734
35204384,825,3,822
35204385,673,28,645
35204386,794,0,794
35204387,607,5,602
35204388,567,3,564
35204389,1040,1,1039
35204390,1268,2,1266
35204391,485,0,485
35204392,514,3,511
35204393,485,0,485
35204394,486,0,486
35204395,667,0,667
35204396,1059,0,1059
35204397,1204,5,1199
35204398,596,2,594
35204399,1031,0,1031
35204400,472,2,470
35204401,1600,5,1595
35204402,1881,16,1865
35204403,613,3,610
35204404,507,0,507
35204405,732,1,731
35204406,428,0,428
35204407,575,10,565
35204408,601,0,601
35204409,402,0,402
35204410,1010,6,1004
35204411,609,0,609
35204412,1367,9,1358
35204413,1040,0,1040
35204414,1375,19,1356
35204415,924,47,877
35204416,418,4,414
35204417,467,0,467
35204418,228,0,228
35204419,552,2,550
35204420,474,0,474
35204421,562,6,556
35204422,521,3,518
35204423,494,0,494
35204424,968,10,958
35204425,542,17,525
35204426,2725,51,2674
35204427,1215,22,1193
35204428,3100,15,3085
35204429,613,8,605
35204430,981,1,980
35204431,620,8,612
35204432,559,1,558
35204433,509,1,508
35204434,506,3,503
35204435,1038,0,1038
35204436,2283,3,2280
35204437,623,1,622
35204438,657,1,656
35204439,704,0,704
35204440,493,1,492
35204441,529,1,528
35204442,492,9,483
35204443,525,0,525
35204444,437,3,434
35204445,494,0,494
35204446,721,4,717
35204447,508,0,508
35204448,764,1,763
35204449,408,9,399
35204450,436,58,378
35204451,442,1,441
35204452,510,4,506
35204453,989,5,984
35204454,3085,109,2976
35204455,755,1,754
35204456,1199,3,1196
35204457,546,0,546
35204458,1628,60,1568
35204460,536,2,534
35204461,562,5,557
35204462,494,1,493
35204463,534,8,526
35204464,3330,102,3228
35204465,1185,22,1163
35204466,1901,18,1883
35204467,1138,0,1138
35204468,2106,11,2095
35204469,1759,16,1743
35204470,2707,20,2687
35204471,808,7,801
35204472,859,0,859
35204473,474,0,474
35204474,3729,0,3729
35204475,644,0,644
35204476,499,0,499
35204477,491,0,491
35204478,817,0,817
35204479,96,17,79
35204480,890,1,889
35204481,525,0,525
35204482,411,2,409
35204483,445,1,444
35204484,467,0,467
35204485,549,1,548
35204486,511,1,510
35204487,1833,1,1832
35204488,2074,20,2054
35204489,711,0,711
35204490,1025,0,1025
35204491,509,0,509
35204492,411,0,411
35204493,528,2,526
35204494,856,0,856
35204495,572,0,572
35204496,499,0,499
35204497,414,0,414
35204498,545,0,545
35204499,605,1,604
35204500,540,0,540
35204501,489,1,488
35204502,625,2,623
35204503,585,0,585
35204504,370,0,370
35204505,1042,10,1032
35204506,990,0,990
35204507,1069,1,1068
35204508,485,0,485
35204509,537,0,537
35204510,563,0,563
35204511,632,9,623
35204512,559,6,553
35204513,357,4,353
35204514,477,10,467
35204515,756,7,749
35204516,780,5,775
35204517,458,1,457
35204518,621,2,619
35204519,534,6,528
35204520,729,6,723
35204521,459,5,454
35204522,465,3,462
35204523,621,2,619
35204524,417,4,413
35204525,333,3,330
35204526,585,5,580
35204527,495,4,491
35204528,520,7,513
35204529,541,12,529
35204530,598,8,590
35204531,583,5,578
35204532,553,13,540
35204533,1183,4,1179
35204534,498,12,486
35204535,1625,41,1584
35204536,964,3,961
35204537,679,50,629
35204538,565,23,542
35204539,551,11,540
35204540,615,12,603
35204541,629,10,619
35204542,483,0,483
35204543,993,0,993
35204544,659,1,658
35204545,447,0,447
35204546,519,5,514
35204547,505,5,500
35204548,1119,16,1103
35204549,409,29,380
35204550,436,35,401
35204551,434,1,433
35204552,457,0,457
35204553,489,0,489
35204554,516,55,461
35204555,560,1,559
35204556,549,10,539
35204557,505,9,496
35204558,863,16,847
35204559,440,5,435
35204560,554,2,552
35204561,635,17,618
35204562,563,9,554
35204563,1633,47,1586
35204564,3216,55,3161
35204565,1573,4,1569
35204566,519,7,512
35204567,7696,36,7660
35204568,734,7,727
35204569,652,6,646
35204570,592,4,588
35204571,944,6,938
35204572,436,4,432
35204573,619,6,613
35204574,1515,86,1429
35204575,661,15,646
35204576,614,3,611
35204577,603,3,600
35204578,2798,26,2772
35204579,1705,28,1677
35204580,1036,17,1019
35204581,1093,20,1073
35204582,728,10,718
35204583,555,22,533
35204584,823,17,806
35204585,892,26,866
35204586,584,2,582
35204587,265,0,265
35204588,3064,21,3043
35204589,1232,20,1212
35204590,900,9,891
35204591,1368,33,1335
35204592,2147,14,2133
35204593,930,5,925
35204594,1283,9,1274
35204595,1424,5,1419
35204596,731,0,731
35204597,591,2,589
35204598,840,1,839
35204599,855,0,855
35204600,974,9,965
35204601,563,0,563
35204602,1722,2,1720
35204603,728,5,723
35204605,1280,0,1280
35204606,4726,5,4721
35204607,1128,0,1128
35204608,951,3,948
35204609,345,9,336
35204610,462,0,462
35204611,757,17,740
35204612,814,8,806
35204613,638,2,636
35204614,1075,7,1068
35204615,1896,7,1889
35204616,2005,0,2005
35204617,755,3,752
35204618,1445,3,1442
35204620,717,17,700
35204621,691,20,671
35204622,583,18,565
35204623,831,21,810
35204624,717,24,693
35204625,414,11,403
35204626,418,7,411
35204627,455,12,443
35204628,409,8,401
35204629,633,15,618
35204630,396,8,388
35204631,623,12,611
35204632,545,10,535
35204633,2072,22,2050
35204634,600,17,583
35204635,690,2,688
35204636,674,11,663
35204637,552,2,550
35204638,517,2,515
35204639,593,3,590
35204640,504,2,502
35204641,677,3,674
35204642,659,4,655
35204643,488,9,479
35204644,518,11,507
35204645,524,10,514
35204646,434,11,423
35204647,610,13,597
35204648,906,29,877
35204649,544,14,530
35204650,2750,0,2750
35204652,1198,17,1181
35204653,3149,6,3143
35204655,1718,35,1683
35204656,936,21,915
35204657,2099,20,2079
35204658,354,8,346
35204659,684,12,672
35204660,384,28,356
35204661,1170,11,1159
35204662,991,3,988
35204663,503,6,497
35204664,468,6,462
35204665,627,3,624
35204666,2886,10,2876
35204667,495,9,486
35204668,969,2,967
35204669,534,3,531
35204670,1293,6,1287
35204671,453,11,442
35204672,868,30,838
35204673,632,1,631
35204674,600,5,595
35204675,1619,1,1618
35204676,4905,4,4901
35204678,392,6,386
35204679,400,5,395
35204680,751,11,740
35204681,376,6,370
35204682,512,8,504
35204683,426,6,420
35204684,668,6,662
35204685,453,8,445
35204686,520,7,513
35204687,479,9,470
35204688,701,17,684
35204689,871,17,854
35204690,1007,21,986
35204691,4378,16,4362
35204692,835,0,835
35204693,530,9,521
35204694,2621,16,2605
35204695,513,10,503
35204696,656,12,644
35204697,582,9,573
35204698,727,6,721
35204699,656,6,650
35204700,1315,14,1301
35204701,0,0,0
35204704,1848,2,1846
35204705,314,0,314
35204707,2057,1,2056
35204708,263,0,263
35204709,387,1,386
35204710,1346,0,1346
35204711,2101,4,2097
35204712,1320,2,1318
35204714,1303,0,1303
35204715,1356,1,1355
35204716,1445,5,1440
35204717,939,0,939
35204718,1076,0,1076
35204719,906,0,906
35204720,1088,0,1088
35204721,782,0,782
35204722,1548,14,1534
35204723,978,5,973
35204725,654,1,653
35204726,535,0,535
35204727,926,1,925
35204728,610,0,610
35204729,610,0,610
35204730,610,0,610
35204731,680,0,680
35204732,731,0,731
35204733,884,5,879
35204734,1099,6,1093
35204735,933,4,929
35204736,1095,1,1094
35204737,1560,5,1555
35204738,4243,9,4234
35204739,490,1,489
35204740,1567,6,1561
35204741,387,0,387
35204742,1502,0,1502
35204743,767,1,766
35204744,595,0,595
35204745,1160,5,1155
35204746,1519,1,1518
35204747,1629,30,1599
35204748,964,0,964
35204749,1180,4,1176
35204750,593,50,543
35204751,555,8,547
35204752,767,0,767
35204753,616,0,616
35204754,2279,6,2273
35204755,1251,0,1251
35204756,1220,2,1218
35204757,873,3,870
35204758,996,0,996
35204759,1008,5,1003
35204760,744,4,740
35204761,1300,0,1300
35204762,791,0,791
35204763,5687,26,5661
35204764,132,18,114
35204765,2281,9,2272
35204766,662,0,662
35204767,1463,3,1460
35204768,965,0,965
35204769,1650,7,1643
35204770,1343,9,1334
35204771,697,13,684
35204772,2234,14,2220
35204773,722,24,698
35204774,1053,10,1043
35204775,768,11,757
35204776,1101,2,1099
35204777,1397,0,1397
35204778,806,0,806
35204779,472,1,471
35204780,1330,1,1329
35204781,1126,0,1126
35204782,2767,2,2765
35204783,9,0,9
35204784,9,0,9
35204785,715,9,706
35204786,917,1,916
35204787,553,0,553
35204788,1209,1,1208
35204789,1040,0,1040
35204790,528,0,528
35204791,945,1,944
35204793,1624,14,1610
35204794,954,0,954
35204795,837,5,832
35204796,3544,19,3525
35204797,970,0,970
35204798,1020,1,1019
35204799,2546,7,2539
35204800,385,7,378
35204801,453,5,448
35204802,1232,5,1227
35204803,1166,22,1144
35204805,711,4,707
35204806,429,0,429
35204807,1331,4,1327
35204808,907,0,907
35204809,806,1,805
35204810,877,27,850
35204811,1028,16,1012
35204812,590,8,582
35204813,677,0,677
35204814,991,3,988
35204815,1119,0,1119
35204816,1254,16,1238
35204817,904,0,904
35204819,7308,72,7236
35204820,3256,58,3198
35204821,1186,26,1160
35204822,2066,9,2057
35204823,981,5,976
35204824,1500,8,1492
35204825,1324,6,1318
35204826,3994,20,3974
35204827,3632,7,3625
35204828,1344,0,1344
35204829,882,0,882
35204830,1514,6,1508
35204831,514,3,511
35204832,1887,3,1884
35204833,2963,18,2945
35204835,882,2,880
35204836,417,0,417
35204837,559,0,559
35204838,1108,0,1108
35204839,1725,53,1672
35204840,637,1,636
35204841,2006,11,1995
35204842,4157,143,4014
35204843,2651,103,2548
35204844,2393,37,2356
35204845,3785,41,3744
35204846,1718,3,1715
35204847,1503,1,1502
35204848,956,3,953
35204850,1837,0,1837
35204851,826,14,812
35204852,772,11,761
35204853,403,11,392
35204854,9,1,8
35204855,667,10,657
35204856,1833,21,1812
35204857,1543,0,1543
35204858,963,5,958
35204859,1456,1,1455
35204860,9,0,9
35204861,624,0,624
35204862,1112,11,1101
35204863,1856,9,1847
35204864,577,41,536
35204865,1257,8,1249
35204866,732,7,725
35204867,757,8,749
35204869,324,7,317
35204870,2025,32,1993
35204871,2204,61,2143
35204872,3999,145,3854
35204873,1757,89,1668
35204876,763,16,747
35204877,366,5,361
35204878,0,0,0
35204879,1189,6,1183
35204880,1983,8,1975
35204881,482,2,480
35204882,927,9,918
35204883,2056,23,2033
35204884,550,0,550
35204885,3780,5,3775
35204886,424,0,424
35204887,1249,2,1247
35204888,2031,25,2006
35204889,435,5,430
35204890,432,0,432
35204891,2174,2,2172
35204892,169,0,169
35204893,301,0,301
35204894,4011,22,3989
35204895,1397,7,1390
35204896,1950,8,1942
35204897,2183,7,2176
35204898,1030,11,1019
35204899,9,0,9
35204900,3417,18,3399
35204901,1115,19,1096
35204902,625,3,622
35204903,3856,29,3827
35204904,667,0,667
35204905,2179,0,2179
35204906,1329,1,1328
35210001,1108,2,1106
35210002,500,1,499
35210003,969,5,964
35210004,784,1,783
35210011,476,11,465
35210013,471,7,464
35210014,385,5,380
35210015,855,2,853
35210017,832,46,786
35210018,815,10,805
35210019,522,10,512
35210023,1044,6,1038
35210024,463,0,463
35210025,299,0,299
35210026,616,0,616
35210027,1040,5,1035
35210028,524,44,480
35210029,638,7,631
35210030,864,0,864
35210031,391,4,387
35210032,484,9,475
35210033,824,14,810
35210034,579,1,578
35210035,248,0,248
35210036,481,2,479
35210037,249,3,246
35210041,481,2,479
35210042,663,1,662
35210043,937,5,932
35210044,485,31,454
35210045,488,2,486
35210046,579,2,577
35210047,422,2,420
35210048,791,2,789
35210049,665,1,664
35210050,339,30,309
35210051,459,6,453
35210052,510,7,503
35210053,699,2,697
35210054,341,0,341
35210055,398,1,397
35210057,456,0,456
35210058,590,5,585
35210059,587,0,587
35210060,763,1,762
35210061,619,6,613
35210063,341,1,340
35210065,634,7,627
35210066,518,5,513
35210067,547,2,545
35210068,581,8,573
35210069,908,10,898
35210070,502,3,499
35210071,364,3,361
35210072,403,1,402
35210073,839,46,793
35210074,435,1,434
35210075,596,2,594
35210076,475,2,473
35210077,360,3,357
35210078,693,2,691
35210079,1249,1,1248
35210080,887,0,887
35210081,696,0,696
35210082,883,8,875
35210083,1274,15,1259
35210090,648,4,644
35210094,726,1,725
35210095,1251,3,1248
35210096,242,2,240
35210097,658,2,656
35210098,318,2,316
35210099,879,3,876
35210100,609,0,609
35210104,259,11,248
35210105,504,12,492
35210106,409,15,394
35210107,435,13,422
35210108,547,9,538
35210109,455,11,444
35210110,1019,8,1011
35210111,728,9,719
35210112,506,6,500
35210113,1326,37,1289
35210114,308,6,302
35210115,2080,27,2053
35210116,637,5,632
35210117,895,4,891
35210118,555,7,548
35210119,806,7,799
35210120,267,33,234
35210121,440,6,434
35210122,453,7,446
35210124,662,11,651
35210125,623,4,619
35210130,1130,15,1115
35210131,753,7,746
35210132,550,9,541
35210133,821,14,807
35210145,516,3,513
35210146,558,3,555
35210147,518,1,517
35210148,301,1,300
35210151,801,9,792
35210152,439,5,434
35210153,618,5,613
35210154,270,3,267
35210155,538,6,532
35210156,427,7,420
35210157,443,10,433
35210158,632,11,621
35210159,603,12,591
35210160,357,2,355
35210161,1133,42,1091
35210162,927,38,889
35210163,462,1,461
35210164,888,1,887
35210165,474,1,473
35210166,377,1,376
35210167,748,8,740
35210168,1445,5,1440
35210169,559,2,557
35210170,657,4,653
35210171,626,4,622
35210172,492,63,429
35210173,556,4,552
35210174,539,2,537
35210175,568,26,542
35210176,1247,9,1238
35210177,486,4,482
35210178,504,1,503
35210179,659,49,610
35210180,537,19,518
35210181,945,3,942
35210182,1160,70,1090
35210183,580,18,562
35210186,292,4,288
35210187,416,10,406
35210188,467,5,462
35210189,1222,3,1219
35210190,445,7,438
35210191,317,1,316
35210192,602,2,600
35210193,386,5,381
35210194,1027,11,1016
35210195,628,1,627
35210198,472,0,472
35210199,661,1,660
35210204,384,3,381
35210205,544,1,543
35210206,479,1,478
35210207,732,12,720
35210208,624,0,624
35210209,742,1,741
35210210,653,0,653
35210211,1049,3,1046
35210212,670,0,670
35210213,980,4,976
35210214,539,0,539
35210215,770,1,769
35210216,693,4,689
35210217,771,2,769
35210218,732,5,727
35210219,485,3,482
35210220,404,1,403
35210221,519,1,518
35210222,540,0,540
35210223,360,2,358
35210224,798,3,795
35210225,498,3,495
35210226,676,9,667
35210227,471,3,468
35210228,407,4,403
35210229,636,2,634
35210231,895,1,894
35210233,668,5,663
35210234,1634,4,1630
35210239,1197,40,1157
35210240,562,3,559
35210241,1307,18,1289
35210242,679,0,679
35210243,688,0,688
35210244,482,4,478
35210245,346,1,345
35210246,436,3,433
35210247,688,3,685
35210248,430,3,427
35210249,1064,5,1059
35210252,463,0,463
35210253,372,0,372
35210255,544,4,540
35210256,1255,19,1236
35210261,897,1,896
35210262,1497,4,1493
35210263,728,1,727
35210264,1550,6,1544
35210265,421,1,420
35210266,670,1,669
35210267,675,1,674
35210268,393,1,392
35210269,1036,0,1036
35210270,425,1,424
35210271,742,0,742
35210272,757,0,757
35210273,1206,4,1202
35210274,861,1,860
35210275,286,0,286
35210276,570,0,570
35210277,695,2,693
35210278,462,0,462
35210279,745,0,745
35210280,787,6,781
35210281,558,0,558
35210282,546,1,545
35210293,965,1,964
35210294,395,0,395
35210295,627,0,627
35210296,1053,8,1045
35210298,353,0,353
35210299,390,0,390
35210300,522,1,521
35210301,344,0,344
35210302,671,3,668
35210303,483,0,483
35210304,694,1,693
35210305,600,0,600
35210306,447,1,446
35210307,527,1,526
35210308,560,4,556
35210309,501,1,500
35210310,599,0,599
35210311,463,0,463
35210312,638,0,638
35210313,688,0,688
35210314,417,1,416
35210315,458,1,457
35210316,374,0,374
35210317,269,0,269
35210318,893,0,893
35210319,254,0,254
35210320,572,0,572
35210321,286,0,286
35210322,653,0,653
35210323,516,1,515
35210324,1473,3,1470
35210326,539,0,539
35210327,436,0,436
35210328,743,0,743
35210329,774,1,773
35210330,731,5,726
35210331,1205,3,1202
35210332,336,1,335
35210333,728,2,726
35210334,340,0,340
35210335,284,0,284
35210338,1182,0,1182
35210345,576,1,575
35210346,499,0,499
35210347,582,5,577
35210348,489,0,489
35210349,583,6,577
35210350,456,0,456
35210351,770,4,766
35210352,613,1,612
35210353,1129,100,1029
35210354,383,1,382
35210355,473,4,469
35210356,618,56,562
35210357,581,9,572
35210358,890,6,884
35210359,423,11,412
35210360,632,12,620
35210361,461,7,454
35210362,554,12,542
35210363,371,9,362
35210364,286,9,277
35210365,781,8,773
35210368,391,0,391
35210369,660,0,660
35210370,397,11,386
35210371,571,15,556
35210372,668,11,657
35210373,514,10,504
35210374,831,12,819
35210375,434,11,423
35210376,474,16,458
35210377,751,13,738
35210378,564,6,558
35210379,414,8,406
35210380,345,7,338
35210381,763,3,760
35210384,406,7,399
35210385,1438,29,1409
35210386,520,7,513
35210387,473,1,472
35210388,434,3,431
35210389,700,8,692
35210390,704,3,701
35210391,275,1,274
35210392,998,1,997
35210393,522,8,514
35210394,809,1,808
35210395,466,3,463
35210396,856,1,855
35210397,379,1,378
35210398,410,1,409
35210399,740,3,737
35210400,864,9,855
35210401,572,3,569
35210402,641,2,639
35210403,485,1,484
35210404,467,1,466
35210405,492,7,485
35210406,493,0,493
35210407,427,5,422
35210408,434,4,430
35210409,530,29,501
35210410,711,6,705
35210411,611,4,607
35210412,1273,18,1255
35210413,701,5,696
35210414,568,1,567
35210415,849,4,845
35210416,563,1,562
35210417,1012,5,1007
35210418,340,3,337
35210419,517,8,509
35210420,451,2,449
35210421,323,1,322
35210424,762,4,758
35210425,379,15,364
35210426,370,1,369
35210427,394,6,388
35210428,510,8,502
35210429,320,6,314
35210430,520,7,513
35210431,476,5,471
35210432,524,3,521
35210434,668,3,665
35210435,556,7,549
35210436,475,6,469
35210437,445,3,442
35210438,698,6,692
35210439,385,1,384
35210440,555,3,552
35210441,400,1,399
35210442,378,1,377
35210443,742,92,650
35210444,445,1,444
35210445,1092,5,1087
35210446,395,0,395
35210448,338,2,336
35210449,817,0,817
35210450,814,2,812
35210451,261,2,259
35210452,376,0,376
35210456,669,2,667
35210457,990,20,970
35210458,1000,1,999
35210459,551,1,550
35210462,1082,21,1061
35210465,365,10,355
35210467,230,10,220
35210468,626,18,608
35210473,2012,7,2005
35210474,498,2,496
35210475,1049,6,1043
35210479,1699,1,1698
35210480,281,0,281
35210481,634,0,634
35210482,451,0,451
35210483,564,1,563
35210486,503,1,502
35210487,269,2,267
35210488,611,2,609
35210489,344,0,344
35210490,600,1,599
35210491,601,6,595
35210492,1553,20,1533
35210493,576,3,573
35210494,753,5,748
35210495,329,2,327
35210496,424,3,421
35210497,819,3,816
35210498,598,2,596
35210501,916,1,915
35210502,612,0,612
35210503,314,0,314
35210504,597,2,595
35210505,284,1,283
35210506,497,0,497
35210507,497,3,494
35210508,423,0,423
35210509,681,3,678
35210510,304,17,287
35210511,996,3,993
35210512,329,1,328
35210513,762,10,752
35210514,599,7,592
35210515,286,4,282
35210516,840,3,837
35210517,463,4,459
35210520,632,2,630
35210521,442,0,442
35210522,530,0,530
35210526,580,0,580
35210528,934,2,932
35210530,719,5,714
35210531,826,5,821
35210532,307,2,305
35210533,1005,1,1004
35210536,919,1,918
35210537,640,3,637
35210539,963,2,961
35210542,316,2,314
35210543,539,1,538
35210545,971,54,917
35210547,625,10,615
35210550,669,5,664
35210551,916,15,901
35210552,1167,7,1160
35210553,672,12,660
35210554,914,22,892
35210555,381,5,376
35210556,1184,2,1182
35210557,479,2,477
35210558,808,2,806
35210559,1083,2,1081
35210561,734,3,731
35210564,964,6,958
35210565,1109,8,1101
35210566,570,0,570
35210567,1005,1,1004
35210569,1120,1,1119
35210570,681,3,678
35210571,806,5,801
35210572,577,3,574
35210573,624,6,618
35210574,616,2,614
35210575,359,4,355
35210576,689,10,679
35210577,531,4,527
35210578,1560,8,1552
35210579,397,6,391
35210580,656,5,651
35210583,250,14,236
35210584,324,15,309
35210585,410,20,390
35210587,1534,22,1512
35210588,549,6,543
35210589,287,2,285
35210590,920,1,919
35210591,620,3,617
35210592,677,25,652
35210593,532,2,530
35210598,210,1,209
35210601,698,2,696
35210602,1034,9,1025
35210603,759,5,754
35210604,398,2,396
35210605,952,10,942
35210606,774,6,768
35210607,431,7,424
35210609,351,8,343
35210610,321,1,320
35210611,262,1,261
35210612,450,5,445
35210613,805,2,803
35210614,858,1,857
35210615,898,4,894
35210616,610,1,609
35210617,1269,3,1266
35210618,259,4,255
35210621,1321,4,1317
35210625,453,0,453
35210626,270,0,270
35210632,597,5,592
35210633,1152,1,1151
35210634,376,0,376
35210635,556,1,555
35210638,851,2,849
35210639,931,2,929
35210640,585,4,581
35210641,777,8,769
35210642,562,1,561
35210644,491,0,491
35210645,917,1,916
35210646,478,3,475
35210647,752,3,749
35210651,577,0,577
35210652,367,2,365
35210653,336,0,336
35210655,331,0,331
35210656,485,1,484
35210657,640,0,640
35210659,666,0,666
35210660,525,16,509
35210661,461,3,458
35210662,1159,4,1155
35210663,660,15,645
35210664,721,12,709
35210665,842,17,825
35210666,587,2,585
35210667,838,3,835
35210668,885,0,885
35210669,677,1,676
35210672,959,4,955
35210673,721,0,721
35210674,710,1,709
35210675,453,0,453
35210676,936,0,936
35210679,1385,3,1382
35210680,635,0,635
35210681,648,0,648
35210682,751,0,751
35210683,994,3,991
35210685,805,0,805
35210686,233,0,233
35210689,783,49,734
35210690,424,3,421
35210691,863,6,857
35210692,397,4,393
35210693,561,8,553
35210694,331,11,320
35210695,688,5,683
35210696,571,6,565
35210697,431,1,430
35210698,659,1,658
35210699,488,0,488
35210700,484,0,484
35210701,815,3,812
35210703,947,3,944
35210704,484,0,484
35210705,703,1,702
35210706,692,3,689
35210707,479,1,478
35210708,1182,10,1172
35210709,390,7,383
35210710,561,6,555
35210711,810,3,807
35210714,1253,3,1250
35210715,743,0,743
35210716,1491,2,1489
35210717,353,0,353
35210718,593,0,593
35210719,688,0,688
35210720,1117,2,1115
35210721,1318,10,1308
35210722,670,4,666
35210723,420,0,420
35210724,545,0,545
35210725,536,1,535
35210726,371,0,371
35210727,276,0,276
35210730,838,5,833
35210732,831,8,823
35210733,344,3,341
35210734,1704,13,1691
35210735,449,7,442
35210736,649,4,645
35210737,396,2,394
35210738,465,1,464
35210739,543,2,541
35210740,641,1,640
35210741,500,2,498
35210742,522,1,521
35210743,853,11,842
35210747,861,5,856
35210748,498,2,496
35210749,758,7,751
35210750,460,0,460
35210751,711,1,710
35210752,621,1,620
35210753,678,4,674
35210754,709,2,707
35210755,849,8,841
35210756,1144,1,1143
35210757,607,1,606
35210758,555,1,554
35210759,666,21,645
35210764,480,2,478
35210766,783,3,780
35210772,1449,4,1445
35210773,432,1,431
35210774,554,0,554
35210775,482,0,482
35210776,293,0,293
35210777,324,0,324
35210778,319,0,319
35210779,974,9,965
35210780,2476,9,2467
35210781,616,6,610
35210782,456,5,451
35210783,500,5,495
35210784,386,8,378
35210785,424,5,419
35210786,1332,11,1321
35210787,889,1,888
35210788,412,0,412
35210789,1152,1,1151
35210790,564,1,563
35210791,281,0,281
35210792,844,2,842
35210793,487,0,487
35210794,607,2,605
35210795,521,0,521
35210796,412,0,412
35210797,255,0,255
35210798,678,0,678
35210799,440,0,440
35210800,379,0,379
35210801,275,0,275
35210802,1181,9,1172
35210803,370,0,370
35210804,522,7,515
35210806,461,5,456
35210807,667,5,662
35210808,331,4,327
35210809,458,0,458
35210811,1059,0,1059
35210812,988,10,978
35210815,424,10,414
35210816,768,11,757
35210826,1204,1,1203
35210827,429,0,429
35210828,423,0,423
35210829,555,0,555
35210830,982,0,982
35210831,646,0,646
35210832,635,0,635
35210833,677,1,676
35210834,519,1,518
35210835,480,1,479
35210836,442,0,442
35210837,599,0,599
35210838,646,0,646
35210839,658,0,658
35210840,528,1,527
35210841,509,1,508
35210842,1158,2,1156
35210843,333,1,332
35210844,1171,1,1170
35210845,955,0,955
35210846,376,2,374
35210847,629,1,628
35210848,251,0,251
35210849,565,0,565
35210850,1464,2,1462
35210851,1036,0,1036
35210852,1574,1,1573
35210855,755,5,750
35210862,4420,1,4419
35210876,2064,4,2060
35210878,184,6,178
35210886,526,0,526
35210887,381,0,381
35210888,1431,1,1430
35210889,489,0,489
35210890,532,0,532
35210891,616,1,615
35210896,904,1,903
35210897,654,0,654
35210898,592,1,591
35210899,460,0,460
35210900,432,1,431
35210901,743,1,742
35210902,588,0,588
35210903,319,0,319
35210905,677,0,677
35210906,543,1,542
35210908,721,1,720
35210910,436,0,436
35210911,699,0,699
35210912,717,0,717
35210913,1071,3,1068
35210914,1088,1,1087
35210922,879,0,879
35210923,775,0,775
35210926,723,4,719
35210927,419,1,418
35210928,385,35,350
35210929,464,1,463
35210930,355,1,354
35210931,481,0,481
35210932,256,0,256
35210933,633,0,633
35210934,634,3,631
35210935,454,0,454
35210936,802,2,800
35210937,551,11,540
35210938,978,5,973
35210939,688,5,683
35210940,299,1,298
35210941,360,5,355
35210942,591,8,583
35210943,261,3,258
35210944,1215,8,1207
35210945,839,4,835
35210946,1405,3,1402
35210947,735,0,735
35210948,417,0,417
35210949,827,4,823
35210951,311,1,310
35210952,506,4,502
35210953,463,3,460
35210954,516,14,502
35210955,595,1,594
35210956,318,6,312
35210957,1013,7,1006
35210958,399,6,393
35210959,1454,5,1449
35210961,1458,4,1454
35210964,679,1,678
35210967,308,0,308
35210970,324,0,324
35210972,646,1,645
35210973,291,0,291
35210974,1197,7,1190
35210975,696,5,691
35210976,1743,12,1731
35210977,802,8,794
35210981,717,6,711
35210984,1285,37,1248
35210985,669,25,644
35210989,804,1,803
35210993,366,0,366
35210996,698,1,697
35210997,1307,16,1291
35210998,740,2,738
35210999,452,2,450
35211000,481,2,479
35211001,424,2,422
35211003,844,3,841
35211005,523,7,516
35211006,782,3,779
35211007,641,1,640
35211008,1069,82,987
35211009,553,1,552
35211010,466,5,461
35211011,338,7,331
35211013,565,2,563
35211014,1265,1,1264
35211016,593,5,588
35211017,555,0,555
35211018,516,0,516
35211019,541,2,539
35211021,374,1,373
35211022,449,7,442
35211023,434,5,429
35211024,1231,6,1225
35211025,1046,9,1037
35211031,350,6,344
35211032,2443,12,2431
35211033,1046,1,1045
35211034,1770,0,1770
35211035,514,0,514
35211036,1097,0,1097
35211037,814,9,805
35211038,626,0,626
35211039,554,0,554
35211044,1265,1,1264
35211046,843,7,836
35211052,479,14,465
35211053,473,5,468
35211054,532,2,530
35211055,566,0,566
35211056,687,1,686
35211057,888,2,886
35211058,316,0,316
35211059,509,0,509
35211060,378,0,378
35211061,439,0,439
35211065,304,0,304
35211066,434,1,433
35211067,313,0,313
35211068,644,0,644
35211069,633,0,633
35211070,521,0,521
35211071,294,0,294
35211072,779,3,776
35211073,324,0,324
35211074,842,4,838
35211077,1526,5,1521
35211078,340,7,333
35211079,776,7,769
35211080,305,2,303
35211081,643,4,639
35211082,359,4,355
35211083,302,0,302
35211084,1137,3,1134
35211085,459,0,459
35211086,795,1,794
35211087,749,1,748
35211088,364,1,363
35211089,592,0,592
35211090,870,6,864
35211091,511,3,508
35211092,867,11,856
35211093,367,4,363
35211094,381,2,379
35211095,600,3,597
35211096,541,0,541
35211097,268,2,266
35211098,575,4,571
35211099,545,6,539
35211102,771,2,769
35211103,592,0,592
35211104,409,0,409
35211105,566,1,565
35211106,290,0,290
35211107,264,0,264
35211108,917,6,911
35211109,703,1,702
35211110,347,0,347
35211111,609,0,609
35211112,675,1,674
35211113,1720,2,1718
35211114,807,0,807
35211120,444,15,429
35211121,377,0,377
35211122,909,4,905
35211123,575,0,575
35211124,340,0,340
35211125,473,0,473
35211126,416,1,415
35211127,794,37,757
35211128,612,0,612
35211130,412,18,394
35211131,477,17,460
35211132,493,0,493
35211133,264,4,260
35211134,357,5,352
35211135,836,3,833
35211136,276,2,274
35211137,837,1,836
35211138,364,5,359
35211140,315,6,309
35211141,410,9,401
35211142,615,10,605
35211143,929,12,917
35211144,350,9,341
35211145,374,8,366
35211146,1032,15,1017
35211147,352,4,348
35211148,446,9,437
35211149,396,34,362
35211150,386,5,381
35211151,1028,2,1026
35211152,872,2,870
35211155,217,0,217
35211156,595,0,595
35211158,535,16,519
35211159,1718,54,1664
35211160,741,0,741
35211162,651,0,651
35211170,888,0,888
35211174,1061,3,1058
35211176,727,13,714
35211177,303,5,298
35211179,539,2,537
35211180,901,18,883
35211181,949,18,931
35211182,959,17,942
35211183,278,17,261
35211196,348,6,342
35211205,436,1,435
35211206,1264,1,1263
35211207,595,1,594
35211209,1464,8,1456
35211210,760,8,752
35211211,450,14,436
35211215,724,1,723
35211216,508,0,508
35211218,328,5,323
35211221,556,5,551
35211222,333,7,326
35211223,646,5,641
35211224,451,3,448
35211225,6895,16,6879
35211227,226,7,219
35211228,313,8,305
35211229,802,14,788
35211230,328,0,328
35211231,429,3,426
35211232,604,2,602
35211242,882,8,874
35211243,364,1,363
35211244,554,2,552
35211245,733,1,732
35211246,748,5,743
35211248,1004,12,992
35211249,319,9,310
35211250,247,1,246
35211251,476,6,470
35211253,970,5,965
35211254,1057,25,1032
35211255,993,18,975
35211256,735,17,718
35211257,358,13,345
35211258,628,12,616
35211259,1322,6,1316
35211262,380,21,359
35211263,360,0,360
35211264,513,11,502
35211265,809,4,805
35211266,508,10,498
35211267,490,4,486
35211268,443,7,436
35211269,544,6,538
35211270,767,1,766
35211271,371,2,369
35211272,1362,120,1242
35211273,699,1,698
35211274,970,2,968
35211275,525,16,509
35211276,338,9,329
35211277,732,4,728
35211278,1062,6,1056
35211281,620,10,610
35211282,521,7,514
35211283,662,4,658
35211284,1149,5,1144
35211285,729,20,709
35211286,495,9,486
35211287,508,12,496
35211288,1145,0,1145
35211289,908,8,900
35211290,563,11,552
35211291,1117,15,1102
35211292,620,5,615
35211293,340,3,337
35211294,777,15,762
35211297,593,14,579
35211310,1413,0,1413
35211312,885,1,884
35211313,1303,10,1293
35211316,559,0,559
35211317,568,0,568
35211318,703,1,702
35211319,625,0,625
35211320,661,0,661
35211321,1212,3,1209
35211322,994,0,994
35211323,785,0,785
35211324,326,2,324
35211325,1120,1,1119
35211336,554,1,553
35211337,381,0,381
35211338,291,0,291
35211339,368,0,368
35211349,644,0,644
35211350,625,3,622
35211351,679,6,673
35211352,467,6,461
35211353,504,3,501
35211354,452,5,447
35211355,625,4,621
35211356,480,2,478
35211357,393,3,390
35211358,760,14,746
35211359,505,5,500
35211362,1123,28,1095
35211363,569,2,567
35211364,684,4,680
35211365,388,0,388
35211366,639,7,632
35211367,420,1,419
35211369,907,0,907
35211370,657,1,656
35211371,745,2,743
35211375,318,8,310
35211376,374,6,368
35211386,851,1,850
35211394,1101,5,1096
35211397,1414,39,1375
35211399,1418,1,1417
35211401,4594,4,4590
35211402,2320,123,2197
35211403,1337,8,1329
35211405,2150,4,2146
35211407,1482,3,1479
35211409,2301,26,2275
35211412,2267,3,2264
35211413,3699,24,3675
35211415,781,2,779
35211416,2142,1,2141
35211417,1713,4,1709
35211419,1273,7,1266
35211421,1843,2,1841
35211422,1329,1,1328
35211423,2409,3,2406
35211425,1000,0,1000
35211426,1482,0,1482
35211428,1155,2,1153
35211430,1322,5,1317
35211432,1446,7,1439
35211434,2766,74,2692
35211437,2339,21,2318
35211438,2635,55,2580
35211439,1688,4,1684
35211440,1317,1,1316
35211442,1531,6,1525
35211443,1706,2,1704
35211444,701,1,700
35211446,1172,3,1169
35211447,1823,6,1817
35211448,990,0,990
35211454,2152,41,2111
35211455,783,2,781
35211456,2693,16,2677
35211457,2286,35,2251
35211459,1076,1,1075
35211460,4139,4,4135
35211462,8113,74,8039
35211463,2343,1,2342
35211464,1455,7,1448
35211465,1411,19,1392
35211466,1406,8,1398
35211467,2247,14,2233
35211468,2195,20,2175
35211471,833,8,825
35211472,523,0,523
35211473,742,4,738
35211474,1091,1,1090
35211475,514,3,511
35211476,1471,10,1461
35211477,813,3,810
35211478,825,1,824
35211479,693,1,692
35211480,837,10,827
35211481,547,2,545
35211482,1237,11,1226
35211484,915,0,915
35211485,483,0,483
35211486,842,0,842
35211487,1244,2,1242
35211488,1021,5,1016
35211489,551,6,545
35211490,476,4,472
35211491,924,0,924
35211492,802,1,801
35211493,586,0,586
35211496,1669,1,1668
35211497,448,8,440
35211498,977,2,975
35211499,912,1,911
35211501,1157,1,1156
35211502,614,0,614
35211505,252,0,252
35211506,1177,1,1176
35211507,614,2,612
35211508,827,0,827
35211509,879,0,879
35211510,918,5,913
35211511,526,0,526
35211513,901,1,900
35211514,450,2,448
35211515,579,1,578
35211516,622,4,618
35211517,486,1,485
35211518,2023,5,2018
35211519,417,0,417
35211520,508,0,508
35211521,750,1,749
35211522,663,0,663
35211523,534,1,533
35211524,744,2,742
35211525,548,0,548
35211526,1130,17,1113
35211527,1016,15,1001
35211528,1528,18,1510
35211529,272,11,261
35211530,544,0,544
35211531,795,0,795
35211532,846,2,844
35211533,600,1,599
35211534,797,18,779
35211535,902,3,899
35211536,505,0,505
35211537,1075,1,1074
35211538,207,0,207
35211539,739,1,738
35211540,1041,4,1037
35211542,478,2,476
35211543,628,3,625
35211544,431,6,425
35211545,376,2,374
35211546,683,0,683
35211547,341,2,339
35211548,985,0,985
35211549,501,6,495
35211550,393,7,386
35211551,949,14,935
35211552,590,9,581
35211553,724,24,700
35211554,1207,2,1205
35211555,523,1,522
35211556,288,1,287
35211557,348,11,337
35211558,1439,12,1427
35211559,1383,1,1382
35211561,342,8,334
35211565,514,1,513
35211566,1268,34,1234
35211567,1116,2,1114
35211568,619,3,616
35211569,1509,6,1503
35211570,726,2,724
35211571,361,3,358
35211572,495,3,492
35211573,459,4,455
35211574,563,1,562
35211575,382,1,381
35211576,533,5,528
35211577,866,10,856
35211578,597,2,595
35211579,610,37,573
35211581,1207,2,1205
35211582,926,0,926
35211583,513,0,513
35211584,581,4,577
35211585,990,5,985
35211586,98,0,98
35211587,1421,20,1401
35211588,445,0,445
35211590,717,0,717
35211591,1015,5,1010
35211592,905,1,904
35211593,853,1,852
35211596,2317,3,2314
35211597,1973,39,1934
35211598,1371,11,1360
35211599,1461,2,1459
35211600,690,2,688
35211601,771,37,734
35211602,381,3,378
35211603,948,11,937
35211604,517,0,517
35211605,622,2,620
35211606,453,0,453
35211607,733,3,730
35211608,515,1,514
35211609,850,1,849
35211610,2622,28,2594
35211611,541,2,539
35211612,851,5,846
35211613,548,3,545
35211614,511,5,506
35211615,665,1,664
35211616,467,7,460
35211617,488,10,478
35211618,599,36,563
35211619,565,4,561
35211620,684,7,677
35211621,543,24,519
35211622,559,10,549
35211623,636,3,633
35211624,556,2,554
35211625,643,4,639
35211626,600,7,593
35211627,521,3,518
35211628,610,6,604
35211629,584,2,582
35211630,750,3,747
35211631,539,2,537
35211632,568,3,565
35211633,431,1,430
35211634,976,6,970
35211635,659,1,658
35211636,800,1,799
35211637,739,1,738
35211638,822,6,816
35211639,605,1,604
35211640,680,5,675
35211641,627,1,626
35211642,1145,8,1137
35211643,685,1,684
35211644,533,0,533
35211645,730,1,729
35211646,980,37,943
35211647,390,0,390
35211648,609,1,608
35211649,2145,3,2142
35211650,899,0,899
35211651,826,0,826
35211652,575,0,575
35211656,622,3,619
35211657,450,1,449
35211658,521,2,519
35211661,671,1,670
35211663,1717,1,1716
35211664,652,4,648
35211665,1632,2,1630
35211666,575,0,575
35211667,1338,0,1338
35211668,589,1,588
35211669,1007,0,1007
35211670,519,0,519
35211672,668,0,668
35211673,668,0,668
35211675,749,1,748
35211676,1447,2,1445
35211677,817,0,817
35211678,812,0,812
35211679,1417,5,1412
35211680,578,0,578
35211681,828,0,828
35211682,707,1,706
35211683,586,3,583
35211684,689,0,689
35211685,1256,1,1255
35211686,552,1,551
35211687,1352,11,1341
35211691,979,1,978
35211693,816,3,813
35211695,1211,5,1206
35211696,396,0,396
35211697,1380,16,1364
35211698,535,1,534
35211699,649,19,630
35211701,5926,21,5905
35211702,1314,1,1313
35211704,561,6,555
35211705,1123,6,1117
35211706,731,5,726
35211707,649,5,644
35211708,458,6,452
35211711,1294,1,1293
35211712,618,3,615
35211713,1044,56,988
35211714,741,3,738
35211715,1013,0,1013
35211716,4083,9,4074
35211718,1282,1,1281
35211719,862,0,862
35211720,648,0,648
35211721,879,0,879
35211722,708,2,706
35211723,767,0,767
35211724,958,0,958
35211725,746,1,745
35211726,909,0,909
35211727,1282,1,1281
35211728,598,0,598
35211729,796,1,795
35211730,819,0,819
35211731,843,2,841
35211732,1051,1,1050
35211733,747,1,746
35211734,1886,1,1885
35211735,1336,0,1336
35211737,704,19,685
35211738,864,4,860
35211739,767,2,765
35211740,735,5,730
35211741,659,1,658
35211742,540,5,535
35211743,1436,10,1426
35211744,964,3,961
35211745,906,1,905
35211746,608,3,605
35211747,587,0,587
35211748,1395,2,1393
35211749,856,2,854
35211750,956,1,955
35211751,849,0,849
35211754,1097,0,1097
35211755,604,0,604
35211756,1032,1,1031
35211757,683,1,682
35211758,887,1,886
35211760,1402,3,1399
35211761,629,0,629
35211762,5547,17,5530
35211763,1007,6,1001
35211764,923,6,917
35211765,1043,7,1036
35211766,614,6,608
35211767,937,7,930
35211768,738,6,732
35211769,3236,17,3219
35211770,502,4,498
35211772,677,5,672
35211774,732,2,730
35211775,826,44,782
35211776,750,9,741
35211777,980,7,973
35211778,1123,6,1117
35211779,787,6,781
35211780,1228,7,1221
35211781,946,14,932
35211782,744,8,736
35211783,625,10,615
35211784,665,8,657
35211785,611,1,610
35211788,934,11,923
35211790,974,0,974
35211791,1223,5,1218
35211792,838,1,837
35211793,1105,2,1103
35211794,1048,4,1044
35211795,795,0,795
35211796,1010,0,1010
35211797,1662,4,1658
35211801,507,2,505
35211802,753,1,752
35211803,474,0,474
35211804,521,1,520
35211805,579,0,579
35211806,456,0,456
35211807,2537,2,2535
35211808,907,4,903
35211809,908,2,906
35211812,1449,14,1435
35211814,663,0,663
35211815,479,1,478
35211816,1257,0,1257
35211817,738,0,738
35211818,559,0,559
35211819,949,3,946
35211820,727,0,727
35211821,843,1,842
35211822,2021,1,2020
35211823,1815,1,1814
35211824,673,1,672
35211825,847,1,846
35211826,2797,0,2797
35211827,3322,3,3319
35211828,1243,0,1243
35211829,2975,8,2967
35211830,1993,0,1993
35211831,1027,0,1027
35211832,1153,1,1152
35211833,1460,1,1459
35211834,497,0,497
35211835,645,0,645
35211836,2061,6,2055
35211837,1490,4,1486
35211838,898,2,896
35211839,1061,0,1061
35211840,1431,7,1424
35211841,493,0,493
35211842,556,0,556
35211843,1542,0,1542
35211844,712,0,712
35211845,505,1,504
35211847,1008,0,1008
35211848,1240,2,1238
35211849,680,4,676
35211850,871,0,871
35211851,711,0,711
35211852,944,1,943
35211853,1077,1,1076
35211854,1010,0,1010
35211855,985,0,985
35211856,1076,1,1075
35211857,1226,1,1225
35211859,887,0,887
35211860,1397,1,1396
35211861,1341,7,1334
35211863,826,0,826
35211864,904,1,903
35211868,1128,3,1125
35211870,2640,8,2632
35211871,851,0,851
35211872,8185,6,8179
35211873,611,1,610
35211874,806,2,804
35211875,401,0,401
35211876,595,0,595
35211877,504,2,502
35211878,3518,11,3507
35211879,851,1,850
35211880,596,0,596
35211881,584,0,584
35211882,1047,3,1044
35211883,5835,9,5826
35211885,594,1,593
35211887,473,3,470
35211888,797,0,797
35211890,732,1,731
35211891,736,2,734
35211892,659,1,658
35211893,869,2,867
35211894,812,2,810
35211895,854,1,853
35211896,1476,1,1475
35211897,610,0,610
35211898,880,0,880
35211899,575,1,574
35211900,564,1,563
35211901,870,0,870
35211902,2822,9,2813
35211903,1059,1,1058
35211904,758,5,753
35211905,809,1,808
35211906,956,0,956
35211907,852,0,852
35211908,623,0,623
35211909,819,1,818
35211910,972,1,971
35211911,1311,2,1309
35211912,541,0,541
35211913,840,2,838
35211914,717,0,717
35211915,1022,4,1018
35211916,786,2,784
35211918,2357,1,2356
35211919,710,2,708
35211920,466,2,464
35211921,709,1,708
35211922,5258,9,5249
35211923,942,1,941
35211924,668,0,668
35211925,422,0,422
35211926,541,0,541
35211927,914,1,913
35211928,380,0,380
35211929,2726,6,2720
35211930,762,0,762
35211931,698,0,698
35211932,713,0,713
35211933,820,1,819
35211934,815,3,812
35211935,752,0,752
35211936,547,3,544
35211937,1950,4,1946
35211938,922,0,922
35211939,1260,1,1259
35211940,1003,0,1003
35211941,2924,33,2891
35211942,748,3,745
35211943,2355,4,2351
35211944,742,0,742
35211945,481,0,481
35211946,788,1,787
35211947,639,1,638
35211948,919,4,915
35211949,1560,5,1555
35211950,720,0,720
35211951,620,0,620
35211952,573,0,573
35211953,585,0,585
35211954,759,1,758
35211955,740,2,738
35211956,841,1,840
35211957,774,0,774
35211958,609,0,609
35211959,635,0,635
35211960,503,0,503
35211961,515,7,508
35211962,1311,14,1297
35211963,3687,8,3679
35211964,567,6,561
35211965,486,0,486
35211966,583,1,582
35211967,667,0,667
35211968,752,1,751
35211969,645,0,645
35211970,804,1,803
35211971,707,0,707
35211972,1977,2,1975
35211975,857,1,856
35211976,500,0,500
35211977,496,0,496
35211978,633,1,632
35211979,1359,3,1356
35211981,5145,4,5141
35211982,4041,1,4040
35211983,1619,1,1618
35211984,653,3,650
35211985,1020,10,1010
35211986,903,7,896
35211987,746,5,741
35211988,557,4,553
35211989,2347,17,2330
35211990,291,0,291
35211991,639,0,639
35211993,332,4,328
35211995,502,6,496
35211996,713,2,711
35211997,485,1,484
35211998,516,0,516
35211999,314,7,307
35212000,557,0,557
35212001,578,2,576
35212002,273,1,272
35212003,257,0,257
35212004,336,1,335
35212005,890,0,890
35212006,425,0,425
35212007,1724,6,1718
35212009,5271,26,5245
35212011,2045,1,2044
35212012,2110,1,2109
35212013,298,0,298
35212014,237,0,237
35212021,50,4,46
35212022,1879,0,1879
35212023,535,0,535
35212024,558,0,558
35212025,467,0,467
35212026,2551,3,2548
35212027,905,1,904
35212028,881,0,881
35212029,720,0,720
35212030,603,2,601
35212031,435,0,435
35212032,1190,3,1187
35212033,962,2,960
35212034,716,0,716
35212035,1047,5,1042
35212036,877,2,875
35212037,731,3,728
35212038,746,3,743
35212039,1002,6,996
35212040,656,3,653
35212041,596,4,592
35212042,734,3,731
35212043,808,3,805
35212044,1343,1,1342
35212045,2152,3,2149
35212046,1296,36,1260
35212047,772,3,769
35212048,1397,60,1337
35212049,1140,7,1133
35212050,733,5,728
35212051,799,0,799
35212052,1326,3,1323
35212053,593,2,591
35212054,298,0,298
35212055,1471,1,1470
35212057,5891,12,5879
35212058,1141,0,1141
35212059,655,0,655
35212060,747,0,747
35212061,2498,5,2493
35212062,5224,1,5223
35212063,4779,5,4774
35212065,4385,1,4384
35212066,2259,3,2256
35212067,4435,2,4433
35212068,3976,7,3969
35212069,551,2,549
35212070,1432,26,1406
35212071,470,3,467
35212072,708,4,704
35212074,2190,3,2187
35212075,1804,1,1803
35212076,654,11,643
35212077,1600,1,1599
35212078,488,3,485
35212079,1088,8,1080
35212080,438,0,438
35212081,1262,11,1251
35212082,899,25,874
35212083,1118,25,1093
35212084,1100,1,1099
35212085,717,0,717
35212086,461,3,458
35212087,326,2,324
35212088,1028,4,1024
35212089,2288,4,2284
35212090,2422,6,2416
35212091,2388,0,2388
35212094,1981,8,1973
35212095,531,0,531
35212096,1081,8,1073
35212097,3079,26,3053
35212098,1098,5,1093
35212099,757,12,745
35212100,1022,0,1022
35212101,853,0,853
35212102,1289,2,1287
35212103,745,6,739
35212104,146,0,146
35212105,2842,1,2841
35212106,491,1,490
35212107,1149,8,1141
35212108,494,2,492
35212109,1017,2,1015
35212110,837,5,832
35212111,635,14,621
35212112,373,0,373
35212113,1097,8,1089
35212114,851,36,815
35212115,683,1,682
35212116,1152,1,1151
35212117,1541,1,1540
35212118,1353,3,1350
35212119,2887,1,2886
35212120,693,18,675
35212121,1456,16,1440
35212122,1406,0,1406
35212123,1006,23,983
35212124,299,0,299
35212125,551,0,551
35212126,763,0,763
35212127,1554,3,1551
35212128,2574,9,2565
35212129,2804,11,2793
35212130,3365,6,3359
35212131,2598,4,2594
35212132,1180,0,1180
35212133,1345,2,1343
35212134,2736,3,2733
35212135,1085,27,1058
35212136,960,7,953
35212137,1395,10,1385
35212139,625,5,620
35212140,7113,5,7108
35212141,4758,7,4751
35212142,3972,1,3971
35212143,5216,3,5213
35212144,609,0,609
35212145,4956,3,4953
35212146,1517,1,1516
35212147,2031,1,2030
35212148,1808,1,1807
35212149,9513,8,9505
35212150,12055,12,12043
35212151,4160,6,4154
35212152,7020,15,7005
35212153,7738,19,7719
35212154,2345,5,2340
35212155,1125,2,1123
35212156,392,1,391
35212157,277,0,277
35212158,329,0,329
35212159,358,1,357
35212160,1016,1,1015
35212161,5362,0,5362
35212162,7531,6,7525
35212163,1431,2,1429
35212165,91,1,90
35212166,226,1,225
35212167,10222,10,10212
35212168,1904,2,1902
35212169,2292,2,2290
35212170,4368,5,4363
35212173,11018,35,10983
35212174,6851,25,6826
35212175,3484,16,3468
35212176,9282,64,9218
35212177,6661,31,6630
35212178,149,0,149
35212180,1377,5,1372
35212181,5494,4,5490
35212182,268,1,267
35212184,409,1,408
35220064,602,1,601
35220065,593,22,571
35220066,650,17,633
35220067,844,8,836
35220068,858,2,856
35220069,1550,18,1532
35220070,571,15,556
35220071,606,2,604
35220072,631,6,625
35220073,371,1,370
35220074,1002,6,996
35220075,2720,4,2716
35220076,756,15,741
35220077,592,1,591
35220078,553,0,553
35220079,438,1,437
35220080,1148,5,1143
35220081,451,0,451
35220082,1902,1,1901
35220083,387,2,385
35220084,1629,36,1593
35220085,421,0,421
35220086,744,2,742
35220087,460,16,444
35220088,588,11,577
35220089,396,1,395
35220090,345,16,329
35220091,405,3,402
35220092,521,6,515
35220093,512,35,477
35220094,810,0,810
35220095,681,26,655
35220096,584,11,573
35220097,583,17,566
35220098,643,4,639
35220099,581,28,553
35220100,511,17,494
35220101,816,1,815
35220102,1141,52,1089
35220103,604,25,579
35220104,757,12,745
35220105,530,32,498
35220106,619,11,608
35220107,939,12,927
35220108,549,1,548
35220109,1425,24,1401
35220110,1224,2,1222
35220111,707,1,706
35220112,1423,22,1401
35220113,611,6,605
35220114,445,2,443
35220115,468,4,464
35220116,809,23,786
35220117,1374,10,1364
35220118,464,1,463
35220119,447,6,441
35220120,493,4,489
35220121,570,8,562
35220122,740,8,732
35220123,510,3,507
35220124,537,32,505
35220125,1407,8,1399
35220126,519,6,513
35220127,381,6,375
35220128,452,8,444
35220129,881,31,850
35220130,641,15,626
35220131,619,8,611
35220132,587,6,581
35220133,588,4,584
35220134,477,15,462
35220135,589,32,557
35220136,526,16,510
35220137,797,19,778
35220138,523,5,518
35220139,574,1,573
35220140,434,0,434
35220141,766,11,755
35220142,623,14,609
35220143,554,11,543
35220144,1008,31,977
35220145,885,32,853
35220146,543,0,543
35220147,618,0,618
35220148,610,6,604
35220149,545,0,545
35220150,551,0,551
35220151,613,4,609
35220152,513,0,513
35220153,577,1,576
35220154,794,1,793
35230052,554,22,532
35230054,478,2,476
35230055,509,16,493
35230056,496,1,495
35230057,653,9,644
35230058,494,4,490
35230059,600,31,569
35230060,490,27,463
35230061,591,18,573
35230062,541,20,521
35230063,461,20,441
35230064,460,7,453
35230065,500,27,473
35230066,603,6,597
35230067,224,7,217
35230068,322,11,311
35230069,534,7,527
35230070,557,9,548
35230071,2238,23,2215
35230074,528,11,517
35230075,9,0,9
35230076,1267,6,1261
35230077,735,9,726
35230078,514,17,497
35230079,465,4,461
35230080,494,3,491
35230081,430,1,429
35230082,493,3,490
35230083,421,7,414
35230084,467,20,447
35230085,659,4,655
35230086,515,13,502
35230087,563,15,548
35230088,577,20,557
35230089,397,8,389
35230090,553,3,550
35230091,457,2,455
35230092,546,1,545
35230093,481,2,479
35230094,510,45,465
35230095,467,5,462
35230096,601,11,590
35230097,774,17,757
35230100,379,4,375
35230101,466,8,458
35230102,427,7,420
35230103,407,9,398
35230104,825,25,800
35230105,520,12,508
35230106,538,19,519
35230108,515,13,502
35230110,948,15,933
35230111,842,21,821
35230112,583,10,573
35230113,485,2,483
35230114,639,2,637
35230117,491,11,480
35230118,298,4,294
35230119,493,8,485
35230120,459,11,448
35230121,742,4,738
35230122,557,4,553
35230124,449,6,443
35230139,317,8,309
35230141,363,6,357
35230142,407,3,404
35230143,349,2,347
35230144,449,11,438
35230145,554,3,551
35230146,484,1,483
35230147,439,6,433
35230148,838,22,816
35230149,825,19,806
35230150,619,23,596
35230151,493,3,490
35230152,491,5,486
35230153,552,0,552
35230154,484,3,481
35230155,497,26,471
35230156,392,11,381
35230157,623,15,608
35230158,583,13,570
35230159,468,1,467
35230160,439,18,421
35230161,498,11,487
35230162,531,14,517
35230163,696,15,681
35230164,436,5,431
35230165,485,12,473
35230166,817,66,751
35230167,520,4,516
35230168,399,2,397
35230169,483,22,461
35230170,711,3,708
35230171,404,3,401
35230173,1102,4,1098
35230175,375,4,371
35230176,429,5,424
35230177,497,3,494
35230178,462,16,446
35230179,965,13,952
35230180,596,2,594
35230181,496,1,495
35230182,454,8,446
35230183,428,0,428
35230184,450,4,446
35230185,624,7,617
35230186,217,0,217
35230187,544,4,540
35230188,384,1,383
35230189,486,9,477
35230190,497,10,487
35230191,748,5,743
35230194,739,33,706
35230202,664,9,655
35230203,1011,31,980
35230215,639,4,635
35230216,532,11,521
35230217,322,0,322
35230218,534,1,533
35230219,373,6,367
35230220,557,5,552
35230221,837,7,830
35230227,2654,26,2628
35230269,912,28,884
35230270,1397,61,1336
35230271,1920,92,1828
35230272,1350,10,1340
35230275,902,12,890
35230276,613,0,613
35230277,392,0,392
35230278,706,2,704
35230279,625,3,622
35230280,272,0,272
35230281,464,2,462
35230282,427,1,426
35230283,558,7,551
35230284,620,1,619
35230285,345,4,341
35230286,545,15,530
35230287,520,17,503
35230288,517,9,508
35230289,379,7,372
35230290,824,2,822
35230291,682,2,680
35230292,450,6,444
35230293,526,12,514
35230294,999,79,920
35230295,869,28,841
35230296,548,20,528
35230297,587,2,585
35230298,505,2,503
35230299,682,3,679
35230300,648,3,645
35230301,489,2,487
35230302,1214,4,1210
35230303,548,39,509
35230304,651,3,648
35230305,567,49,518
35230306,1349,21,1328
35230307,477,6,471
35230308,520,11,509
35230309,439,10,429
35230310,503,2,501
35230311,704,3,701
35230312,572,4,568
35230313,545,13,532
35230314,976,76,900
35230315,656,9,647
35230316,681,25,656
35230317,996,8,988
35230318,542,3,539
35230319,672,49,623
35230320,787,40,747
35230321,573,55,518
35230322,501,5,496
35230323,489,2,487
35230324,354,6,348
35230325,617,11,606
35230326,405,15,390
35230327,428,1,427
35230328,266,6,260
35230329,442,0,442
35230330,384,4,380
35230331,478,31,447
35230332,347,7,340
35230333,687,0,687
35230334,583,0,583
35230335,535,11,524
35230336,570,0,570
35230337,611,11,600
35230338,512,2,510
35230339,523,3,520
35230340,617,1,616
35230341,531,5,526
35230342,536,6,530
35230343,458,13,445
35230344,458,8,450
35230345,442,3,439
35230346,588,3,585
35230347,496,3,493
35230348,621,10,611
35230349,672,12,660
35230350,540,4,536
35230351,660,4,656
35230352,508,2,506
35230353,583,8,575
35230354,685,9,676
35230355,543,3,540
35230356,695,7,688
35230357,404,0,404
35230358,467,0,467
35230359,419,0,419
35230360,692,1,691
35230361,1050,6,1044
35230362,1926,2,1924
35230363,403,0,403
35230364,358,9,349
35230365,690,132,558
35230366,3875,36,3839
35230367,457,4,453
35230368,1062,137,925
35230369,652,13,639
35230370,483,1,482
35230371,560,9,551
35230372,742,54,688
35230373,404,37,367
35230374,837,25,812
35230375,704,5,699
35230376,663,5,658
35230377,1839,26,1813
35230378,113,13,100
35230379,1963,1,1962
35230380,1,0,1
35230381,578,0,578
35230382,2933,33,2900
35230383,810,4,806
35230384,355,4,351
35230385,436,4,432
35230386,300,0,300
35230387,1467,1,1466
35230388,545,6,539
35230389,615,5,610
35230390,573,11,562
35230391,389,1,388
35230392,864,7,857
35230393,4575,60,4515
35230394,1137,47,1090
35230395,598,1,597
35230396,2582,3,2579
35230397,696,1,695
35230398,738,3,735
35230399,489,14,475
35230400,503,0,503
35230401,542,0,542
35230402,1027,3,1024
35230403,586,1,585
35230404,618,1,617
35230405,524,0,524
35230406,604,8,596
35230407,407,3,404
35230408,410,11,399
35230409,501,5,496
35230410,418,5,413
35230411,486,7,479
35230412,403,12,391
35230413,512,10,502
35230414,538,12,526
35230415,436,7,429
35230416,398,7,391
35230417,393,9,384
35230418,495,1,494
35230419,483,5,478
35230420,539,6,533
35230421,528,43,485
35230422,527,19,508
35230423,456,2,454
35230424,489,9,480
35230425,387,14,373
35230426,416,6,410
35230427,381,5,376
35230428,365,6,359
35230429,427,5,422
35230430,485,11,474
35230431,446,2,444
35230432,524,2,522
35230433,977,4,973
35230434,434,39,395
35230435,458,9,449
35230436,490,18,472
35230437,280,1,279
35230438,504,1,503
35230439,434,0,434
35230440,508,1,507
35230441,508,1,507
35230442,736,4,732
35230443,413,3,410
35230444,671,3,668
35230445,519,1,518
35230446,544,1,543
35230447,615,10,605
35230448,391,0,391
35230449,1132,2,1130
35230450,1055,9,1046
35230451,409,4,405
35230452,584,1,583
35230453,588,2,586
35230454,588,4,584
35230455,438,1,437
35230456,464,1,463
35230457,426,1,425
35230458,741,27,714
35230459,591,24,567
35230460,486,3,483
35230461,656,8,648
35230462,524,0,524
35230463,700,20,680
35230464,444,6,438
35230465,770,14,756
35230466,727,5,722
35230467,441,4,437
35230468,514,13,501
35230469,529,9,520
35230470,405,8,397
35230471,501,10,491
35230472,671,7,664
35230473,441,2,439
35230474,480,4,476
35230475,422,11,411
35230476,460,19,441
35230477,727,53,674
35230478,614,18,596
35230479,657,30,627
35230480,271,6,265
35230481,511,7,504
35230482,2403,2,2401
35230483,587,3,584
35230484,347,0,347
35230485,401,2,399
35230486,619,11,608
35230487,581,11,570
35230488,566,9,557
35230489,1937,7,1930
35230490,826,12,814
35230491,622,7,615
35230492,834,10,824
35230493,271,10,261
35230494,675,10,665
35230495,495,4,491
35230496,1130,11,1119
35230497,477,30,447
35230498,416,6,410
35230499,852,11,841
35230500,1420,1,1419
35230501,591,3,588
35230502,507,3,504
35230503,848,7,841
35230504,497,0,497
35230505,352,0,352
35240003,470,10,460
35240004,512,37,475
35240005,533,10,523
35240006,441,6,435
35240007,384,1,383
35240010,878,12,866
35240012,504,0,504
35240013,519,6,513
35240014,520,1,519
35240015,682,1,681
35240016,379,0,379
35240026,396,4,392
35240027,311,0,311
35240028,863,23,840
35240029,513,0,513
35240030,783,3,780
35240031,642,37,605
35240032,571,10,561
35240033,714,23,691
35240034,449,30,419
35240035,1097,5,1092
35240036,439,0,439
35240037,629,0,629
35240050,608,1,607
35240051,422,0,422
35240052,1418,27,1391
35240053,527,3,524
35240054,586,23,563
35240055,366,1,365
35240056,978,2,976
35240057,442,1,441
35240058,477,8,469
35240059,372,1,371
35240060,650,1,649
35240061,434,13,421
35240063,143,6,137
35240064,1262,2,1260
35240065,475,21,454
35240066,521,1,520
35240067,390,4,386
35240068,513,12,501
35240069,433,16,417
35240070,354,4,350
35240071,354,1,353
35240073,807,60,747
35240074,670,3,667
35240075,661,10,651
35240076,523,10,513
35240077,811,6,805
35240078,419,5,414
35240079,496,14,482
35240081,413,5,408
35240082,254,12,242
35240083,435,9,426
35240084,484,10,474
35240085,261,7,254
35240086,690,11,679
35240087,331,11,320
35240098,1017,7,1010
35240099,544,0,544
35240100,570,0,570
35240101,387,5,382
35240102,486,0,486
35240104,388,2,386
35240105,265,3,262
35240106,949,1,948
35240107,411,1,410
35240108,563,5,558
35240109,346,1,345
35240110,395,0,395
35240111,727,4,723
35240112,399,6,393
35240113,357,28,329
35240114,1233,2,1231
35240115,458,1,457
35240116,313,6,307
35240117,485,2,483
35240118,781,3,778
35240120,573,8,565
35240123,782,9,773
35240124,407,15,392
35240125,342,7,335
35240126,486,0,486
35240127,484,4,480
35240128,751,3,748
35240129,511,1,510
35240130,543,4,539
35240131,477,3,474
35240132,503,1,502
35240134,602,0,602
35240135,707,12,695
35240136,480,19,461
35240137,645,13,632
35240138,493,5,488
35240139,441,7,434
35240140,593,36,557
35240141,414,6,408
35240142,587,0,587
35240143,552,1,551
35240144,569,4,565
35240145,553,7,546
35240146,527,0,527
35240147,665,1,664
35240148,593,0,593
35240150,477,0,477
35240152,575,3,572
35240153,368,3,365
35240154,543,0,543
35240155,479,0,479
35240156,642,2,640
35240157,518,0,518
35240158,447,0,447
35240159,408,0,408
35240160,667,0,667
35240161,673,4,669
35240162,487,0,487
35240165,1015,8,1007
35240166,410,2,408
35240167,452,0,452
35240168,742,0,742
35240169,786,3,783
35240170,472,0,472
35240171,458,0,458
35240172,462,1,461
35240173,500,0,500
35240174,230,1,229
35240175,667,0,667
35240176,431,1,430
35240177,533,0,533
35240179,527,1,526
35240180,270,3,267
35240181,593,6,587
35240182,362,2,360
35240184,979,2,977
35240188,525,1,524
35240189,1098,8,1090
35240192,601,2,599
35240193,1157,1,1156
35240194,767,0,767
35240195,618,0,618
35240196,422,1,421
35240197,522,2,520
35240198,472,2,470
35240199,530,0,530
35240200,525,0,525
35240201,432,0,432
35240202,669,4,665
35240203,571,2,569
35240204,503,1,502
35240205,388,0,388
35240206,590,0,590
35240207,556,2,554
35240208,600,1,599
35240209,511,0,511
35240210,819,1,818
35240211,543,0,543
35240212,676,11,665
35240213,676,4,672
35240214,771,1,770
35240215,434,10,424
35240216,530,0,530
35240217,753,8,745
35240218,436,3,433
35240219,632,1,631
35240220,1455,44,1411
35240221,434,7,427
35240222,370,6,364
35240223,450,3,447
35240224,644,3,641
35240225,464,5,459
35240226,502,10,492
35240227,652,7,645
35240228,539,45,494
35240229,502,9,493
35240230,430,5,425
35240231,480,6,474
35240232,483,6,477
35240233,641,8,633
35240234,745,0,745
35240235,514,5,509
35240236,416,0,416
35240237,527,0,527
35240238,339,0,339
35240239,507,0,507
35240240,451,15,436
35240241,545,20,525
35240242,829,35,794
35240243,498,17,481
35240244,786,2,784
35240245,506,9,497
35240246,531,2,529
35240247,331,8,323
35240248,573,13,560
35240249,470,4,466
35240250,465,4,461
35240251,954,2,952
35240252,544,5,539
35240253,927,0,927
35240254,495,26,469
35240255,962,7,955
35240256,556,0,556
35240257,545,0,545
35240258,161,0,161
35240259,1563,14,1549
35240260,1054,23,1031
35240261,365,12,353
35240262,389,5,384
35240263,418,2,416
35240265,428,3,425
35240266,513,2,511
35240267,61,56,5
35240268,812,19,793
35240269,1046,12,1034
35240270,558,17,541
35240271,254,1,253
35240272,1589,11,1578
35240273,294,0,294
35240274,531,0,531
35240275,613,0,613
35240276,534,0,534
35240277,705,1,704
35240278,286,0,286
35240279,551,0,551
35240280,621,5,616
35240281,636,1,635
35240282,380,0,380
35240284,1379,1,1378
35240285,624,0,624
35240286,880,6,874
35240287,671,2,669
35240288,408,0,408
35240289,975,1,974
35240290,592,0,592
35240291,616,0,616
35240292,954,7,947
35240293,805,1,804
35240297,410,0,410
35240298,728,20,708
35240299,645,0,645
35240301,1153,13,1140
35240302,677,22,655
35240303,417,1,416
35240304,521,1,520
35240305,323,0,323
35240307,1155,1,1154
35240317,887,1,886
35240318,892,18,874
35240319,512,1,511
35240320,632,13,619
35240321,810,1,809
35240322,522,9,513
35240323,516,1,515
35240324,865,4,861
35240325,538,9,529
35240326,495,1,494
35240327,466,6,460
35240328,535,1,534
35240329,652,1,651
35240330,628,17,611
35240331,963,41,922
35240332,588,17,571
35240333,375,16,359
35240334,433,0,433
35240335,407,2,405
35240336,460,1,459
35240337,411,3,408
35240338,817,20,797
35240339,1381,8,1373
35240340,435,0,435
35240341,891,33,858
35240342,803,12,791
35240343,335,0,335
35240344,469,0,469
35240345,501,12,489
35240346,531,2,529
35240347,481,19,462
35240348,495,5,490
35240349,590,8,582
35240350,783,11,772
35240351,662,28,634
35240352,342,2,340
35240353,714,13,701
35240354,357,6,351
35240355,442,1,441
35240356,603,2,601
35240357,457,2,455
35240358,750,1,749
35240359,545,5,540
35240363,645,3,642
35240364,502,4,498
35240365,434,7,427
35240366,667,1,666
35240367,640,1,639
35240368,641,2,639
35240369,720,3,717
35240370,615,10,605
35240371,391,4,387
35240372,453,11,442
35240373,395,9,386
35240374,442,8,434
35240375,651,11,640
35240376,442,18,424
35240377,370,2,368
35240378,626,22,604
35240379,281,1,280
35240380,417,2,415
35240381,1457,4,1453
35240382,459,0,459
35240383,552,5,547
35240384,652,5,647
35240385,426,1,425
35240386,293,7,286
35240387,555,11,544
35240388,880,26,854
35240391,460,2,458
35240392,696,1,695
35240393,610,1,609
35240394,457,5,452
35240395,762,17,745
35240396,389,4,385
35240397,2877,6,2871
35240398,675,6,669
35240399,616,4,612
35240400,1593,26,1567
35240401,852,4,848
35240402,491,5,486
35240403,432,1,431
35240404,707,14,693
35240405,848,16,832
35240406,379,6,373
35240409,646,10,636
35240410,320,5,315
35240411,609,8,601
35240412,482,1,481
35240413,515,9,506
35240414,473,1,472
35240417,706,13,693
35240420,526,16,510
35240421,358,11,347
35240422,659,6,653
35240423,667,8,659
35240425,448,1,447
35240427,1182,1,1181
35240428,523,1,522
35240429,526,7,519
35240431,351,16,335
35240432,549,1,548
35240433,658,3,655
35240436,305,5,300
35240437,615,11,604
35240438,635,3,632
35240439,519,3,516
35240440,480,1,479
35240441,733,17,716
35240442,476,8,468
35240443,662,1,661
35240444,539,1,538
35240445,645,2,643
35240446,620,1,619
35240447,683,1,682
35240448,614,5,609
35240449,333,3,330
35240450,694,10,684
35240451,691,1,690
35240452,466,17,449
35240453,580,1,579
35240455,735,3,732
35240459,415,1,414
35240460,468,1,467
35240461,531,9,522
35240462,427,33,394
35240463,684,21,663
35240464,265,7,258
35240465,968,100,868
35240466,697,2,695
35240467,695,11,684
35240468,535,1,534
35240469,521,6,515
35240470,677,2,675
35240471,565,3,562
35240472,722,0,722
35240473,535,5,530
35240474,653,1,652
35240475,669,12,657
35240476,653,4,649
35240477,678,5,673
35240478,353,6,347
35240479,399,1,398
35240480,975,6,969
35240481,513,3,510
35240482,814,1,813
35240483,589,1,588
35240484,1355,3,1352
35240485,410,15,395
35240486,699,2,697
35240487,290,7,283
35240488,1297,12,1285
35240489,500,8,492
35240490,291,0,291
35240491,627,3,624
35240492,653,18,635
35240493,817,1,816
35240494,486,1,485
35240495,640,1,639
35240496,493,0,493
35240497,510,1,509
35240498,408,6,402
35240499,343,1,342
35240501,287,0,287
35240503,439,1,438
35240504,426,4,422
35240505,615,3,612
35240506,442,2,440
35240507,522,2,520
35240508,733,3,730
35240509,709,10,699
35240510,580,5,575
35240512,506,15,491
35240513,467,5,462
35240516,608,7,601
35240517,474,7,467
35240518,687,6,681
35240519,415,0,415
35240520,791,2,789
35240521,693,8,685
35240522,466,0,466
35240523,495,0,495
35240524,598,1,597
35240525,684,10,674
35240526,286,1,285
35240528,478,7,471
35240529,496,3,493
35240530,457,7,450
35240531,485,4,481
35240532,1246,6,1240
35240533,389,8,381
35240534,510,2,508
35240535,487,3,484
35240536,742,3,739
35240537,638,17,621
35240538,1180,8,1172
35240539,844,10,834
35240540,487,3,484
35240541,425,6,419
35240542,514,3,511
35240543,625,7,618
35240544,619,5,614
35240545,1098,25,1073
35240546,823,60,763
35240552,589,4,585
35240562,496,3,493
35240563,245,2,243
35240564,651,16,635
35240565,586,8,578
35240566,304,2,302
35240567,1114,24,1090
35240568,503,2,501
35240569,545,2,543
35240570,1495,39,1456
35240571,1108,27,1081
35240572,437,18,419
35240573,794,2,792
35240577,724,1,723
35240578,655,0,655
35240579,488,2,486
35240580,581,0,581
35240581,624,1,623
35240582,494,7,487
35240583,536,0,536
35240584,710,7,703
35240585,850,5,845
35240586,591,3,588
35240587,556,1,555
35240588,260,1,259
35240589,819,1,818
35240590,1132,2,1130
35240591,1223,43,1180
35240592,2169,28,2141
35240593,1411,1,1410
35240594,975,2,973
35240595,998,3,995
35240596,1478,10,1468
35240598,2331,12,2319
35240600,1111,1,1110
35240601,1536,7,1529
35240602,902,0,902
35240603,5770,7,5763
35240604,507,2,505
35240605,484,3,481
35240606,423,0,423
35240607,677,4,673
35240608,373,1,372
35240609,490,1,489
35240610,429,0,429
35240611,995,1,994
35240612,368,1,367
35240613,496,1,495
35240614,637,1,636
35240615,963,14,949
35240616,649,4,645
35240617,876,6,870
35240619,1499,1,1498
35240620,423,2,421
35240621,575,1,574
35240622,570,0,570
35240623,481,0,481
35240624,244,1,243
35240625,437,0,437
35240626,762,3,759
35240627,465,0,465
35240628,508,3,505
35240629,601,2,599
35240630,708,1,707
35240631,527,0,527
35240632,742,1,741
35240633,842,1,841
35240634,558,0,558
35240635,526,0,526
35240636,359,0,359
35240637,536,18,518
35240638,682,1,681
35240639,846,13,833
35240640,428,2,426
35240641,543,1,542
35240642,504,12,492
35240643,674,4,670
35240644,600,0,600
35240645,538,3,535
35240647,679,1,678
35240648,834,16,818
35240649,631,1,630
35240650,816,3,813
35240651,556,10,546
35240654,692,5,687
35240655,1324,16,1308
35240656,441,1,440
35240659,959,1,958
35240660,658,4,654
35240661,534,17,517
35240662,2028,7,2021
35240663,566,1,565
35240664,691,1,690
35240665,530,2,528
35240666,1128,1,1127
35240667,751,1,750
35240668,519,1,518
35240669,1095,2,1093
35240670,697,2,695
35240671,658,1,657
35240672,899,1,898
35240673,466,2,464
35240674,1154,50,1104
35240675,1242,1,1241
35240676,1037,8,1029
35240677,462,1,461
35240678,1679,28,1651
35240679,830,2,828
35240680,1259,31,1228
35240681,674,6,668
35240682,801,6,795
35240683,729,15,714
35240684,643,2,641
35240685,1333,14,1319
35240686,1274,3,1271
35240687,7740,88,7652
35240688,1065,4,1061
35240689,811,5,806
35240691,829,2,827
35240695,643,1,642
35240696,794,12,782
35240697,938,6,932
35240698,1195,10,1185
35240699,1028,2,1026
35240700,618,19,599
35240701,604,11,593
35240705,739,18,721
35240706,688,16,672
35240707,794,12,782
35240708,806,11,795
35240709,728,8,720
35240710,657,13,644
35240711,715,4,711
35240712,533,0,533
35240713,1046,12,1034
35240714,566,1,565
35240715,1011,0,1011
35240716,661,0,661
35240720,7585,10,7575
35240724,633,11,622
35240728,445,3,442
35240729,563,9,554
35240730,526,10,516
35240731,355,3,352
35240732,500,8,492
35240736,593,17,576
35240737,441,21,420
35240738,665,22,643
35240739,437,23,414
35240740,2764,109,2655
35240741,518,26,492
35240742,555,22,533
35240744,945,9,936
35240745,714,1,713
35240746,493,10,483
35240752,467,28,439
35240753,381,9,372
35240754,573,16,557
35240755,643,1,642
35240756,692,7,685
35240757,679,1,678
35240758,1059,45,1014
35240759,597,1,596
35240760,42,40,2
35240761,362,3,359
35240762,565,13,552
35240765,441,12,429
35240766,1072,40,1032
35240767,932,1,931
35240768,492,3,489
35240769,490,0,490
35240770,1798,1,1797
35240771,739,0,739
35240772,912,0,912
35240773,1015,2,1013
35240774,943,0,943
35240776,1649,9,1640
35240777,813,0,813
35240779,1213,2,1211
35240780,1171,9,1162
35240782,840,17,823
35240783,398,1,397
35240785,942,4,938
35240786,1455,7,1448
35240787,565,1,564
35240788,668,1,667
35240789,992,5,987
35240790,625,6,619
35240791,726,3,723
35240792,780,12,768
35240793,943,34,909
35240795,1763,18,1745
35240796,772,0,772
35240797,1008,7,1001
35240798,620,0,620
35240799,829,1,828
35240800,658,3,655
35240801,554,2,552
35240802,419,0,419
35240803,2022,2,2020
35240804,746,9,737
35240805,500,1,499
35240806,535,9,526
35240807,992,10,982
35240808,953,12,941
35240809,196,20,176
35240810,645,0,645
35240811,1306,34,1272
35240812,861,1,860
35240813,625,1,624
35240814,734,12,722
35240815,399,5,394
35240816,559,1,558
35240817,555,0,555
35240818,596,0,596
35240819,1114,1,1113
35240820,702,2,700
35240821,1299,12,1287
35240822,675,5,670
35240823,764,15,749
35240824,892,6,886
35240825,743,0,743
35240826,695,2,693
35240827,559,1,558
35240828,576,1,575
35240829,1558,13,1545
35240830,656,10,646
35240831,540,4,536
35240832,918,7,911
35240834,793,16,777
35240835,555,2,553
35240836,626,0,626
35240837,709,0,709
35240838,672,0,672
35240839,643,0,643
35240840,627,0,627
35240841,552,23,529
35240842,696,18,678
35240843,345,1,344
35240844,631,1,630
35240845,470,2,468
35240846,1251,8,1243
35240848,2860,34,2826
35240849,921,1,920
35240850,1068,18,1050
35240851,657,0,657
35240852,643,4,639
35240853,1111,1,1110
35240854,671,0,671
35240855,1023,20,1003
35240856,3669,74,3595
35240857,560,1,559
35240858,395,0,395
35240859,710,0,710
35240861,1106,0,1106
35240862,439,7,432
35240863,718,56,662
35240864,855,19,836
35240865,3182,7,3175
35240866,670,3,667
35240867,632,4,628
35240868,1794,5,1789
35240869,1203,5,1198
35240870,1612,6,1606
35240871,1114,10,1104
35240872,781,2,779
35240873,878,2,876
35240874,998,4,994
35240875,891,6,885
35240876,874,22,852
35240877,939,0,939
35240878,698,0,698
35240879,839,13,826
35240880,815,0,815
35240881,792,4,788
35240882,743,1,742
35240883,1472,1,1471
35240884,883,5,878
35240885,831,6,825
35240886,749,0,749
35240887,902,0,902
35240888,949,21,928
35240889,810,7,803
35240890,910,0,910
35240891,810,0,810
35240892,780,2,778
35240893,812,4,808
35240894,768,5,763
35240895,789,0,789
35240896,772,0,772
35240897,834,1,833
35240898,3034,48,2986
35240903,0,0,0
35240904,1589,6,1583
35240907,698,8,690
35240908,1712,14,1698
35240909,793,5,788
35240910,1333,7,1326
35240911,1335,9,1326
35240912,1363,14,1349
35240913,627,10,617
35240914,626,2,624
35240915,942,8,934
35240916,680,5,675
35240917,1304,7,1297
35240918,643,3,640
35240920,1584,7,1577
35240922,859,7,852
35240923,2767,8,2759
35240924,1874,7,1867
35240925,1309,6,1303
35240926,2481,13,2468
35240927,1471,8,1463
35240928,1380,4,1376
35240929,9182,9,9173
35240931,336,5,331
35240932,978,3,975
35240933,653,3,650
35240934,1271,3,1268
35240935,1352,5,1347
35240936,3471,15,3456
35240937,1200,3,1197
35240938,527,2,525
35240939,861,4,857
35240940,1149,3,1146
35240941,924,1,923
35240942,892,4,888
35240943,1419,2,1417
35240944,1862,3,1859
35240945,1606,5,1601
35240946,868,2,866
35240947,4013,9,4004
35240948,319,2,317
35240949,473,38,435
35250030,422,1,421
35250031,419,1,418
35250032,647,7,640
35250033,659,0,659
35250034,712,10,702
35250035,403,13,390
35250036,638,5,633
35250037,548,8,540
35250038,672,5,667
35250039,501,6,495
35250040,528,14,514
35250041,409,22,387
35250042,265,9,256
35250043,608,0,608
35250044,440,0,440
35250045,452,0,452
35250046,537,2,535
35250047,602,19,583
35250048,270,5,265
35250049,400,7,393
35250050,396,5,391
35250051,1420,12,1408
35250052,359,3,356
35250053,650,10,640
35250054,368,11,357
35250055,773,0,773
35250056,232,3,229
35250059,1125,1,1124
35250060,696,9,687
35250061,402,11,391
35250062,661,22,639
35250064,825,2,823
35250065,556,8,548
35250066,377,5,372
35250067,594,4,590
35250070,578,4,574
35250073,479,1,478
35250074,325,18,307
35250075,443,4,439
35250077,594,2,592
35250078,425,1,424
35250079,318,0,318
35250080,712,1,711
35250081,1096,2,1094
35250082,269,0,269
35250083,888,2,886
35250084,375,0,375
35250085,326,1,325
35250086,482,1,481
35250087,530,10,520
35250088,481,7,474
35250089,561,5,556
35250093,566,0,566
35250094,365,3,362
35250095,457,4,453
35250096,547,36,511
35250097,367,0,367
35250098,232,2,230
35250099,958,5,953
35250100,515,1,514
35250101,480,2,478
35250102,353,0,353
35250105,596,42,554
35250106,508,12,496
35250107,499,30,469
35250108,544,42,502
35250109,698,44,654
35250110,593,5,588
35250111,608,9,599
35250112,479,1,478
35250113,329,7,322
35250114,405,10,395
35250115,1493,43,1450
35250116,747,37,710
35250117,302,2,300
35250118,412,23,389
35250119,527,6,521
35250120,419,5,414
35250121,472,3,469
35250122,416,1,415
35250123,376,4,372
35250124,509,12,497
35250125,354,0,354
35250126,637,3,634
35250127,1645,86,1559
35250128,473,3,470
35250129,380,7,373
35250130,343,0,343
35250133,425,1,424
35250134,822,1,821
35250135,1881,2,1879
35250136,354,3,351
35250137,423,3,420
35250144,2022,6,2016
35250145,419,1,418
35250146,848,2,846
35250147,406,12,394
35250148,454,1,453
35250149,583,6,577
35250150,474,5,469
35250151,470,22,448
35250152,1586,6,1580
35250153,591,11,580
35250156,446,1,445
35250158,522,0,522
35250159,444,3,441
35250160,429,1,428
35250161,732,0,732
35250162,418,2,416
35250163,595,1,594
35250164,525,8,517
35250172,511,13,498
35250173,1350,51,1299
35250175,1969,21,1948
35250176,730,7,723
35250177,803,4,799
35250178,576,6,570
35250179,676,9,667
35250180,1881,2,1879
35250181,375,1,374
35250183,229,11,218
35250184,366,15,351
35250185,503,7,496
35250186,309,28,281
35250188,750,18,732
35250189,610,24,586
35250190,417,11,406
35250191,927,57,870
35250192,1481,7,1474
35250193,334,5,329
35250194,518,1,517
35250196,606,21,585
35250197,524,1,523
35250199,3539,65,3474
35250200,556,18,538
35250201,269,1,268
35250202,1193,23,1170
35250203,1168,68,1100
35250204,981,2,979
35250205,240,3,237
35250206,643,2,641
35250207,308,1,307
35250208,404,1,403
35250209,323,0,323
35250210,452,10,442
35250211,314,1,313
35250212,445,8,437
35250213,373,3,370
35250216,395,4,391
35250217,666,116,550
35250218,592,1,591
35250221,592,8,584
35250222,563,2,561
35250223,465,4,461
35250224,424,4,420
35250225,384,3,381
35250226,517,6,511
35250227,613,23,590
35250230,535,6,529
35250231,758,1,757
35250232,902,40,862
35250233,562,1,561
35250234,401,1,400
35250238,891,15,876
35250239,429,44,385
35250240,635,14,621
35250241,272,15,257
35250242,9,1,8
35250243,1240,11,1229
35250248,875,8,867
35250249,536,5,531
35250250,487,2,485
35250251,422,0,422
35250254,731,21,710
35250255,549,33,516
35250256,660,1,659
35250257,559,16,543
35250258,771,24,747
35250259,513,3,510
35250260,592,35,557
35250261,476,3,473
35250262,648,0,648
35250263,991,1,990
35250264,372,1,371
35250265,479,0,479
35250266,351,0,351
35250267,509,9,500
35250269,281,0,281
35250270,306,2,304
35250271,361,1,360
35250272,433,6,427
35250273,389,1,388
35250274,1031,7,1024
35250275,524,0,524
35250276,668,2,666
35250277,448,6,442
35250278,449,1,448
35250279,725,6,719
35250280,389,1,388
35250281,526,3,523
35250282,583,2,581
35250283,669,3,666
35250284,410,0,410
35250285,938,2,936
35250286,334,1,333
35250287,713,1,712
35250288,446,1,445
35250289,654,1,653
35250290,670,19,651
35250291,1130,14,1116
35250293,970,4,966
35250294,410,1,409
35250295,367,0,367
35250296,474,0,474
35250297,611,3,608
35250298,601,0,601
35250299,613,2,611
35250300,868,4,864
35250302,399,3,396
35250303,532,3,529
35250304,540,3,537
35250305,583,7,576
35250306,424,0,424
35250307,671,12,659
35250308,1002,6,996
35250309,387,2,385
35250310,420,4,416
35250311,611,3,608
35250312,406,5,401
35250313,803,1,802
35250315,740,9,731
35250316,728,1,727
35250317,533,3,530
35250318,119,3,116
35250319,444,0,444
35250320,514,4,510
35250321,330,23,307
35250322,417,8,409
35250323,556,30,526
35250324,986,207,779
35250326,385,8,377
35250327,798,32,766
35250328,420,6,414
35250329,542,13,529
35250330,477,29,448
35250331,438,15,423
35250332,578,41,537
35250333,640,15,625
35250334,539,14,525
35250335,414,9,405
35250336,535,37,498
35250337,811,15,796
35250338,780,25,755
35250339,540,8,532
35250340,266,4,262
35250341,640,0,640
35250342,565,18,547
35250343,525,12,513
35250344,531,11,520
35250345,423,59,364
35250346,465,48,417
35250347,473,20,453
35250348,536,0,536
35250349,463,3,460
35250350,639,16,623
35250351,387,5,382
35250352,582,12,570
35250353,562,0,562
35250354,588,14,574
35250355,582,5,577
35250356,651,2,649
35250357,473,3,470
35250358,581,0,581
35250359,473,11,462
35250360,509,14,495
35250361,515,5,510
35250362,515,60,455
35250363,436,27,409
35250364,262,10,252
35250365,969,11,958
35250366,788,3,785
35250367,579,3,576
35250368,548,11,537
35250369,522,12,510
35250370,443,48,395
35250371,540,12,528
35250372,540,4,536
35250373,444,6,438
35250374,495,1,494
35250375,545,8,537
35250376,473,6,467
35250377,619,8,611
35250378,469,12,457
35250379,361,2,359
35250380,466,14,452
35250381,470,14,456
35250382,531,23,508
35250383,674,11,663
35250384,505,3,502
35250385,519,18,501
35250387,446,0,446
35250388,542,0,542
35250389,404,11,393
35250390,532,21,511
35250391,558,9,549
35250392,519,21,498
35250393,446,28,418
35250394,804,15,789
35250395,719,11,708
35250396,676,24,652
35250397,588,9,579
35250398,290,28,262
35250399,831,5,826
35250400,688,4,684
35250401,670,5,665
35250402,479,11,468
35250403,684,20,664
35250404,468,16,452
35250405,483,11,472
35250406,682,10,672
35250407,556,51,505
35250408,456,13,443
35250409,397,11,386
35250410,463,9,454
35250411,520,6,514
35250412,555,14,541
35250413,589,5,584
35250416,508,73,435
35250417,443,0,443
35250418,565,2,563
35250419,605,0,605
35250420,1098,10,1088
35250421,693,1,692
35250422,760,3,757
35250423,721,63,658
35250424,623,1,622
35250425,909,7,902
35250426,459,0,459
35250427,309,24,285
35250428,602,26,576
35250429,376,28,348
35250430,472,24,448
35250431,533,7,526
35250434,1624,75,1549
35250435,448,2,446
35250436,500,3,497
35250437,472,8,464
35250438,339,65,274
35250439,638,47,591
35250440,644,30,614
35250441,633,28,605
35250442,615,11,604
35250443,450,2,448
35250444,552,26,526
35250445,415,26,389
35250446,539,54,485
35250447,329,14,315
35250448,764,22,742
35250449,405,31,374
35250450,508,25,483
35250451,244,20,224
35250452,336,24,312
35250453,431,22,409
35250454,683,20,663
35250455,477,55,422
35250456,577,7,570
35250457,10,0,10
35250458,438,11,427
35250459,708,13,695
35250460,334,18,316
35250461,445,13,432
35250462,390,27,363
35250463,417,52,365
35250464,364,15,349
35250465,592,29,563
35250466,419,14,405
35250467,859,14,845
35250468,462,19,443
35250471,393,46,347
35250472,440,1,439
35250473,281,1,280
35250474,808,3,805
35250475,433,42,391
35250476,394,12,382
35250477,527,13,514
35250478,391,28,363
35250479,608,9,599
35250480,519,19,500
35250481,416,4,412
35250482,521,10,511
35250483,486,33,453
35250484,444,11,433
35250485,570,11,559
35250486,666,13,653
35250487,396,8,388
35250488,452,8,444
35250489,362,9,353
35250490,411,10,401
35250491,374,9,365
35250492,367,12,355
35250493,387,16,371
35250494,364,11,353
35250495,476,70,406
35250496,369,10,359
35250497,638,1,637
35250498,526,1,525
35250499,596,3,593
35250501,571,1,570
35250502,550,6,544
35250503,496,0,496
35250504,682,0,682
35250506,495,35,460
35250507,470,3,467
35250508,493,0,493
35250509,606,3,603
35250510,570,15,555
35250511,759,8,751
35250512,443,1,442
35250513,595,82,513
35250514,981,4,977
35250515,398,39,359
35250516,833,12,821
35250517,373,0,373
35250518,306,1,305
35250519,637,17,620
35250520,714,23,691
35250521,526,7,519
35250522,252,6,246
35250523,515,7,508
35250524,382,4,378
35250525,394,7,387
35250526,1377,115,1262
35250527,470,7,463
35250528,426,1,425
35250529,486,8,478
35250530,499,8,491
35250531,475,0,475
35250532,423,3,420
35250533,839,8,831
35250534,509,1,508
35250535,671,1,670
35250536,487,8,479
35250537,661,8,653
35250538,617,8,609
35250539,660,5,655
35250540,579,28,551
35250541,568,8,560
35250542,503,15,488
35250545,427,9,418
35250546,428,7,421
35250547,418,5,413
35250548,723,9,714
35250549,541,14,527
35250550,495,1,494
35250551,511,6,505
35250552,489,46,443
35250553,557,5,552
35250554,540,7,533
35250555,430,8,422
35250556,551,27,524
35250557,752,3,749
35250558,505,7,498
35250559,482,2,480
35250560,537,11,526
35250561,393,4,389
35250562,528,9,519
35250563,599,27,572
35250564,532,4,528
35250565,742,45,697
35250566,484,15,469
35250567,567,5,562
35250568,663,7,656
35250569,472,1,471
35250570,529,8,521
35250571,442,3,439
35250572,568,5,563
35250573,1184,8,1176
35250574,451,6,445
35250578,831,21,810
35250579,471,12,459
35250580,381,12,369
35250581,874,19,855
35250582,669,18,651
35250583,606,12,594
35250585,627,1,626
35250586,1556,12,1544
35250587,344,7,337
35250588,466,5,461
35250589,727,14,713
35250590,408,12,396
35250591,774,18,756
35250592,546,5,541
35250593,476,3,473
35250594,640,2,638
35250595,494,1,493
35250596,652,7,645
35250597,416,2,414
35250598,462,3,459
35250599,485,1,484
35250600,435,0,435
35250601,643,22,621
35250602,508,1,507
35250603,731,7,724
35250604,514,19,495
35250605,510,5,505
35250606,561,5,556
35250607,505,9,496
35250608,470,9,461
35250609,556,4,552
35250610,577,39,538
35250611,520,6,514
35250612,713,17,696
35250613,1155,20,1135
35250614,390,0,390
35250615,437,7,430
35250616,293,3,290
35250617,507,9,498
35250618,274,4,270
35250619,518,8,510
35250620,478,14,464
35250621,794,16,778
35250622,459,4,455
35250623,419,5,414
35250624,531,2,529
35250625,444,9,435
35250626,559,8,551
35250627,559,10,549
35250628,440,3,437
35250629,953,5,948
35250630,463,8,455
35250631,522,7,515
35250632,670,7,663
35250633,241,0,241
35250634,861,9,852
35250635,412,16,396
35250636,1024,19,1005
35250637,1397,23,1374
35250638,273,17,256
35250639,726,69,657
35250640,554,5,549
35250641,429,3,426
35250642,610,11,599
35250643,592,13,579
35250644,345,14,331
35250645,645,8,637
35250646,934,9,925
35250647,1196,12,1184
35250648,1028,12,1016
35250649,750,37,713
35250650,602,8,594
35250651,301,6,295
35250652,692,36,656
35250655,2122,15,2107
35250656,579,1,578
35250657,696,5,691
35250658,268,4,264
35250659,656,2,654
35250661,1339,6,1333
35250662,1907,39,1868
35250663,793,0,793
35250664,453,71,382
35250665,522,10,512
35250666,463,10,453
35250667,239,0,239
35250668,346,0,346
35250669,351,0,351
35250670,299,0,299
35250671,316,0,316
35250672,375,1,374
35250675,442,1,441
35250676,394,28,366
35250677,468,7,461
35250678,443,2,441
35250679,693,5,688
35250680,441,30,411
35250681,826,12,814
35250692,507,1,506
35250693,423,14,409
35250694,426,8,418
35250695,487,17,470
35250696,502,99,403
35250700,512,38,474
35250701,577,90,487
35250702,559,3,556
35250703,508,1,507
35250704,619,34,585
35250705,523,18,505
35250706,479,1,478
35250707,441,10,431
35250708,723,19,704
35250709,519,18,501
35250710,480,19,461
35250711,372,13,359
35250712,416,4,412
35250713,425,25,400
35250714,553,17,536
35250715,534,23,511
35250716,600,191,409
35250717,510,9,501
35250718,418,11,407
35250719,431,4,427
35250720,591,45,546
35250721,628,11,617
35250724,489,1,488
35250725,432,7,425
35250726,593,59,534
35250727,304,28,276
35250728,544,21,523
35250729,439,26,413
35250730,698,42,656
35250731,629,61,568
35250732,392,6,386
35250733,605,20,585
35250734,536,50,486
35250735,494,0,494
35250736,542,2,540
35250737,479,39,440
35250738,533,13,520
35250739,555,3,552
35250740,562,3,559
35250741,523,31,492
35250742,522,6,516
35250743,435,12,423
35250744,705,35,670
35250745,452,10,442
35250746,384,1,383
35250747,408,10,398
35250748,434,29,405
35250749,498,4,494
35250750,513,4,509
35250753,540,5,535
35250754,434,5,429
35250755,426,12,414
35250756,503,41,462
35250757,463,39,424
35250758,390,12,378
35250759,500,64,436
35250760,483,4,479
35250761,468,27,441
35250762,609,61,548
35250763,513,17,496
35250764,481,157,324
35250765,510,13,497
35250766,506,105,401
35250767,475,14,461
35250768,503,108,395
35250769,459,41,418
35250770,587,50,537
35250771,506,3,503
35250772,471,0,471
35250773,600,2,598
35250774,477,21,456
35250775,466,5,461
35250776,394,43,351
35250777,516,158,358
35250778,428,2,426
35250779,396,15,381
35250780,488,18,470
35250781,425,2,423
35250782,444,17,427
35250783,534,16,518
35250784,507,11,496
35250785,491,16,475
35250786,534,36,498
35250787,755,12,743
35250788,509,0,509
35250789,567,0,567
35250790,577,0,577
35250791,445,0,445
35250792,617,43,574
35250793,507,2,505
35250798,345,12,333
35250799,479,39,440
35250800,517,16,501
35250801,848,14,834
35250802,452,10,442
35250803,385,3,382
35250804,2623,16,2607
35250805,1367,12,1355
35250806,506,2,504
35250807,1190,5,1185
35250810,942,5,937
35250812,444,13,431
35250813,548,10,538
35250814,533,21,512
35250815,1548,31,1517
35250826,993,9,984
35250827,318,6,312
35250828,315,9,306
35250829,457,35,422
35250830,506,6,500
35250831,1229,34,1195
35250832,328,13,315
35250833,374,14,360
35250834,411,1,410
35250835,435,2,433
35250836,426,1,425
35250843,1220,3,1217
35250845,1812,14,1798
35250846,1000,14,986
35250847,803,56,747
35250848,1066,1,1065
35250849,1320,4,1316
35250850,1099,3,1096
35250851,2722,98,2624
35250852,1928,16,1912
35250853,1380,5,1375
35250854,1136,5,1131
35250855,1342,62,1280
35250857,619,2,617
35250859,801,1,800
35250860,2442,71,2371
35250861,536,16,520
35250862,562,2,560
35250863,355,2,353
35250864,535,2,533
35250865,684,4,680
35250866,583,5,578
35250867,565,2,563
35250868,460,2,458
35250869,508,2,506
35250870,816,12,804
35250871,506,3,503
35250872,759,6,753
35250873,707,3,704
35250874,755,3,752
35250875,810,20,790
35250876,482,1,481
35250877,538,11,527
35250878,550,2,548
35250879,719,0,719
35250880,570,15,555
35250881,605,15,590
35250882,890,38,852
35250883,647,7,640
35250884,614,6,608
35250885,570,45,525
35250886,572,25,547
35250887,759,11,748
35250888,552,1,551
35250889,607,1,606
35250890,498,5,493
35250891,535,3,532
35250892,3177,11,3166
35250893,598,2,596
35250894,521,13,508
35250895,629,4,625
35250896,479,5,474
35250897,588,4,584
35250898,520,5,515
35250899,526,8,518
35250900,415,3,412
35250901,578,3,575
35250902,505,0,505
35250903,755,5,750
35250904,666,21,645
35250905,571,5,566
35250906,599,7,592
35250907,508,16,492
35250908,625,15,610
35250909,1917,8,1909
35250910,1419,6,1413
35250911,726,0,726
35250912,722,8,714
35250913,748,0,748
35250914,479,0,479
35250918,1989,16,1973
35250919,746,2,744
35250920,1522,1,1521
35250921,809,45,764
35250922,751,9,742
35250923,512,0,512
35250924,444,0,444
35250925,637,2,635
35250928,503,6,497
35250929,692,3,689
35250930,694,1,693
35250931,659,1,658
35250932,436,0,436
35250933,528,0,528
35250934,485,2,483
35250935,1056,2,1054
35250936,493,2,491
35250937,1070,33,1037
35250938,710,3,707
35250939,582,7,575
35250940,454,1,453
35250941,863,6,857
35250942,481,2,479
35250943,1026,2,1024
35250944,584,1,583
35250945,689,9,680
35250946,492,9,483
35250947,745,18,727
35250948,1457,28,1429
35250949,469,18,451
35250950,494,1,493
35250951,619,0,619
35250952,2285,5,2280
35250953,373,33,340
35250954,469,15,454
35250955,584,28,556
35250956,642,14,628
35250957,506,11,495
35250958,493,23,470
35250959,439,3,436
35250960,484,17,467
35250961,461,39,422
35250962,703,4,699
35250963,2928,13,2915
35250964,567,1,566
35250965,389,0,389
35250966,52,0,52
35250967,591,6,585
35250968,506,0,506
35250969,520,1,519
35250970,512,0,512
35250971,469,0,469
35250972,462,2,460
35250973,496,4,492
35250974,480,2,478
35250975,467,1,466
35250976,335,3,332
35250978,2809,35,2774
35250980,341,12,329
35250981,2832,34,2798
35250982,350,2,348
35250983,467,2,465
35250985,1236,27,1209
35250986,1504,2,1502
35250987,747,0,747
35250988,1239,12,1227
35250989,1226,3,1223
35250990,618,4,614
35250991,724,13,711
35250992,597,3,594
35250993,178,0,178
35250994,1123,4,1119
35250995,1883,40,1843
35250996,1309,36,1273
35250997,1162,40,1122
35250998,618,0,618
35250999,1088,15,1073
35251000,409,0,409
35251001,716,3,713
35251002,553,0,553
35251003,405,1,404
35251004,504,6,498
35251005,965,3,962
35251006,948,1,947
35251007,984,16,968
35251008,454,5,449
35251009,1004,19,985
35251010,709,2,707
35251011,779,4,775
35251012,642,0,642
35251013,1030,84,946
35251014,377,2,375
35251015,724,1,723
35251016,546,4,542
35251017,525,1,524
35251018,912,11,901
35251019,401,5,396
35251020,1071,3,1068
35251021,740,2,738
35251022,2014,5,2009
35251023,1018,3,1015
35251024,1220,7,1213
35251025,914,102,812
35251026,619,10,609
35251027,3358,22,3336
35251028,4981,31,4950
35251029,5117,30,5087
35251030,396,6,390
35251031,313,0,313
35251032,397,1,396
35251033,974,2,972
35251035,828,9,819
35251036,691,2,689
35251037,782,6,776
35251038,2135,10,2125
35251039,1741,4,1737
35260001,721,9,712
35260002,469,0,469
35260003,595,1,594
35260004,450,0,450
35260005,1101,2,1099
35260006,575,0,575
35260007,463,6,457
35260008,352,6,346
35260009,788,18,770
35260010,521,3,518
35260011,579,2,577
35260012,725,2,723
35260013,345,10,335
35260014,568,7,561
35260015,526,11,515
35260016,1818,4,1814
35260022,1179,27,1152
35260023,869,1,868
35260024,386,4,382
35260025,565,32,533
35260026,738,1,737
35260027,798,5,793
35260028,512,6,506
35260029,489,4,485
35260030,386,17,369
35260031,456,5,451
35260032,363,9,354
35260033,704,2,702
35260034,440,4,436
35260035,410,41,369
35260036,555,48,507
35260037,496,1,495
35260038,423,1,422
35260039,413,11,402
35260040,382,0,382
35260041,368,7,361
35260042,509,0,509
35260043,655,20,635
35260044,704,2,702
35260045,518,5,513
35260046,484,14,470
35260047,513,16,497
35260048,587,33,554
35260049,481,24,457
35260050,508,12,496
35260051,376,6,370
35260052,507,17,490
35260053,481,50,431
35260054,345,12,333
35260055,562,16,546
35260056,1164,22,1142
35260057,421,9,412
35260058,517,8,509
35260059,536,5,531
35260060,458,30,428
35260061,551,24,527
35260062,471,6,465
35260063,525,23,502
35260064,326,10,316
35260065,834,5,829
35260066,399,4,395
35260067,337,9,328
35260068,358,16,342
35260069,518,33,485
35260070,760,12,748
35260071,554,54,500
35260072,431,2,429
35260073,577,15,562
35260074,542,76,466
35260075,427,8,419
35260076,417,16,401
35260077,524,9,515
35260078,377,7,370
35260079,528,11,517
35260080,475,21,454
35260081,368,19,349
35260082,448,14,434
35260083,545,20,525
35260084,496,31,465
35260085,488,95,393
35260086,438,23,415
35260087,542,11,531
35260088,472,6,466
35260089,550,19,531
35260090,467,17,450
35260091,534,12,522
35260092,445,114,331
35260093,499,15,484
35260094,487,25,462
35260095,444,12,432
35260096,485,27,458
35260097,582,23,559
35260098,281,0,281
35260099,400,1,399
35260100,457,5,452
35260101,495,48,447
35260102,365,1,364
35260103,653,11,642
35260104,705,3,702
35260105,397,1,396
35260106,774,1,773
35260107,494,4,490
35260108,544,3,541
35260109,456,8,448
35260110,455,6,449
35260111,515,81,434
35260112,479,9,470
35260113,1131,4,1127
35260114,332,2,330
35260115,387,1,386
35260116,408,1,407
35260118,405,1,404
35260119,892,20,872
35260121,1289,26,1263
35260122,779,2,777
35260123,481,0,481
35260124,521,23,498
35260125,369,1,368
35260126,498,0,498
35260127,735,42,693
35260128,548,0,548
35260129,444,5,439
35260130,441,7,434
35260131,846,15,831
35260132,507,12,495
35260133,1073,5,1068
35260134,1014,1,1013
35260135,536,1,535
35260136,726,10,716
35260139,749,5,744
35260140,490,47,443
35260141,454,3,451
35260142,463,6,457
35260143,337,99,238
35260144,383,4,379
35260145,448,9,439
35260146,611,17,594
35260147,389,28,361
35260148,558,65,493
35260149,595,14,581
35260150,369,4,365
35260151,583,62,521
35260152,523,24,499
35260153,524,64,460
35260154,437,0,437
35260155,484,3,481
35260156,679,1,678
35260157,524,1,523
35260158,643,5,638
35260159,684,19,665
35260160,247,11,236
35260161,417,11,406
35260162,388,1,387
35260163,453,46,407
35260164,462,12,450
35260165,469,7,462
35260166,956,7,949
35260167,240,6,234
35260168,749,7,742
35260169,373,13,360
35260170,432,28,404
35260171,656,6,650
35260172,571,3,568
35260173,585,21,564
35260174,507,16,491
35260175,291,43,248
35260176,2298,90,2208
35260177,585,13,572
35260178,606,18,588
35260179,555,17,538
35260180,632,40,592
35260181,689,20,669
35260182,647,34,613
35260183,457,19,438
35260184,371,15,356
35260185,943,9,934
35260186,631,21,610
35260187,523,44,479
35260188,497,5,492
35260189,549,3,546
35260190,424,2,422
35260191,507,38,469
35260192,451,2,449
35260193,478,53,425
35260194,470,16,454
35260195,724,0,724
35260196,662,15,647
35260198,820,35,785
35260199,505,16,489
35260200,508,0,508
35260201,491,22,469
35260202,666,18,648
35260203,489,16,473
35260204,596,1,595
35260205,370,23,347
35260206,470,7,463
35260207,504,37,467
35260208,485,7,478
35260209,318,9,309
35260211,497,13,484
35260212,504,14,490
35260214,452,11,441
35260215,798,65,733
35260216,466,2,464
35260223,691,10,681
35260224,556,8,548
35260225,536,18,518
35260226,1073,13,1060
35260227,478,3,475
35260228,452,3,449
35260229,955,4,951
35260230,825,1,824
35260231,525,11,514
35260232,325,9,316
35260233,513,12,501
35260234,353,9,344
35260235,1134,22,1112
35260236,376,10,366
35260237,450,5,445
35260238,588,23,565
35260239,666,7,659
35260240,1259,2,1257
35260241,675,36,639
35260242,507,8,499
35260243,329,9,320
35260244,545,9,536
35260245,468,6,462
35260246,379,20,359
35260247,698,29,669
35260248,399,4,395
35260249,537,5,532
35260250,452,1,451
35260251,1212,30,1182
35260252,385,2,383
35260253,544,17,527
35260254,524,51,473
35260255,549,15,534
35260256,407,5,402
35260257,457,4,453
35260258,495,11,484
35260259,461,2,459
35260260,434,7,427
35260261,510,21,489
35260262,545,4,541
35260263,1554,5,1549
35260264,376,7,369
35260265,395,7,388
35260266,597,4,593
35260267,484,15,469
35260268,761,23,738
35260269,446,16,430
35260270,613,5,608
35260271,821,81,740
35260272,1084,84,1000
35260273,552,14,538
35260274,609,8,601
35260275,543,5,538
35260276,599,1,598
35260277,694,4,690
35260278,525,10,515
35260279,495,2,493
35260280,574,3,571
35260281,395,1,394
35260282,437,12,425
35260283,1067,10,1057
35260284,959,6,953
35260285,574,12,562
35260286,422,5,417
35260287,508,18,490
35260288,495,9,486
35260289,2609,7,2602
35260290,494,7,487
35260291,635,4,631
35260296,456,0,456
35260298,1312,38,1274
35260299,322,4,318
35260300,609,8,601
35260301,611,21,590
35260302,563,2,561
35260303,554,0,554
35260304,731,3,728
35260307,795,6,789
35260309,1450,31,1419
35260310,426,3,423
35260311,971,6,965
35260313,576,7,569
35260314,528,8,520
35260315,460,0,460
35260316,506,0,506
35260317,431,1,430
35260318,481,20,461
35260319,366,3,363
35260320,438,0,438
35260321,682,2,680
35260322,450,0,450
35260323,529,9,520
35260324,667,14,653
35260325,400,6,394
35260326,566,9,557
35260327,361,1,360
35260328,333,5,328
35260330,514,1,513
35260332,411,5,406
35260333,606,3,603
35260334,482,4,478
35260335,1813,5,1808
35260336,1593,2,1591
35260337,316,1,315
35260338,1855,17,1838
35260339,580,5,575
35260340,1236,15,1221
35260341,573,0,573
35260342,505,1,504
35260357,447,8,439
35260358,491,5,486
35260359,508,6,502
35260360,428,1,427
35260361,643,12,631
35260362,507,8,499
35260365,438,2,436
35260366,422,1,421
35260367,566,2,564
35260368,1860,42,1818
35260369,591,15,576
35260370,671,20,651
35260372,332,23,309
35260373,486,21,465
35260375,391,33,358
35260376,540,23,517
35260377,550,81,469
35260378,361,68,293
35260379,814,51,763
35260382,397,19,378
35260383,432,24,408
35260384,699,28,671
35260385,818,21,797
35260386,449,10,439
35260387,472,3,469
35260388,382,26,356
35260389,511,10,501
35260390,427,1,426
35260391,384,1,383
35260392,412,11,401
35260393,236,1,235
35260394,413,14,399
35260395,549,5,544
35260396,375,23,352
35260397,1353,31,1322
35260398,432,8,424
35260400,395,5,390
35260401,339,0,339
35260402,590,6,584
35260403,847,2,845
35260404,438,0,438
35260405,487,1,486
35260407,1261,38,1223
35260410,386,1,385
35260411,402,11,391
35260412,431,0,431
35260413,398,0,398
35260414,457,1,456
35260416,448,0,448
35260418,721,11,710
35260419,506,27,479
35260420,376,1,375
35260423,836,5,831
35260424,431,4,427
35260425,370,7,363
35260426,623,13,610
35260427,429,5,424
35260428,403,6,397
35260429,842,3,839
35260430,412,24,388
35260431,857,65,792
35260432,951,130,821
35260433,699,34,665
35260434,662,2,660
35260435,769,7,762
35260436,520,56,464
35260437,377,2,375
35260438,708,16,692
35260439,461,10,451
35260440,487,17,470
35260441,457,48,409
35260442,476,8,468
35260443,596,12,584
35260444,477,2,475
35260445,628,3,625
35260446,419,7,412
35260447,484,19,465
35260448,520,2,518
35260449,563,14,549
35260450,509,29,480
35260451,418,17,401
35260452,707,55,652
35260453,764,55,709
35260454,484,11,473
35260455,512,2,510
35260456,468,5,463
35260457,440,7,433
35260458,496,2,494
35260459,342,4,338
35260460,395,1,394
35260461,443,7,436
35260462,479,4,475
35260463,391,5,386
35260466,603,8,595
35260467,755,40,715
35260468,794,49,745
35260469,358,8,350
35260470,420,3,417
35260471,581,17,564
35260472,694,1,693
35260473,452,4,448
35260474,538,7,531
35260475,587,4,583
35260476,547,5,542
35260477,516,57,459
35260478,553,0,553
35260479,656,1,655
35260480,602,20,582
35260481,393,0,393
35260482,508,74,434
35260483,496,4,492
35260484,528,11,517
35260485,589,7,582
35260486,518,3,515
35260487,433,1,432
35260488,624,16,608
35260489,500,12,488
35260490,507,24,483
35260491,337,8,329
35260492,455,9,446
35260493,635,7,628
35260494,710,8,702
35260498,410,2,408
35260499,563,23,540
35260500,398,6,392
35260501,407,10,397
35260502,660,6,654
35260503,557,5,552
35260504,684,5,679
35260505,427,19,408
35260506,610,33,577
35260507,731,0,731
35260508,716,26,690
35260509,490,28,462
35260510,535,78,457
35260511,426,24,402
35260512,542,5,537
35260513,499,9,490
35260514,541,12,529
35260515,454,10,444
35260516,485,6,479
35260517,536,9,527
35260518,460,73,387
35260519,432,5,427
35260520,371,3,368
35260521,572,7,565
35260522,606,1,605
35260523,503,2,501
35260524,498,8,490
35260525,525,0,525
35260528,624,1,623
35260529,454,6,448
35260530,414,0,414
35260531,459,2,457
35260532,378,3,375
35260533,436,28,408
35260534,505,5,500
35260535,401,7,394
35260536,862,7,855
35260537,300,5,295
35260538,383,2,381
35260541,487,9,478
35260542,469,1,468
35260543,466,1,465
35260544,522,38,484
35260545,465,1,464
35260546,493,5,488
35260547,643,13,630
35260548,807,0,807
35260549,549,24,525
35260550,386,1,385
35260551,362,4,358
35260552,324,5,319
35260553,380,4,376
35260554,514,2,512
35260555,487,6,481
35260556,475,5,470
35260557,615,16,599
35260558,378,4,374
35260559,442,2,440
35260560,526,2,524
35260561,624,4,620
35260562,378,0,378
35260563,364,0,364
35260564,876,1,875
35260565,483,2,481
35260566,490,2,488
35260567,341,5,336
35260568,555,6,549
35260569,970,3,967
35260571,636,15,621
35260573,420,8,412
35260574,434,0,434
35260575,533,1,532
35260576,403,1,402
35260577,465,2,463
35260578,689,23,666
35260579,440,2,438
35260582,501,12,489
35260583,763,14,749
35260584,732,48,684
35260585,753,19,734
35260586,753,9,744
35260587,431,13,418
35260588,441,5,436
35260589,526,13,513
35260590,968,16,952
35260591,564,7,557
35260592,485,10,475
35260593,572,9,563
35260594,389,3,386
35260595,293,5,288
35260596,722,1,721
35260597,653,1,652
35260598,236,7,229
35260599,716,1,715
35260600,612,7,605
35260602,748,1,747
35260603,729,25,704
35260605,450,11,439
35260606,2215,33,2182
35260607,503,6,497
35260608,750,45,705
35260609,364,7,357
35260610,397,9,388
35260611,621,11,610
35260612,723,34,689
35260613,404,12,392
35260614,549,58,491
35260616,820,29,791
35260617,488,2,486
35260618,341,3,338
35260619,1630,2,1628
35260620,522,6,516
35260621,290,5,285
35260622,560,10,550
35260623,353,10,343
35260624,453,16,437
35260625,435,7,428
35260626,909,11,898
35260627,622,14,608
35260628,571,6,565
35260629,522,2,520
35260630,1113,24,1089
35260631,252,1,251
35260632,1080,19,1061
35260633,464,1,463
35260634,1528,2,1526
35260635,854,14,840
35260636,569,7,562
35260637,480,2,478
35260638,1527,42,1485
35260639,530,14,516
35260640,336,2,334
35260641,347,2,345
35260645,359,10,349
35260646,425,12,413
35260647,558,10,548
35260648,425,5,420
35260649,548,3,545
35260650,454,1,453
35260651,439,2,437
35260652,603,0,603
35260653,912,14,898
35260654,699,14,685
35260655,439,2,437
35260656,627,10,617
35260657,294,1,293
35260658,613,5,608
35260659,974,15,959
35260660,1445,34,1411
35260661,371,20,351
35260665,540,3,537
35260666,520,45,475
35260667,433,1,432
35260668,457,105,352
35260669,398,0,398
35260670,451,3,448
35260671,479,21,458
35260675,526,13,513
35260676,738,57,681
35260677,407,13,394
35260678,382,1,381
35260679,474,33,441
35260680,792,41,751
35260681,474,15,459
35260682,732,34,698
35260683,558,9,549
35260684,418,1,417
35260685,553,4,549
35260686,1082,56,1026
35260687,737,10,727
35260688,908,13,895
35260689,539,25,514
35260690,529,19,510
35260695,537,15,522
35260696,666,27,639
35260697,472,24,448
35260698,497,6,491
35260701,655,4,651
35260702,1404,26,1378
35260704,517,7,510
35260706,546,6,540
35260707,488,15,473
35260708,615,9,606
35260709,607,13,594
35260710,495,13,482
35260711,508,19,489
35260712,740,55,685
35260713,545,35,510
35260714,481,90,391
35260715,586,1,585
35260716,453,13,440
35260717,468,14,454
35260718,525,1,524
35260719,627,41,586
35260720,535,25,510
35260721,523,17,506
35260722,437,18,419
35260723,496,107,389
35260724,570,53,517
35260728,482,26,456
35260729,407,2,405
35260730,441,4,437
35260731,291,7,284
35260732,468,13,455
35260734,1523,4,1519
35260736,1217,1,1216
35260737,1358,40,1318
35260738,1160,28,1132
35260739,1493,2,1491
35260740,1609,25,1584
35260741,2588,71,2517
35260742,1050,1,1049
35260743,1307,73,1234
35260744,1223,5,1218
35260746,734,1,733
35260747,1351,31,1320
35260748,1870,32,1838
35260749,747,33,714
35260750,452,19,433
35260751,527,2,525
35260752,837,13,824
35260753,729,9,720
35260754,571,7,564
35260755,1509,53,1456
35260756,675,5,670
35260757,1541,5,1536
35260758,602,5,597
35260759,607,1,606
35260760,730,3,727
35260761,518,6,512
35260762,543,2,541
35260763,440,3,437
35260764,755,1,754
35260765,539,2,537
35260766,961,0,961
35260767,471,1,470
35260768,591,0,591
35260769,479,2,477
35260770,481,8,473
35260771,514,1,513
35260772,2138,9,2129
35260773,772,19,753
35260774,500,5,495
35260775,637,13,624
35260776,606,9,597
35260777,1201,20,1181
35260778,1036,2,1034
35260779,507,1,506
35260780,452,2,450
35260781,600,4,596
35260782,601,8,593
35260783,503,16,487
35260784,564,18,546
35260785,604,1,603
35260786,451,1,450
35260787,587,19,568
35260788,578,30,548
35260789,457,23,434
35260790,547,21,526
35260791,543,5,538
35260792,833,36,797
35260793,622,24,598
35260794,698,30,668
35260795,964,112,852
35260796,628,17,611
35260797,541,26,515
35260798,545,40,505
35260799,485,25,460
35260800,489,19,470
35260801,846,8,838
35260802,670,1,669
35260803,646,15,631
35260804,873,8,865
35260805,658,3,655
35260806,751,15,736
35260807,599,25,574
35260808,457,2,455
35260809,454,14,440
35260810,478,0,478
35260811,492,7,485
35260812,497,1,496
35260813,380,0,380
35260815,314,39,275
35260816,819,5,814
35260817,505,3,502
35260818,331,12,319
35260819,534,20,514
35260820,540,7,533
35260821,985,45,940
35260822,64,64,0
35260823,765,3,762
35260824,1248,38,1210
35260825,772,32,740
35260826,956,1,955
35260827,628,2,626
35260828,523,2,521
35260829,510,2,508
35260830,931,9,922
35260831,447,3,444
35260832,886,4,882
35260833,780,4,776
35260834,334,23,311
35260835,1655,49,1606
35260836,5145,11,5134
35260837,725,40,685
35280151,531,83,448
35280152,541,6,535
35280153,536,9,527
35280154,562,37,525
35280155,555,35,520
35280156,532,20,512
35280157,523,75,448
35280158,676,36,640
35280159,473,35,438
35280160,701,49,652
35280161,922,4,918
35280162,705,4,701
35280163,955,951,4
35280164,581,3,578
35280165,140,99,41
35280166,498,38,460
35280167,379,88,291
35280168,581,13,568
35280169,1031,238,793
35280170,750,4,746
35280171,451,12,439
35280172,722,11,711
35280173,585,61,524
35280174,396,11,385
35280175,548,1,547
35280176,452,13,439
35280177,736,11,725
35280178,430,8,422
35280179,432,3,429
35280180,572,15,557
35280181,507,18,489
35280182,563,21,542
35280183,556,20,536
35280184,481,15,466
35280185,466,43,423
35280186,438,3,435
35280187,367,59,308
35280188,508,32,476
35280189,512,23,489
35280190,545,29,516
35280191,537,15,522
35280192,666,1,665
35280193,477,55,422
35280194,481,4,477
35280195,536,11,525
35280196,436,69,367
35280197,411,3,408
35280198,852,22,830
35280199,517,40,477
35280200,869,22,847
35280201,786,68,718
35280202,1160,19,1141
35280203,423,17,406
35280204,393,2,391
35280205,466,15,451
35280206,786,9,777
35280207,671,5,666
35280208,639,4,635
35280209,442,14,428
35280210,228,2,226
35280211,343,22,321
35280212,412,3,409
35280213,439,12,427
35280214,420,23,397
35280215,875,12,863
35280216,619,8,611
35280217,632,15,617
35280218,1129,31,1098
35280219,419,8,411
35280220,764,4,760
35280221,349,2,347
35280222,440,17,423
35280223,479,18,461
35280224,525,3,522
35280225,541,12,529
35280226,448,3,445
35280227,466,5,461
35280228,558,2,556
35280229,495,17,478
35280230,412,5,407
35280231,648,4,644
35280232,392,31,361
35280233,383,9,374
35280234,397,2,395
35280235,524,2,522
35280236,497,10,487
35280237,589,32,557
35280238,888,65,823
35280239,898,4,894
35280240,538,12,526
35280241,781,60,721
35280242,503,8,495
35280243,658,14,644
35280244,555,6,549
35280245,521,3,518
35280246,485,2,483
35280247,437,2,435
35280248,481,8,473
35280249,507,29,478
35280250,464,4,460
35280251,537,3,534
35280252,585,3,582
35280253,605,4,601
35280254,439,34,405
35280255,532,2,530
35280256,619,3,616
35280257,446,21,425
35280258,614,14,600
35280259,492,12,480
35280260,617,5,612
35280261,522,7,515
35280262,459,7,452
35280263,429,53,376
35280264,718,5,713
35280265,480,3,477
35280266,483,19,464
35280267,406,5,401
35280268,563,11,552
35280269,352,2,350
35280270,500,24,476
35280271,441,38,403
35280272,515,4,511
35280273,418,28,390
35280274,503,12,491
35280275,541,9,532
35280276,382,36,346
35280277,485,6,479
35280278,380,3,377
35280279,456,53,403
35280280,339,13,326
35280281,364,5,359
35280282,401,9,392
35280283,501,32,469
35280284,435,3,432
35280285,866,4,862
35280286,386,1,385
35280287,411,3,408
35280288,435,7,428
35280289,449,11,438
35280290,550,7,543
35280291,562,4,558
35280292,513,9,504
35280293,686,8,678
35280294,489,16,473
35280295,589,12,577
35280296,459,3,456
35280297,415,3,412
35280298,506,4,502
35280299,741,13,728
35280300,563,26,537
35280301,505,14,491
35280302,537,8,529
35280303,445,4,441
35280304,458,1,457
35280305,457,3,454
35280306,476,59,417
35280307,530,14,516
35280308,508,8,500
35280309,491,10,481
35280310,629,3,626
35280311,525,9,516
35280312,489,22,467
35280313,518,4,514
35280314,718,31,687
35280315,484,13,471
35280316,635,24,611
35280317,524,6,518
35280318,435,8,427
35280319,492,18,474
35280320,468,19,449
35280321,503,5,498
35280322,431,7,424
35280323,499,0,499
35280324,484,7,477
35280325,489,9,480
35280326,475,14,461
35280327,525,4,521
35280328,371,3,368
35280329,378,12,366
35280330,443,15,428
35280331,475,12,463
35280332,1050,104,946
35280333,522,9,513
35280334,459,51,408
35280335,530,87,443
35280336,474,9,465
35280337,443,6,437
35280338,478,10,468
35280339,574,6,568
35280340,441,8,433
35280341,541,4,537
35280342,548,63,485
35280343,642,24,618
35280344,454,2,452
35280345,521,58,463
35280346,648,9,639
35280347,429,3,426
35280348,538,7,531
35280349,415,18,397
35280350,610,11,599
35280351,495,16,479
35280352,411,3,408
35280353,503,9,494
35280354,467,24,443
35280355,521,13,508
35280356,508,43,465
35280357,577,7,570
35290007,727,16,711
35290008,399,9,390
35290009,582,1,581
35290010,719,31,688
35290011,1302,54,1248
35290012,397,9,388
35290013,586,10,576
35290014,868,18,850
35290015,596,24,572
35290016,500,18,482
35290017,314,10,304
35290018,382,11,371
35290019,415,11,404
35290020,506,1,505
35290021,495,32,463
35290022,562,13,549
35290023,638,4,634
35290024,408,14,394
35290025,437,8,429
35290026,530,4,526
35290027,728,8,720
35290029,641,6,635
35290030,532,2,530
35290031,734,10,724
35290032,592,6,586
35290033,396,9,387
35290034,619,15,604
35290035,433,8,425
35290036,528,3,525
35290037,496,12,484
35290038,706,51,655
35290039,411,21,390
35290040,438,43,395
35290041,375,4,371
35290042,539,27,512
35290043,482,10,472
35290044,467,80,387
35290045,406,15,391
35290046,617,45,572
35290047,537,42,495
35290048,727,80,647
35290049,423,12,411
35290050,1034,36,998
35290051,266,23,243
35290052,483,11,472
35290054,557,8,549
35290055,739,91,648
35290056,424,4,420
35290057,1019,27,992
35290060,280,11,269
35290066,454,3,451
35290067,494,27,467
35290068,525,11,514
35290069,419,11,408
35290070,225,13,212
35290071,1024,67,957
35290084,506,2,504
35290085,507,13,494
35290086,513,16,497
35290087,413,7,406
35290088,408,26,382
35290089,510,74,436
35290090,498,14,484
35290091,582,42,540
35290092,619,19,600
35290093,521,13,508
35290094,434,79,355
35290095,444,40,404
35290096,567,38,529
35290097,675,161,514
35290098,557,39,518
35290099,528,19,509
35290100,648,49,599
35290101,488,12,476
35290102,598,5,593
35290103,448,2,446
35290104,644,64,580
35290105,515,31,484
35290106,799,167,632
35290107,284,29,255
35290108,386,12,374
35290109,539,1,538
35290110,624,10,614
35290111,4347,25,4322
35290112,467,62,405
35290113,949,79,870
35290114,226,7,219
35290115,358,28,330
35290116,417,6,411
35290118,456,11,445
35290119,381,16,365
35290121,628,4,624
35290122,476,21,455
35290123,447,6,441
35290124,565,2,563
35290126,733,23,710
35290128,313,75,238
35290129,1040,0,1040
35290130,597,18,579
35290131,505,15,490
35290132,621,12,609
35290133,558,9,549
35290134,682,11,671
35290135,424,8,416
35290136,681,6,675
35290137,525,13,512
35290138,499,5,494
35290139,392,1,391
35290140,968,29,939
35290141,638,49,589
35290142,432,69,363
35290143,448,63,385
35290144,493,5,488
35290145,598,10,588
35290146,486,27,459
35290147,439,17,422
35290148,481,6,475
35290149,374,6,368
35290150,536,15,521
35290151,438,2,436
35290152,406,26,380
35290153,457,48,409
35290154,438,6,432
35290155,427,25,402
35290156,614,54,560
35290157,919,34,885
35290158,458,11,447
35290159,594,116,478
35290164,506,3,503
35290165,607,2,605
35290221,902,2,900
35290223,1008,20,988
35290224,467,43,424
35290225,641,3,638
35290226,564,3,561
35290227,1401,4,1397
35290228,511,12,499
35290229,449,2,447
35290230,697,1,696
35290231,826,12,814
35290232,386,3,383
35290233,371,0,371
35290234,484,1,483
35290235,615,9,606
35290236,1332,76,1256
35290237,878,5,873
35290238,601,8,593
35290239,873,5,868
35290240,426,38,388
35290241,410,120,290
35290242,504,7,497
35290243,811,4,807
35290244,570,5,565
35290245,423,90,333
35290246,372,111,261
35290247,437,8,429
35290248,421,26,395
35290249,508,1,507
35290250,435,58,377
35290251,391,94,297
35290252,490,6,484
35290253,478,76,402
35290254,524,8,516
35290255,483,48,435
35290256,569,207,362
35290257,485,2,483
35290258,0,0,0
35290259,519,96,423
35290260,435,19,416
35290261,477,22,455
35290262,0,0,0
35290263,896,25,871
35290264,422,21,401
35290265,488,53,435
35290267,639,602,37
35290268,655,11,644
35290269,484,10,474
35290270,456,14,442
35290271,352,7,345
35290272,539,62,477
35290273,416,5,411
35290274,422,4,418
35290275,466,7,459
35290276,596,57,539
35290277,506,18,488
35290278,409,5,404
35290279,761,12,749
35290280,695,3,692
35290281,391,8,383
35290282,601,19,582
35290283,629,10,619
35290284,578,6,572
35290285,456,3,453
35290286,1677,5,1672
35290287,908,25,883
35290288,618,4,614
35290289,462,16,446
35290290,654,20,634
35290291,703,15,688
35290292,409,23,386
35290293,443,9,434
35290294,428,8,420
35290295,425,17,408
35290296,480,24,456
35290297,423,27,396
35290298,542,3,539
35290299,467,15,452
35290300,432,6,426
35290301,199,2,197
35290302,548,9,539
35290303,591,5,586
35290304,408,8,400
35290305,516,3,513
35290306,574,16,558
35290307,708,9,699
35290308,531,9,522
35290309,445,20,425
35290310,636,1,635
35290311,1191,137,1054
35290313,269,7,262
35290314,347,16,331
35290316,1319,21,1298
35290317,869,20,849
35290318,344,25,319
35290319,4631,140,4491
35290320,2114,15,2099
35290321,594,10,584
35290322,935,2,933
35290323,405,14,391
35290324,415,24,391
35290325,1621,59,1562
35290326,496,15,481
35290327,495,15,480
35290328,493,475,18
35290329,1174,1173,1
35290330,1644,1643,1
35290331,1489,1461,28
35290332,1024,995,29
35290333,643,608,35
35300002,654,34,620
35300003,398,0,398
35300004,436,0,436
35300005,466,11,455
35300006,389,11,378
35300007,498,12,486
35300008,701,10,691
35300009,655,21,634
35300010,498,1,497
35300011,503,8,495
35300012,448,19,429
35300013,482,5,477
35300027,804,5,799
35300028,678,2,676
35300029,316,3,313
35300030,536,7,529
35300031,242,2,240
35300032,1607,14,1593
35300033,267,4,263
35300034,733,3,730
35300035,1504,37,1467
35300036,490,31,459
35300037,273,0,273
35300038,581,1,580
35300039,416,1,415
35300040,173,1,172
35300041,455,0,455
35300042,444,5,439
35300043,460,8,452
35300044,507,45,462
35300045,358,1,357
35300046,561,4,557
35300047,614,0,614
35300048,481,5,476
35300049,720,0,720
35300050,637,14,623
35300051,534,0,534
35300052,845,8,837
35300053,424,0,424
35300054,384,0,384
35300055,462,18,444
35300056,592,6,586
35300057,399,14,385
35300058,931,13,918
35300059,814,11,803
35300060,602,6,596
35300061,432,1,431
35300062,460,3,457
35300063,557,39,518
35300064,637,0,637
35300065,544,5,539
35300066,1210,2,1208
35300070,450,0,450
35300071,442,3,439
35300072,489,1,488
35300073,482,2,480
35300074,555,14,541
35300075,465,2,463
35300076,506,6,500
35300078,470,11,459
35300079,302,2,300
35300080,387,2,385
35300081,329,5,324
35300082,436,5,431
35300084,623,14,609
35300085,378,7,371
35300086,457,14,443
35300087,1723,14,1709
35300088,696,9,687
35300089,346,13,333
35300090,223,8,215
35300091,843,7,836
35300092,527,20,507
35300095,855,40,815
35300096,467,25,442
35300097,630,11,619
35300098,412,49,363
35300099,566,16,550
35300100,519,17,502
35300101,449,4,445
35300104,532,24,508
35300110,628,27,601
35300112,440,9,431
35300113,566,13,553
35300116,483,0,483
35300117,498,15,483
35300118,755,13,742
35300119,418,5,413
35300120,745,0,745
35300121,417,0,417
35300122,1239,0,1239
35300125,437,1,436
35300126,446,16,430
35300127,476,1,475
35300128,449,14,435
35300129,574,2,572
35300130,374,15,359
35300131,581,2,579
35300132,1278,1,1277
35300133,454,0,454
35300134,503,0,503
35300135,525,5,520
35300136,611,1,610
35300137,1033,16,1017
35300138,340,2,338
35300139,508,17,491
35300140,536,15,521
35300141,504,14,490
35300142,445,8,437
35300143,475,4,471
35300144,601,13,588
35300145,669,55,614
35300146,569,18,551
35300147,640,19,621
35300148,711,31,680
35300149,867,16,851
35300150,840,21,819
35300151,456,11,445
35300152,526,0,526
35300153,301,18,283
35300154,1054,32,1022
35300155,805,23,782
35300158,384,14,370
35300159,452,15,437
35300160,231,12,219
35300161,402,18,384
35300162,214,12,202
35300163,524,16,508
35300164,487,6,481
35300165,272,21,251
35300166,921,9,912
35300167,801,18,783
35300168,271,17,254
35300169,697,1,696
35300171,497,8,489
35300172,491,5,486
35300173,587,14,573
35300174,2591,29,2562
35300177,653,4,649
35300179,605,3,602
35300180,622,24,598
35300181,487,5,482
35300182,509,8,501
35300183,436,2,434
35300184,502,5,497
35300185,841,15,826
35300186,813,9,804
35300187,422,1,421
35300189,761,3,758
35300190,400,18,382
35300191,347,2,345
35300192,482,12,470
35300193,1621,8,1613
35300194,411,1,410
35300195,343,5,338
35300196,463,0,463
35300197,535,6,529
35300198,512,17,495
35300199,539,18,521
35300200,386,6,380
35300201,393,5,388
35300202,580,10,570
35300203,553,10,543
35300204,354,7,347
35300205,575,2,573
35300206,439,2,437
35300207,697,3,694
35300208,430,2,428
35300212,288,13,275
35300213,881,1,880
35300214,312,19,293
35300217,204,20,184
35300218,991,15,976
35300219,411,3,408
35300222,212,7,205
35300223,1275,18,1257
35300224,543,1,542
35300225,528,10,518
35300226,362,0,362
35300227,670,2,668
35300228,1006,1,1005
35300231,507,6,501
35300237,884,6,878
35300238,416,2,414
35300243,860,25,835
35300247,1110,28,1082
35300249,720,13,707
35300250,514,0,514
35300252,528,4,524
35300253,527,1,526
35300254,433,3,430
35300255,212,5,207
35300256,538,8,530
35300259,493,11,482
35300262,667,2,665
35300265,798,8,790
35300266,334,3,331
35300267,566,5,561
35300268,679,5,674
35300269,557,5,552
35300273,856,2,854
35300275,632,9,623
35300276,561,13,548
35300277,729,0,729
35300280,801,0,801
35300282,948,2,946
35300283,665,9,656
35300285,969,3,966
35300286,1046,5,1041
35300287,687,0,687
35300288,340,0,340
35300289,1257,8,1249
35300290,272,6,266
35300291,483,5,478
35300292,490,8,482
35300296,1127,7,1120
35300297,339,0,339
35300298,759,0,759
35300329,366,2,364
35300330,528,1,527
35300332,310,9,301
35300333,553,3,550
35300334,241,0,241
35300335,541,3,538
35300338,404,5,399
35300339,1135,13,1122
35300340,1278,5,1273
35300341,593,4,589
35300343,426,2,424
35300344,1024,27,997
35300347,510,2,508
35300348,451,11,440
35300349,498,10,488
35300350,548,13,535
35300351,608,6,602
35300353,487,9,478
35300354,998,13,985
35300355,385,43,342
35300357,627,25,602
35300358,530,1,529
35300359,540,39,501
35300360,638,33,605
35300361,488,16,472
35300362,506,12,494
35300363,528,9,519
35300364,506,3,503
35300365,659,1,658
35300366,695,17,678
35300367,469,2,467
35300368,327,0,327
35300369,552,9,543
35300370,621,1,620
35300371,981,14,967
35300372,1691,15,1676
35300373,271,1,270
35300374,1099,17,1082
35300375,462,22,440
35300376,540,2,538
35300377,758,11,747
35300378,559,13,546
35300379,429,18,411
35300380,541,14,527
35300381,998,5,993
35300382,376,2,374
35300383,693,9,684
35300384,403,2,401
35300385,533,5,528
35300386,478,5,473
35300387,486,8,478
35300388,516,2,514
35300389,456,9,447
35300390,395,4,391
35300391,458,2,456
35300392,420,10,410
35300393,419,5,414
35300394,535,2,533
35300395,421,43,378
35300396,980,10,970
35300397,477,6,471
35300398,356,8,348
35300399,602,4,598
35300400,410,2,408
35300401,443,26,417
35300402,601,9,592
35300403,546,9,537
35300404,444,1,443
35300405,599,8,591
35300406,408,11,397
35300407,633,56,577
35300408,513,6,507
35300409,741,4,737
35300410,609,33,576
35300413,548,5,543
35300414,444,2,442
35300415,635,14,621
35300416,346,2,344
35300417,402,1,401
35300418,855,2,853
35300424,485,31,454
35300425,235,13,222
35300429,640,4,636
35300431,491,25,466
35300432,557,5,552
35300433,426,9,417
35300434,847,5,842
35300435,409,8,401
35300436,545,11,534
35300437,962,10,952
35300438,1279,46,1233
35300439,648,12,636
35300440,595,5,590
35300441,337,11,326
35300442,411,11,400
35300443,281,6,275
35300444,461,8,453
35300445,482,4,478
35300446,716,3,713
35300447,510,5,505
35300448,823,6,817
35300449,604,7,597
35300450,510,5,505
35300451,509,7,502
35300452,436,5,431
35300453,545,6,539
35300454,568,12,556
35300455,452,0,452
35300456,546,1,545
35300460,458,5,453
35300462,1065,18,1047
35300463,435,12,423
35300464,491,1,490
35300466,621,15,606
35300469,694,7,687
35300470,250,5,245
35300471,758,44,714
35300472,440,5,435
35300473,685,1,684
35300476,503,23,480
35300477,450,0,450
35300478,457,16,441
35300479,447,4,443
35300480,523,24,499
35300481,470,7,463
35300482,393,9,384
35300483,1021,23,998
35300484,504,12,492
35300485,805,5,800
35300486,422,20,402
35300487,542,4,538
35300488,693,6,687
35300489,895,38,857
35300492,565,2,563
35300493,326,15,311
35300494,654,15,639
35300495,423,64,359
35300496,503,48,455
35300498,581,69,512
35300500,1655,2,1653
35300501,417,12,405
35300502,632,23,609
35300503,987,15,972
35300504,727,5,722
35300505,459,2,457
35300507,352,9,343
35300508,629,1,628
35300510,751,33,718
35300511,408,7,401
35300512,794,7,787
35300513,582,45,537
35300514,293,9,284
35300515,606,16,590
35300516,841,18,823
35300517,590,9,581
35300518,522,13,509
35300519,412,11,401
35300520,560,22,538
35300525,900,10,890
35300526,460,6,454
35300527,497,4,493
35300528,760,57,703
35300529,349,2,347
35300530,476,6,470
35300531,367,8,359
35300537,3802,219,3583
35300538,593,7,586
35300539,472,6,466
35300540,433,2,431
35300541,268,77,191
35300542,1384,14,1370
35300543,364,6,358
35300544,539,12,527
35300545,529,18,511
35300547,666,11,655
35300548,487,22,465
35300549,404,2,402
35300550,439,1,438
35300551,505,4,501
35300552,384,1,383
35300553,407,15,392
35300554,641,17,624
35300555,429,14,415
35300556,459,18,441
35300557,1877,4,1873
35300558,689,17,672
35300559,546,6,540
35300560,394,15,379
35300561,500,6,494
35300563,1235,36,1199
35300564,1005,2,1003
35300565,794,5,789
35300566,300,1,299
35300567,512,5,507
35300568,791,4,787
35300569,313,2,311
35300573,830,2,828
35300574,745,5,740
35300575,377,1,376
35300576,2495,2,2493
35300579,604,13,591
35300580,713,15,698
35300581,423,3,420
35300582,1182,0,1182
35300583,383,0,383
35300584,585,10,575
35300587,274,4,270
35300588,445,0,445
35300589,1008,0,1008
35300590,426,2,424
35300591,1045,28,1017
35300598,295,6,289
35300599,487,5,482
35300600,506,6,500
35300608,2886,31,2855
35300611,662,0,662
35300612,577,1,576
35300613,327,0,327
35300614,613,10,603
35300615,460,4,456
35300618,655,2,653
35300619,726,9,717
35300620,357,10,347
35300621,409,16,393
35300622,289,0,289
35300623,345,3,342
35300624,462,24,438
35300625,510,8,502
35300626,624,12,612
35300627,583,27,556
35300628,428,4,424
35300629,361,7,354
35300630,414,15,399
35300631,517,19,498
35300632,844,5,839
35300633,454,1,453
35300634,443,24,419
35300636,1018,10,1008
35300639,608,6,602
35300640,621,13,608
35300641,623,3,620
35300642,549,23,526
35300645,645,18,627
35300646,604,8,596
35300647,388,1,387
35300648,675,3,672
35300649,1528,7,1521
35300650,537,9,528
35300651,476,1,475
35300652,420,4,416
35300653,374,1,373
35300654,865,5,860
35300655,1521,23,1498
35300656,392,5,387
35300657,552,16,536
35300658,507,5,502
35300660,1510,2,1508
35300661,604,3,601
35300662,605,5,600
35300663,565,19,546
35300664,479,7,472
35300665,472,1,471
35300667,500,21,479
35300671,627,0,627
35300674,1012,97,915
35300677,503,16,487
35300678,453,15,438
35300679,428,18,410
35300680,431,14,417
35300681,901,1,900
35300682,947,2,945
35300683,413,2,411
35300684,803,18,785
35300685,483,3,480
35300686,406,1,405
35300687,378,1,377
35300688,447,0,447
35300689,470,0,470
35300693,407,0,407
35300694,695,1,694
35300701,1035,31,1004
35300702,559,10,549
35300705,1636,3,1633
35300706,1353,48,1305
35300707,1135,3,1132
35300708,3815,107,3708
35300709,749,2,747
35300711,467,2,465
35300713,1231,114,1117
35300714,1320,17,1303
35300716,1698,6,1692
35300717,1410,16,1394
35300718,1126,14,1112
35300719,606,0,606
35300720,899,16,883
35300721,973,1,972
35300722,1215,11,1204
35300726,615,9,606
35300727,734,46,688
35300728,1275,0,1275
35300729,942,7,935
35300730,1467,52,1415
35300732,639,6,633
35300734,692,4,688
35300735,952,16,936
35300737,1269,11,1258
35300738,1021,2,1019
35300739,439,1,438
35300740,1012,6,1006
35300741,447,4,443
35300742,607,3,604
35300743,502,2,500
35300744,401,1,400
35300745,781,7,774
35300746,557,6,551
35300747,704,1,703
35300749,3,3,0
35300751,432,30,402
35300754,924,1,923
35300755,538,0,538
35300756,520,0,520
35300757,530,0,530
35300758,405,0,405
35300759,465,0,465
35300760,555,2,553
35300761,599,0,599
35300762,543,0,543
35300763,497,0,497
35300764,564,1,563
35300765,506,1,505
35300766,572,0,572
35300767,499,0,499
35300768,541,1,540
35300769,471,0,471
35300770,384,0,384
35300771,982,14,968
35300772,748,0,748
35300773,1777,21,1756
35300774,462,0,462
35300775,419,1,418
35300776,2975,2,2973
35300777,978,1,977
35300778,478,4,474
35300780,833,17,816
35300783,528,12,516
35300784,553,4,549
35300785,358,0,358
35300786,517,1,516
35300787,431,23,408
35300788,1975,25,1950
35300789,606,29,577
35300790,588,31,557
35300791,443,57,386
35300792,1299,1,1298
35300793,327,7,320
35300795,502,5,497
35300796,537,2,535
35300797,415,0,415
35300798,609,1,608
35300799,391,2,389
35300800,454,7,447
35300801,448,1,447
35300802,489,1,488
35300803,393,0,393
35300804,1543,1,1542
35300805,884,14,870
35300806,846,2,844
35300807,467,0,467
35300808,693,3,690
35300809,532,1,531
35300810,567,0,567
35300811,528,1,527
35300812,580,6,574
35300813,606,4,602
35300814,570,2,568
35300815,445,1,444
35300816,754,5,749
35300818,360,0,360
35300819,534,6,528
35300821,1298,9,1289
35300822,1799,14,1785
35300823,658,11,647
35300824,815,6,809
35300825,278,0,278
35300826,1027,5,1022
35300827,369,7,362
35300828,501,1,500
35300830,1057,2,1055
35300832,628,1,627
35300833,674,2,672
35300836,433,8,425
35300837,566,33,533
35300838,447,7,440
35300839,340,5,335
35300840,850,43,807
35300841,369,8,361
35300842,435,21,414
35300843,401,7,394
35300844,579,8,571
35300845,436,85,351
35300846,459,9,450
35300847,414,4,410
35300850,583,13,570
35300851,1219,3,1216
35300853,392,0,392
35300854,788,1,787
35300856,492,11,481
35300857,697,10,687
35300858,685,11,674
35300859,689,0,689
35300860,619,5,614
35300861,410,8,402
35300863,470,1,469
35300864,1760,9,1751
35300869,439,1,438
35300870,774,0,774
35300871,743,0,743
35300872,591,14,577
35300873,1141,27,1114
35300874,638,13,625
35300875,884,37,847
35300876,575,18,557
35300877,1750,4,1746
35300878,576,2,574
35300880,3829,51,3778
35300881,1067,0,1067
35300882,1110,0,1110
35300883,1878,2,1876
35300884,6309,4,6305
35300885,1026,15,1011
35300886,1751,92,1659
35300887,1272,9,1263
35300888,1093,8,1085
35300889,3394,7,3387
35300890,1119,1,1118
35300891,1451,21,1430
35300892,1064,73,991
35300893,2408,51,2357
35300894,621,7,614
35300895,780,3,777
35300896,876,14,862
35300899,1934,96,1838
35300900,527,3,524
35300902,2985,7,2978
35300904,172,0,172
35300906,187,6,181
35300908,758,0,758
35300909,334,0,334
35300911,480,7,473
35300913,1783,26,1757
35300914,3848,3,3845
35300915,2807,29,2778
35300916,1212,17,1195
35300917,938,15,923
35300918,2860,31,2829
35300919,2191,20,2171
35300920,1172,13,1159
35300921,2153,43,2110
35300922,3162,33,3129
35300924,7524,25,7499
35300926,2272,25,2247
35300927,1495,3,1492
35300928,343,5,338
35300929,1910,28,1882
35300930,1204,1,1203
35300932,1706,25,1681
35300934,1560,65,1495
35300936,1407,3,1404
35300938,1169,5,1164
35300939,513,18,495
35300941,4162,2,4160
35300942,655,14,641
35300943,619,33,586
35300944,1757,11,1746
35300945,600,3,597
35300946,289,0,289
35300947,355,1,354
35300948,522,2,520
35300949,561,6,555
35300950,484,1,483
35300952,756,7,749
35300954,662,12,650
35300955,881,18,863
35300957,757,5,752
35300958,597,4,593
35300960,895,15,880
35300961,604,30,574
35300962,696,6,690
35300963,446,9,437
35300965,603,14,589
35300966,650,51,599
35300967,997,4,993
35300968,535,0,535
35300970,963,5,958
35300971,581,1,580
35300972,410,4,406
35300973,728,12,716
35300974,346,2,344
35300975,615,6,609
35300976,726,2,724
35300977,454,1,453
35300979,684,10,674
35300980,842,17,825
35300981,704,9,695
35300982,549,17,532
35300983,949,22,927
35300984,362,6,356
35300985,474,24,450
35300987,367,21,346
35300988,613,15,598
35300989,632,35,597
35300991,838,2,836
35300992,1078,15,1063
35300993,469,1,468
35300995,2002,5,1997
35300996,926,1,925
35300997,336,1,335
35300998,731,22,709
35300999,727,5,722
35301001,472,0,472
35301002,624,9,615
35301003,756,3,753
35301004,788,5,783
35301005,1781,1,1780
35301007,589,4,585
35301008,1136,9,1127
35301009,560,0,560
35301010,219,0,219
35301012,5051,43,5008
35301013,726,2,724
35301014,529,19,510
35301016,5548,9,5539
35301017,1449,33,1416
35301020,1375,2,1373
35301023,640,1,639
35301025,1067,1,1066
35301026,815,1,814
35310112,460,2,458
35310113,406,6,400
35310114,542,3,539
35310115,519,1,518
35310116,498,8,490
35310117,490,8,482
35310118,439,9,430
35310119,467,1,466
35310120,779,2,777
35310121,521,1,520
35310122,626,11,615
35310123,519,1,518
35310124,1531,4,1527
35310125,615,25,590
35310126,640,6,634
35310127,411,1,410
35310128,506,0,506
35310129,767,23,744
35310130,425,0,425
35310131,623,1,622
35310132,779,8,771
35310133,586,1,585
35310134,611,8,603
35310135,803,11,792
35310136,688,6,682
35310137,766,5,761
35310138,762,11,751
35310139,726,2,724
35310140,683,12,671
35310141,755,9,746
35310142,519,6,513
35310143,479,1,478
35310144,607,3,604
35310145,487,6,481
35310146,423,14,409
35310147,526,16,510
35310148,492,2,490
35310149,548,0,548
35310150,527,1,526
35310151,538,5,533
35310152,439,0,439
35310153,401,2,399
35310154,440,0,440
35310155,510,0,510
35310156,1014,1,1013
35310157,579,0,579
35310158,408,3,405
35310159,418,7,411
35310160,462,4,458
35310161,510,17,493
35310162,739,2,737
35310163,736,9,727
35310164,583,2,581
35310165,460,5,455
35310166,466,7,459
35310167,450,3,447
35310168,557,2,555
35310169,467,6,461
35310170,621,39,582
35310171,668,0,668
35310172,626,1,625
35310173,782,3,779
35310174,620,31,589
35310175,591,42,549
35310176,592,1,591
35310177,594,10,584
35310178,594,3,591
35310179,491,13,478
35310180,583,13,570
35310181,652,2,650
35310182,587,74,513
35310183,440,9,431
35310184,832,2,830
35310185,690,12,678
35310186,667,28,639
35310187,746,2,744
35310188,915,2,913
35310189,825,2,823
35310190,606,5,601
35310191,759,2,757
35310192,591,9,582
35310193,477,2,475
35310194,928,10,918
35310195,623,3,620
35310196,563,2,561
35310197,478,2,476
35310198,1915,13,1902
35310199,906,2,904
35310203,583,12,571
35310204,617,6,611
35310205,502,19,483
35310206,522,2,520
35310207,378,0,378
35310208,483,6,477
35310209,552,0,552
35310210,540,2,538
35310211,654,1,653
35310213,604,1,603
35310214,754,2,752
35310215,528,2,526
35310216,678,7,671
35310218,1404,6,1398
35310219,907,1,906
35310220,920,1,919
35310221,911,0,911
35310222,475,1,474
35310223,1239,26,1213
35310224,509,2,507
35310225,531,1,530
35310226,1262,24,1238
35310227,559,1,558
35310228,505,1,504
35310229,545,5,540
35310230,478,17,461
35310231,446,2,444
35310232,570,0,570
35310234,500,1,499
35310236,2070,5,2065
35310237,637,6,631
35310239,1156,23,1133
35320153,287,4,283
35320154,326,1,325
35320155,488,1,487
35320156,1055,39,1016
35320157,472,1,471
35320158,700,1,699
35320159,522,15,507
35320160,612,1,611
35320162,4070,90,3980
35320163,615,2,613
35320164,510,21,489
35320165,631,15,616
35320166,541,2,539
35320167,569,10,559
35320168,641,21,620
35320169,559,8,551
35320170,528,2,526
35320171,706,26,680
35320172,610,8,602
35320173,765,20,745
35320174,694,3,691
35320175,444,11,433
35320176,527,5,522
35320177,451,5,446
35320178,667,8,659
35320179,514,5,509
35320180,567,3,564
35320181,508,1,507
35320182,499,45,454
35320183,557,23,534
35320184,419,7,412
35320185,519,19,500
35320186,545,7,538
35320187,665,5,660
35320188,472,2,470
35320189,591,12,579
35320190,542,28,514
35320191,545,6,539
35320192,298,6,292
35320193,630,7,623
35320194,615,3,612
35320195,784,11,773
35320196,587,15,572
35320197,535,28,507
35320198,532,3,529
35320199,489,4,485
35320201,559,2,557
35320202,739,7,732
35320203,505,3,502
35320204,614,5,609
35320205,712,13,699
35320206,861,17,844
35320207,2553,11,2542
35320208,775,9,766
35320209,474,14,460
35320210,599,2,597
35320211,777,79,698
35320212,998,17,981
35320213,832,6,826
35320214,690,6,684
35320215,566,12,554
35320216,611,1,610
35320217,571,3,568
35320218,503,2,501
35320219,515,2,513
35320220,801,9,792
35320221,547,7,540
35320222,1339,13,1326
35320223,653,3,650
35320224,445,14,431
35320225,596,4,592
35320226,930,10,920
35320227,502,7,495
35320228,581,8,573
35320229,508,3,505
35320230,529,3,526
35320231,541,15,526
35320232,468,13,455
35320233,990,4,986
35320234,518,3,515
35320235,1617,6,1611
35320236,565,17,548
35320237,553,3,550
35320238,669,16,653
35320239,464,8,456
35320240,452,3,449
35320241,576,30,546
35320242,652,7,645
35320243,693,31,662
35320244,430,3,427
35320246,562,2,560
35320247,463,1,462
35320248,448,1,447
35320249,289,9,280
35320250,995,22,973
35320251,364,1,363
35320252,572,1,571
35320254,854,10,844
35320255,470,1,469
35320256,445,9,436
35320257,546,9,537
35320258,512,2,510
35320259,487,14,473
35320260,690,16,674
35320261,526,1,525
35320262,569,0,569
35320263,598,6,592
35320264,618,1,617
35320265,557,2,555
35320266,1275,3,1272
35320267,499,7,492
35320268,772,5,767
35320269,535,3,532
35320270,579,2,577
35320271,1075,3,1072
35320272,1166,19,1147
35320273,538,54,484
35320274,896,37,859
35320275,957,43,914
35320276,1123,8,1115
35320277,633,3,630
35320278,1101,30,1071
35320279,461,7,454
35320280,439,10,429
35320281,584,9,575
35320282,581,10,571
35320283,595,28,567
35320284,564,1,563
35320285,536,3,533
35320286,805,0,805
35320287,652,7,645
35320288,954,1,953
35320289,1589,4,1585
35320290,634,14,620
35320291,794,22,772
35320292,628,1,627
35320293,579,3,576
35320294,636,1,635
35320295,623,6,617
35320296,550,1,549
35320297,527,1,526
35320298,719,1,718
35320299,910,1,909
35320300,735,1,734
35320301,1131,3,1128
35320302,569,1,568
35320303,614,4,610
35320304,521,5,516
35320305,633,2,631
35320306,611,9,602
35320307,687,8,679
35320308,423,7,416
35320309,478,1,477
35320310,719,2,717
35320311,722,1,721
35320312,451,10,441
35320313,713,1,712
35320314,2004,11,1993
35320315,670,4,666
35320317,508,8,500
35320318,270,1,269
35320319,727,41,686
35320321,661,4,657
35320322,2042,11,2031
35340021,1469,16,1453
35340022,410,32,378
35340023,505,4,501
35340024,792,11,781
35340025,946,4,942
35340026,395,1,394
35340027,482,5,477
35340028,469,2,467
35340029,513,14,499
35340030,469,7,462
35340031,557,2,555
35340032,533,41,492
35340033,363,4,359
35340034,445,15,430
35340035,415,1,414
35340036,440,7,433
35340037,461,15,446
35340038,619,9,610
35340039,532,32,500
35340040,410,23,387
35340041,364,11,353
35340042,363,8,355
35340043,333,21,312
35340044,395,17,378
35340045,472,14,458
35340046,496,13,483
35340051,568,5,563
35340052,998,9,989
35340056,498,10,488
35340057,489,15,474
35340058,723,8,715
35340059,435,1,434
35340060,1262,87,1175
35340061,3314,47,3267
35340062,480,1,479
35340095,441,8,433
35340096,481,11,470
35340097,377,1,376
35340098,395,16,379
35340099,531,7,524
35340100,322,9,313
35340101,330,3,327
35340102,369,7,362
35340103,1885,6,1879
35340104,1956,24,1932
35340105,471,9,462
35340123,724,53,671
35340124,431,14,417
35340125,535,14,521
35340126,381,26,355
35340127,547,37,510
35340128,364,13,351
35340129,432,21,411
35340130,528,22,506
35340131,576,0,576
35340132,481,0,481
35340133,601,1,600
35340134,558,0,558
35340135,801,7,794
35340136,642,4,638
35340137,485,9,476
35340138,681,21,660
35340139,492,3,489
35340140,509,49,460
35340141,800,7,793
35340142,410,8,402
35340143,571,13,558
35340144,516,3,513
35340145,521,26,495
35340146,676,0,676
35340147,586,7,579
35340148,518,7,511
35340149,613,1,612
35340150,757,23,734
35340151,534,5,529
35340152,568,1,567
35340153,516,0,516
35340154,807,3,804
35340155,500,0,500
35340156,710,2,708
35340157,553,2,551
35340158,644,9,635
35340159,616,3,613
35340160,687,15,672
35340161,664,2,662
35340162,665,3,662
35340163,609,10,599
35340164,721,5,716
35340165,544,9,535
35340166,742,16,726
35340167,705,6,699
35340168,646,5,641
35340169,552,5,547
35340170,591,3,588
35340171,514,8,506
35340172,464,2,462
35340173,749,3,746
35340174,577,2,575
35340175,681,14,667
35340176,810,25,785
35340177,560,3,557
35340178,418,6,412
35340179,527,9,518
35340180,806,8,798
35340181,463,2,461
35340182,1150,29,1121
35340183,436,4,432
35340184,788,25,763
35340185,570,21,549
35340186,745,51,694
35340187,770,16,754
35340188,821,27,794
35340189,381,3,378
35340190,731,10,721
35340191,479,2,477
35340192,502,3,499
35340193,540,3,537
35340194,403,5,398
35340195,412,10,402
35340196,540,1,539
35340197,623,2,621
35340198,618,25,593
35340199,757,3,754
35340200,506,5,501
35340201,748,15,733
35340202,515,20,495
35340203,498,0,498
35340204,584,5,579
35340205,525,12,513
35340206,606,33,573
35340207,579,2,577
35340208,448,16,432
35340209,471,1,470
35340210,698,39,659
35340211,584,2,582
35340212,503,9,494
35340213,590,3,587
35340214,672,19,653
35340215,554,21,533
35340216,397,2,395
35340217,543,7,536
35340218,597,78,519
35340219,514,6,508
35340220,632,10,622
35340221,1533,1,1532
35340222,794,2,792
35340223,290,10,280
35360158,365,0,365
35360159,449,5,444
35360160,301,2,299
35360161,408,12,396
35360162,406,373,33
35360163,372,4,368
35360164,450,4,446
35360165,445,9,436
35360166,423,11,412
35360169,480,37,443
35360170,516,3,513
35360171,524,21,503
35360172,461,4,457
35360175,384,5,379
35360178,643,66,577
35360180,446,18,428
35360181,506,1,505
35360183,450,2,448
35360184,491,4,487
35360185,432,4,428
35360186,357,6,351
35360187,430,1,429
35360188,429,2,427
35360196,542,3,539
35360197,363,5,358
35360198,379,14,365
35360199,507,20,487
35360200,440,5,435
35360202,387,2,385
35360203,427,2,425
35360204,449,41,408
35360207,473,2,471
35360208,388,8,380
35360211,477,2,475
35360214,824,29,795
35360215,451,29,422
35360216,490,19,471
35360217,524,11,513
35360218,971,40,931
35360219,449,2,447
35360220,402,4,398
35360221,500,23,477
35360222,493,27,466
35360225,501,52,449
35360226,531,22,509
35360227,469,40,429
35360228,463,11,452
35360229,388,2,386
35360230,471,4,467
35360231,432,31,401
35360232,560,21,539
35360233,464,2,462
35360235,597,33,564
35360236,473,18,455
35360238,952,17,935
35360239,492,2,490
35360240,1015,51,964
35360241,607,20,587
35360242,423,9,414
35360243,463,28,435
35360244,660,4,656
35360245,317,1,316
35360246,353,13,340
35360247,558,5,553
35360248,467,18,449
35360249,481,38,443
35360250,423,2,421
35360251,847,42,805
35360252,506,2,504
35360253,762,8,754
35360255,533,1,532
35360258,646,4,642
35360259,684,8,676
35360260,473,7,466
35360261,322,30,292
35360262,449,2,447
35360263,825,46,779
35360264,428,44,384
35360266,430,2,428
35360267,403,1,402
35360270,647,97,550
35360274,457,2,455
35360275,415,30,385
35360276,420,2,418
35360277,393,38,355
35360279,464,15,449
35360281,476,4,472
35360282,473,5,468
35360283,453,20,433
35360284,471,37,434
35360285,391,6,385
35360286,448,2,446
35360287,390,2,388
35360290,483,18,465
35360292,396,3,393
35360293,447,22,425
35360298,424,11,413
35360299,577,4,573
35360300,680,28,652
35360301,710,8,702
35360303,334,12,322
35360305,466,58,408
35360306,366,10,356
35360307,526,16,510
35360308,440,2,438
35360309,388,5,383
35360312,398,29,369
35360313,662,5,657
35360314,569,23,546
35360315,232,10,222
35360316,863,21,842
35360317,862,30,832
35360318,243,6,237
35360319,308,2,306
35360321,402,2,400
35360322,470,12,458
35360324,479,59,420
35360326,695,35,660
35360328,464,38,426
35360330,406,23,383
35360331,485,3,482
35360332,455,50,405
35360333,481,57,424
35360334,505,3,502
35360335,386,2,384
35360336,455,12,443
35360338,498,1,497
35360339,665,29,636
35360340,523,7,516
35360341,336,2,334
35360342,668,0,668
35360343,433,12,421
35360345,413,11,402
35360346,471,12,459
35360347,446,2,444
35360348,543,11,532
35360349,193,2,191
35360350,481,3,478
35360352,525,8,517
35360353,397,4,393
35360354,462,6,456
35360357,597,61,536
35360358,654,4,650
35360359,766,60,706
35360360,650,4,646
35360361,517,10,507
35360362,497,2,495
35360363,525,12,513
35360364,569,2,567
35360365,73,0,73
35360366,662,4,658
35360367,104,5,99
35360368,320,1,319
35360371,579,5,574
35360372,62,6,56
35360373,476,34,442
35360375,29,7,22
35360377,443,136,307
35360379,323,5,318
35360380,272,1,271
35360381,164,1,163
35360382,557,46,511
35360383,37,6,31
35360384,97,0,97
35360385,351,1,350
35360386,383,2,381
35360388,218,7,211
35360389,55,0,55
35360391,243,13,230
35360392,322,11,311
35360393,211,19,192
35360394,215,2,213
35360395,0,0,0
35360396,254,8,246
35360397,436,2,434
35360398,20,0,20
35360399,478,2,476
35360400,23,0,23
35360401,221,17,204
35360402,294,33,261
35360404,67,1,66
35360406,47,0,47
35360407,91,0,91
35360408,442,2,440
35360409,55,0,55
35360410,764,20,744
35360411,460,9,451
35360412,245,5,240
35360414,233,25,208
35360415,27,0,27
35360416,313,2,311
35360417,402,2,400
35360419,406,3,403
35360420,251,2,249
35360422,423,43,380
35360423,13,2,11
35360424,209,7,202
35360425,226,1,225
35360430,512,23,489
35360432,144,1,143
35360433,117,1,116
35360434,170,1,169
35360435,294,15,279
35360436,245,12,233
35360437,127,1,126
35360438,391,11,380
35360439,435,62,373
35360442,355,11,344
35360444,84,0,84
35360448,21,0,21
35360449,111,4,107
35360450,550,18,532
35360453,532,10,522
35360454,142,2,140
35360455,333,3,330
35360456,344,1,343
35360457,43,0,43
35360458,24,0,24
35360459,402,3,399
35360460,55,0,55
35360461,205,2,203
35360462,130,1,129
35360463,348,1,347
35360464,130,2,128
35360465,141,2,139
35360466,314,8,306
35360467,249,1,248
35360468,224,1,223
35360469,232,2,230
35360470,363,1,362
35360471,217,1,216
35360472,190,3,187
35360474,81,0,81
35360475,236,6,230
35360476,202,7,195
35360477,327,7,320
35360478,596,4,592
35360479,55,2,53
35360481,263,5,258
35360482,63,6,57
35360483,446,30,416
35360484,118,9,109
35360485,9,0,9
35360486,265,46,219
35360487,276,44,232
35360488,173,19,154
35360489,39,4,35
35360490,377,2,375
35360491,28,0,28
35360492,333,2,331
35360493,233,3,230
35360494,214,1,213
35360495,230,6,224
35360496,102,1,101
35360497,270,5,265
35360498,338,4,334
35360499,126,9,117
35360500,392,29,363
35360501,188,10,178
35360502,154,6,148
35360503,132,2,130
35360504,85,0,85
35360505,267,2,265
35360506,20,1,19
35360507,87,4,83
35360508,379,12,367
35360509,100,1,99
35360510,387,2,385
35360511,24,0,24
35370050,257,1,256
35370051,640,36,604
35370052,442,0,442
35370053,322,1,321
35370054,528,13,515
35370055,525,2,523
35370056,792,2,790
35370057,689,2,687
35370059,565,18,547
35370060,475,36,439
35370061,640,14,626
35370062,462,11,451
35370063,384,10,374
35370064,406,4,402
35370065,303,9,294
35370066,458,8,450
35370072,7398,167,7231
35370073,1472,39,1433
35370074,117,10,107
35370075,906,120,786
35370076,931,54,877
35370077,889,22,867
35370078,517,25,492
35370079,332,1,331
35370080,729,30,699
35370081,518,15,503
35370082,507,1,506
35370083,536,2,534
35370086,402,4,398
35370087,303,1,302
35370088,340,4,336
35370089,263,5,258
35370090,414,6,408
35370091,723,6,717
35370092,533,1,532
35370093,620,12,608
35370094,449,4,445
35370095,484,1,483
35370096,475,5,470
35370097,478,4,474
35370098,622,2,620
35370099,1290,6,1284
35370100,437,5,432
35370101,555,7,548
35370102,443,7,436
35370103,555,4,551
35370104,508,7,501
35370105,583,28,555
35370106,725,11,714
35370108,704,18,686
35370109,499,8,491
35370110,451,7,444
35370111,521,12,509
35370112,491,16,475
35370113,432,21,411
35370114,432,16,416
35370115,428,17,411
35370116,474,17,457
35370117,410,19,391
35370118,493,19,474
35370119,493,9,484
35370120,477,158,319
35370121,662,11,651
35370122,403,55,348
35370123,531,23,508
35370128,713,6,707
35370129,482,0,482
35370130,462,2,460
35370131,646,49,597
35370134,764,13,751
35370135,568,5,563
35370136,455,28,427
35370137,725,80,645
35370138,391,58,333
35370139,393,8,385
35370140,354,9,345
35370141,348,5,343
35370142,2700,99,2601
35370143,1187,1,1186
35370144,618,0,618
35370145,611,1,610
35370146,1505,4,1501
35370147,587,12,575
35370148,717,14,703
35370149,690,19,671
35370150,706,22,684
35370151,517,21,496
35370152,439,0,439
35370153,433,0,433
35370154,362,4,358
35370155,449,0,449
35370156,402,24,378
35370157,505,17,488
35370158,471,1,470
35370159,652,44,608
35370160,599,9,590
35370161,427,11,416
35370162,406,8,398
35370163,792,29,763
35370164,382,32,350
35370165,550,8,542
35370166,573,1,572
35370167,499,6,493
35370168,369,0,369
35370169,458,13,445
35370170,457,6,451
35370171,573,2,571
35370172,454,0,454
35370173,436,16,420
35370174,557,55,502
35370175,571,19,552
35370176,396,13,383
35370177,386,29,357
35370178,378,83,295
35370179,597,9,588
35370180,475,64,411
35370181,398,93,305
35370182,519,15,504
35370183,374,6,368
35370184,470,6,464
35370185,391,21,370
35370186,555,11,544
35370187,214,1,213
35370188,339,4,335
35370189,514,12,502
35370190,293,3,290
35370191,712,17,695
35370192,580,11,569
35370193,489,7,482
35370194,615,20,595
35370195,453,17,436
35370196,610,16,594
35370197,452,16,436
35370198,401,21,380
35370199,378,54,324
35370200,409,9,400
35370201,437,24,413
35370202,442,12,430
35370203,537,9,528
35370204,357,4,353
35370205,449,12,437
35370206,536,7,529
35370207,602,9,593
35370208,346,27,319
35370209,513,16,497
35370210,666,28,638
35370211,576,17,559
35370212,526,16,510
35370213,463,4,459
35370214,382,13,369
35370215,461,36,425
35370216,501,22,479
35370217,424,26,398
35370218,414,16,398
35370219,403,16,387
35370220,411,12,399
35370221,505,15,490
35370222,430,18,412
35370223,461,7,454
35370224,483,3,480
35370225,422,2,420
35370226,444,11,433
35370227,423,2,421
35370228,486,2,484
35370229,478,10,468
35370230,522,5,517
35370231,430,1,429
35370232,429,43,386
35370233,590,1,589
35370234,409,2,407
35370235,409,32,377
35370236,517,2,515
35370237,528,17,511
35370238,577,16,561
35370239,535,17,518
35370240,547,29,518
35370241,511,3,508
35370242,430,1,429
35370243,477,9,468
35370244,352,37,315
35370245,549,37,512
35370246,566,57,509
35370247,487,3,484
35370248,384,20,364
35370249,366,33,333
35370250,420,9,411
35370251,561,13,548
35370252,450,18,432
35370253,372,17,355
35370254,385,10,375
35370255,497,4,493
35370256,470,2,468
35370257,410,22,388
35370258,375,9,366
35370259,513,20,493
35370260,411,14,397
35370261,382,18,364
35370262,425,17,408
35370263,339,9,330
35370264,393,8,385
35370266,1285,78,1207
35370267,571,9,562
35370268,617,2,615
35370269,496,1,495
35370270,361,0,361
35370271,503,3,500
35370272,436,17,419
35370273,443,3,440
35370274,637,11,626
35370275,412,0,412
35370276,475,15,460
35370277,738,5,733
35370278,326,3,323
35370279,439,7,432
35370284,542,33,509
35370285,474,3,471
35370286,471,5,466
35370287,476,30,446
35370288,695,19,676
35370289,441,3,438
35370290,602,5,597
35370291,581,8,573
35370292,894,10,884
35370293,993,1,992
35370294,663,2,661
35370295,257,4,253
35370296,493,7,486
35370297,492,10,482
35370298,512,8,504
35370299,439,3,436
35370300,569,19,550
35370301,2533,54,2479
35370302,2672,15,2657
35370304,440,28,412
35370305,435,43,392
35370306,531,27,504
35370307,442,14,428
35370308,552,6,546
35370309,431,14,417
35370310,535,15,520
35370311,536,4,532
35370312,514,3,511
35370313,398,9,389
35370314,149,0,149
35370315,493,10,483
35370316,416,10,406
35370317,377,5,372
35370318,378,12,366
35370319,362,11,351
35370320,458,10,448
35370321,453,6,447
35370322,471,19,452
35370323,479,13,466
35370324,403,11,392
35370325,497,12,485
35370326,538,53,485
35370327,227,8,219
35370328,435,13,422
35370329,420,9,411
35370330,463,17,446
35370331,480,5,475
35370332,521,18,503
35370333,554,5,549
35370334,407,17,390
35370335,607,13,594
35370336,434,42,392
35370337,208,7,201
35370338,583,0,583
35370339,977,1,976
35370340,517,0,517
35370341,487,0,487
35370342,474,1,473
35370343,487,12,475
35370344,627,1,626
35370345,483,0,483
35370346,516,0,516
35370347,476,3,473
35370348,509,0,509
35370349,443,21,422
35370350,627,8,619
35370351,544,49,495
35370352,300,3,297
35370353,536,45,491
35370354,560,59,501
35370355,452,1,451
35370356,461,0,461
35370357,453,1,452
35370358,142,6,136
35370359,602,3,599
35370360,1556,0,1556
35370361,323,1,322
35370362,558,10,548
35370363,241,4,237
35370364,560,8,552
35370365,430,2,428
35370366,366,2,364
35370367,541,14,527
35370368,362,10,352
35370369,745,4,741
35370370,391,2,389
35370371,623,0,623
35370372,274,11,263
35370373,921,2,919
35370374,648,23,625
35370375,437,7,430
35370376,1037,13,1024
35370377,1050,5,1045
35370381,510,6,504
35370383,859,2,857
35370384,491,0,491
35370385,432,12,420
35370386,534,0,534
35370387,441,4,437
35370388,736,11,725
35370389,449,1,448
35370390,446,6,440
35370391,574,3,571
35370392,339,4,335
35370393,431,4,427
35370394,511,7,504
35370395,888,6,882
35370396,738,26,712
35370397,447,0,447
35370398,1058,2,1056
35370413,467,11,456
35370414,375,13,362
35370415,547,5,542
35370416,552,16,536
35370519,395,4,391
35370521,882,4,878
35370522,607,1,606
35370523,585,38,547
35370524,558,2,556
35370525,1418,8,1410
35370543,468,83,385
35370544,480,25,455
35370545,422,13,409
35370546,474,15,459
35370547,416,17,399
35370548,496,14,482
35370553,822,4,818
35370554,1354,5,1349
35370555,753,3,750
35370556,644,48,596
35370557,743,2,741
35370558,785,37,748
35370559,637,22,615
35370560,1161,15,1146
35370561,698,16,682
35370562,513,29,484
35370563,691,6,685
35370564,1551,3,1548
35370565,697,1,696
35370566,504,75,429
35370567,409,9,400
35370568,593,2,591
35370569,431,2,429
35370570,531,31,500
35370571,406,1,405
35370572,381,13,368
35370573,577,12,565
35370574,1133,18,1115
35370575,419,2,417
35370576,466,3,463
35370577,622,3,619
35370578,2709,104,2605
35370579,2922,35,2887
35370580,717,4,713
35370581,707,3,704
35370582,523,1,522
35370583,870,0,870
35370584,689,4,685
35370585,580,0,580
35370586,1323,4,1319
35370587,729,0,729
35370588,566,1,565
35370589,2122,8,2114
35370590,815,29,786
35370591,484,18,466
35370592,597,9,588
35370593,621,4,617
35370594,618,15,603
35370595,847,21,826
35370596,460,7,453
35370597,481,11,470
35370598,568,13,555
35370599,508,5,503
35370600,621,9,612
35370601,652,0,652
35370602,515,8,507
35370603,513,18,495
35370604,600,11,589
35370605,858,16,842
35370606,711,6,705
35370607,894,19,875
35370608,402,6,396
35370609,637,26,611
35370610,529,21,508
35370611,467,5,462
35370612,925,18,907
35370613,404,9,395
35370614,535,8,527
35370615,475,6,469
35370616,1079,4,1075
35370617,996,2,994
35370618,880,10,870
35370619,1023,1,1022
35370620,468,59,409
35370621,530,8,522
35370622,824,49,775
35370623,594,13,581
35370624,450,8,442
35370625,640,22,618
35370626,511,21,490
35370627,505,7,498
35370628,404,2,402
35370629,495,15,480
35370630,712,51,661
35370631,838,19,819
35370632,733,20,713
35370633,478,2,476
35370634,752,3,749
35370635,336,2,334
35370636,489,12,477
35370637,513,22,491
35370638,726,12,714
35370639,549,7,542
35370640,466,35,431
35370641,603,3,600
35370642,538,7,531
35370643,679,6,673
35370644,555,9,546
35370645,396,11,385
35370646,585,3,582
35370647,469,4,465
35370648,479,18,461
35370649,1056,3,1053
35370650,484,3,481
35370651,502,3,499
35370652,508,1,507
35370653,587,9,578
35370654,893,31,862
35370655,645,18,627
35370656,707,1,706
35370657,1950,8,1942
35370658,927,4,923
35370659,1659,9,1650
35370660,1113,28,1085
35370661,574,10,564
35370662,537,7,530
35370663,470,4,466
35370664,1025,3,1022
35370665,714,1,713
35370666,895,3,892
35370667,1308,10,1298
35370668,530,12,518
35370670,374,6,368
35370671,1646,28,1618
35370672,402,6,396
35370673,361,4,357
35370674,635,30,605
35370675,615,4,611
35370676,593,2,591
35370677,357,20,337
35370678,1033,9,1024
35370681,458,9,449
35370682,564,12,552
35370683,1029,10,1019
35370684,864,14,850
35370685,451,10,441
35370686,603,7,596
35370687,456,7,449
35370688,925,5,920
35370689,535,3,532
35370690,809,27,782
35370691,1239,26,1213
35370692,576,22,554
35370693,366,8,358
35370694,562,1,561
35370695,496,0,496
35370696,443,15,428
35370697,473,30,443
35370698,574,11,563
35370699,522,11,511
35370700,553,4,549
35370701,631,3,628
35370702,701,3,698
35370703,450,26,424
35370704,1071,4,1067
35370705,445,15,430
35370706,632,0,632
35370707,889,4,885
35370708,469,29,440
35370709,863,8,855
35370710,512,2,510
35370711,674,6,668
35370712,858,24,834
35370713,544,9,535
35370714,632,2,630
35370715,742,20,722
35370716,726,19,707
35370717,438,24,414
35370718,610,3,607
35370719,563,3,560
35370720,508,4,504
35370721,485,1,484
35370722,797,14,783
35370723,452,11,441
35370724,651,22,629
35370725,676,18,658
35370726,456,3,453
35370727,450,9,441
35370728,498,30,468
35370729,631,15,616
35370730,537,32,505
35370731,454,5,449
35370732,454,15,439
35370733,537,8,529
35370734,499,4,495
35370735,610,26,584
35370736,602,81,521
35370737,606,13,593
35370738,492,10,482
35370739,807,19,788
35370740,473,10,463
35370741,478,22,456
35370743,512,6,506
35370744,794,1,793
35370745,825,21,804
35370746,506,3,503
35370747,370,0,370
35370748,508,0,508
35370750,586,0,586
35370751,566,14,552
35370752,512,7,505
35370753,813,11,802
35370754,737,4,733
35370755,583,30,553
35370756,528,3,525
35370757,528,5,523
35370758,516,2,514
35370759,613,3,610
35370760,805,83,722
35370761,659,2,657
35370762,429,3,426
35370763,367,4,363
35370764,519,29,490
35370765,926,1,925
35370766,510,5,505
35370767,373,21,352
35370768,1020,4,1016
35370769,429,2,427
35370770,428,4,424
35370771,411,1,410
35370772,659,9,650
35370773,551,2,549
35370774,609,6,603
35370775,902,21,881
35370776,361,2,359
35370777,651,9,642
35370778,740,9,731
35370779,554,19,535
35370780,513,2,511
35370781,318,3,315
35370782,613,3,610
35370783,488,4,484
35370784,668,3,665
35370785,276,2,274
35370786,300,2,298
35370787,503,8,495
35370788,477,8,469
35370789,486,4,482
35370790,412,3,409
35370791,422,8,414
35370792,438,3,435
35370793,472,34,438
35370794,474,3,471
35370795,461,8,453
35370796,491,3,488
35370797,1193,41,1152
35370798,478,3,475
35370799,513,4,509
35370800,848,6,842
35370801,504,6,498
35370802,543,2,541
35370803,575,3,572
35370804,497,1,496
35370805,896,8,888
35370806,588,2,586
35370807,686,11,675
35370808,460,0,460
35370809,537,1,536
35370810,737,15,722
35370811,546,27,519
35370812,524,1,523
35370813,700,3,697
35370814,643,25,618
35370815,361,3,358
35370816,530,2,528
35370817,629,4,625
35370818,597,3,594
35370819,672,6,666
35370820,488,1,487
35370821,415,1,414
35370822,461,22,439
35370823,453,1,452
35370824,620,4,616
35370825,537,1,536
35370826,662,6,656
35370827,489,1,488
35370828,560,2,558
35370829,670,6,664
35370830,530,1,529
35370831,963,12,951
35370832,329,5,324
35370833,258,2,256
35370834,754,2,752
35370835,766,6,760
35370836,574,3,571
35370837,2526,19,2507
35370838,691,1,690
35370839,203,7,196
35370840,1198,4,1194
35370841,727,4,723
35370842,617,6,611
35370843,540,12,528
35370844,574,2,572
35370845,708,4,704
35370846,503,3,500
35370847,526,1,525
35370848,452,23,429
35370849,459,0,459
35370850,601,2,599
35370851,1523,12,1511
35370852,578,1,577
35370853,612,22,590
35370854,679,54,625
35370855,654,24,630
35370856,489,0,489
35370857,528,1,527
35370858,728,8,720
35370859,522,5,517
35370860,467,6,461
35370861,454,4,450
35370862,445,10,435
35370863,507,67,440
35370864,436,2,434
35370865,696,10,686
35370866,2526,14,2512
35370867,2298,2,2296
35370868,1361,55,1306
35370869,1312,20,1292
35370870,523,0,523
35370871,1188,16,1172
35370872,221,4,217
35370873,565,1,564
35370874,456,7,449
35370875,610,2,608
35370876,206,2,204
35370877,225,2,223
35370878,377,1,376
35380052,1119,3,1116
35380053,929,49,880
35380054,725,7,718
35380056,575,10,565
35380057,809,26,783
35380058,266,2,264
35380060,315,6,309
35380061,432,2,430
35380062,419,41,378
35380063,504,31,473
35380064,463,26,437
35380065,437,73,364
35380066,1092,100,992
35380067,568,14,554
35380068,520,114,406
35380069,412,12,400
35380070,405,94,311
35380071,354,4,350
35380072,464,18,446
35380073,346,41,305
35380074,412,4,408
35380075,406,11,395
35380076,394,16,378
35380077,380,9,371
35380078,446,30,416
35380079,415,15,400
35380080,383,23,360
35380081,410,49,361
35380082,419,5,414
35380083,419,32,387
35380084,372,36,336
35380085,373,1,372
35380086,451,15,436
35380087,570,18,552
35380088,534,24,510
35380089,426,4,422
35380090,473,2,471
35380091,461,17,444
35380092,438,3,435
35380093,493,26,467
35380094,563,26,537
35380095,495,2,493
35380096,627,7,620
35380097,618,35,583
35380098,492,8,484
35380099,378,45,333
35380100,453,8,445
35380101,490,24,466
35380102,402,15,387
35380103,451,9,442
35380104,657,3,654
35380105,392,1,391
35380106,514,1,513
35380107,495,3,492
35380108,502,53,449
35380109,457,30,427
35380110,432,1,431
35380111,650,81,569
35380112,646,36,610
35380113,498,0,498
35380114,415,39,376
35380115,443,3,440
35380116,282,0,282
35380117,534,3,531
35380118,273,0,273
35380119,393,3,390
35380120,519,14,505
35380121,419,11,408
35380122,407,1,406
35380123,580,2,578
35380124,342,6,336
35380125,453,9,444
35380126,452,16,436
35380127,587,2,585
35380128,776,14,762
35380129,445,2,443
35380130,441,21,420
35380131,452,10,442
35380132,485,13,472
35380133,502,0,502
35380134,489,0,489
35380135,511,20,491
35380136,493,0,493
35380137,469,14,455
35380138,478,12,466
35380139,450,1,449
35380140,531,0,531
35380141,479,0,479
35380142,553,1,552
35380143,510,41,469
35380144,1012,10,1002
35380145,372,0,372
35380146,454,21,433
35380147,525,8,517
35380148,615,9,606
35380149,449,7,442
35380150,283,5,278
35380151,1288,4,1284
35380152,2068,10,2058
35380153,525,20,505
35380154,480,25,455
35380155,685,16,669
35380156,344,11,333
35380157,540,21,519
35380158,460,14,446
35380159,592,7,585
35380160,465,26,439
35380161,391,26,365
35380162,414,16,398
35380163,570,36,534
35380164,456,3,453
35380165,537,3,534
35380166,527,14,513
35380167,459,1,458
35380168,567,21,546
35380169,379,27,352
35380170,349,7,342
35380172,499,0,499
35380173,583,0,583
35380174,646,8,638
35380175,580,0,580
35380176,334,2,332
35380177,424,22,402
35380178,503,7,496
35380179,342,1,341
35380180,603,3,600
35380181,372,3,369
35380182,1231,4,1227
35380183,837,13,824
35380184,567,4,563
35380194,945,4,941
35380195,526,8,518
35380196,466,89,377
35380197,32,1,31
35380198,654,604,50
35380199,0,0,0
35380200,0,0,0
35380202,123,0,123
35380242,880,46,834
35380243,567,12,555
35380244,504,9,495
35380245,883,9,874
35380247,561,30,531
35380248,477,17,460
35380249,399,1,398
35380250,413,9,404
35380251,381,4,377
35380252,364,17,347
35380253,454,7,447
35380254,432,1,431
35380255,417,1,416
35380256,483,3,480
35380257,433,3,430
35380258,461,6,455
35380259,454,1,453
35380260,532,15,517
35380261,439,1,438
35380262,434,8,426
35380263,365,6,359
35380264,430,20,410
35380265,423,18,405
35380266,416,10,406
35380267,377,7,370
35380268,385,0,385
35380269,644,1,643
35380270,336,0,336
35380271,438,0,438
35380272,347,0,347
35380273,768,9,759
35380274,440,22,418
35380275,501,29,472
35380276,446,8,438
35380277,453,9,444
35380278,484,8,476
35380279,529,9,520
35380280,910,12,898
35380281,380,0,380
35380282,380,11,369
35380283,772,15,757
35380284,415,1,414
35380285,822,18,804
35380286,725,13,712
35380287,536,18,518
35380288,612,1,611
35380289,438,3,435
35380290,409,3,406
35380291,397,5,392
35380292,403,7,396
35380293,537,5,532
35380294,451,2,449
35380295,689,22,667
35380296,705,1,704
35380297,574,1,573
35380298,680,43,637
35380299,630,42,588
35380300,404,14,390
35380301,485,9,476
35380302,456,63,393
35380303,480,33,447
35380304,473,4,469
35380305,478,10,468
35380306,401,10,391
35380307,1038,899,139
35380310,505,1,504
35380311,789,2,787
35380312,462,0,462
35380313,877,6,871
35380314,544,2,542
35380315,414,2,412
35380316,365,7,358
35380317,455,0,455
35380318,435,2,433
35380319,470,1,469
35380320,406,2,404
35380321,401,9,392
35380322,442,2,440
35380323,447,8,439
35380324,518,10,508
35380325,485,21,464
35380326,457,14,443
35380327,598,14,584
35380328,501,2,499
35380329,315,288,27
35380330,355,323,32
35380331,466,421,45
35380332,468,425,43
35380333,362,1,361
35380334,438,0,438
35380335,348,35,313
35380336,478,1,477
35380337,401,1,400
35380338,445,3,442
35380339,662,0,662
35380340,475,20,455
35380341,1245,36,1209
35380342,480,23,457
35380343,577,17,560
35380344,404,7,397
35380345,526,24,502
35380346,445,70,375
35380347,488,26,462
35380348,394,9,385
35380349,708,11,697
35380350,456,1,455
35380351,636,1,635
35380352,388,1,387
35380353,480,1,479
35380355,314,5,309
35380356,807,16,791
35380357,2,0,2
35380358,647,2,645
35390010,565,11,554
35390011,613,12,601
35390012,633,1,632
35390013,642,14,628
35390014,922,2,920
35390018,364,1,363
35390021,366,3,363
35390023,711,6,705
35390024,421,1,420
35390025,561,12,549
35390026,490,13,477
35390027,340,5,335
35390031,670,9,661
35390032,1265,14,1251
35390033,271,6,265
35390034,1099,9,1090
35390035,315,2,313
35390036,731,2,729
35390037,233,0,233
35390038,426,8,418
35390039,373,1,372
35390040,364,2,362
35390041,504,48,456
35390042,696,0,696
35390043,470,0,470
35390044,516,2,514
35390045,305,7,298
35390046,683,6,677
35390047,631,1,630
35390048,618,13,605
35390049,655,3,652
35390050,527,4,523
35390051,541,21,520
35390052,408,10,398
35390053,552,74,478
35390054,476,37,439
35390055,434,13,421
35390056,460,2,458
35390057,366,6,360
35390058,415,2,413
35390059,553,10,543
35390060,413,1,412
35390061,493,15,478
35390062,476,13,463
35390063,700,3,697
35390064,532,27,505
35390065,595,28,567
35390066,429,21,408
35390067,463,10,453
35390068,499,25,474
35390069,441,23,418
35390070,560,4,556
35390071,572,4,568
35390072,855,37,818
35390073,290,1,289
35390074,475,6,469
35390075,337,4,333
35390076,625,1,624
35390077,583,0,583
35390079,265,96,169
35390087,449,0,449
35390091,866,5,861
35390092,482,24,458
35390093,364,2,362
35390094,534,4,530
35390095,892,7,885
35390096,349,2,347
35390097,470,0,470
35390098,414,4,410
35390099,895,11,884
35390100,545,2,543
35390101,374,1,373
35390102,350,5,345
35390103,474,11,463
35390104,618,32,586
35390105,478,32,446
35390106,468,11,457
35390107,461,2,459
35390108,452,9,443
35390109,460,3,457
35390110,508,4,504
35390111,516,15,501
35390112,465,55,410
35390113,324,2,322
35390114,446,4,442
35390115,531,5,526
35390116,516,43,473
35390117,380,11,369
35390118,409,60,349
35390119,433,7,426
35390120,531,76,455
35390121,596,4,592
35390122,448,4,444
35390123,766,4,762
35390124,389,11,378
35390125,613,1,612
35390126,459,0,459
35390127,372,2,370
35390128,1120,15,1105
35390129,587,1,586
35390130,393,48,345
35390131,462,7,455
35390132,393,2,391
35390133,442,4,438
35390134,474,2,472
35390135,433,0,433
35390136,523,1,522
35390137,514,0,514
35390138,344,6,338
35390139,864,6,858
35390142,628,3,625
35390143,415,0,415
35390144,901,24,877
35390145,737,29,708
35390146,1536,24,1512
35390147,297,27,270
35390148,788,6,782
35390149,290,0,290
35390150,351,3,348
35390151,870,5,865
35390152,459,0,459
35390153,561,1,560
35390154,678,23,655
35390155,358,5,353
35390156,395,6,389
35390157,1173,2,1171
35390158,323,5,318
35390162,761,2,759
35390163,254,4,250
35390164,391,4,387
35390166,893,2,891
35390167,584,13,571
35390168,781,4,777
35390170,200,3,197
35390171,270,1,269
35390172,1052,33,1019
35390173,839,44,795
35390174,705,15,690
35390175,1032,20,1012
35390176,903,27,876
35390177,249,2,247
35390178,1158,1,1157
35390179,442,0,442
35390180,756,2,754
35390181,439,0,439
35390182,254,1,253
35390183,678,1,677
35390185,293,0,293
35390186,957,10,947
35390187,615,3,612
35390188,777,0,777
35390191,980,34,946
35390194,532,5,527
35390197,372,17,355
35390198,310,7,303
35390199,323,24,299
35390200,816,20,796
35390201,557,38,519
35390202,408,19,389
35390203,653,79,574
35390204,562,6,556
35390205,460,3,457
35390206,388,4,384
35390207,414,1,413
35390208,605,10,595
35390212,640,39,601
35390213,279,5,274
35390214,761,9,752
35390215,367,3,364
35390216,478,5,473
35390217,581,48,533
35390218,763,8,755
35390219,667,6,661
35390226,587,6,581
35390227,639,9,630
35390228,1103,15,1088
35390234,422,9,413
35390235,495,9,486
35390236,259,1,258
35390237,461,4,457
35390240,742,18,724
35390241,450,11,439
35390242,310,3,307
35390243,615,6,609
35390244,564,13,551
35390245,610,2,608
35390246,519,1,518
35390247,580,19,561
35390248,586,8,578
35390249,1061,33,1028
35390250,420,1,419
35390256,595,1,594
35390257,993,230,763
35390258,541,2,539
35390259,568,21,547
35390260,509,2,507
35390261,463,10,453
35390262,657,3,654
35390263,379,4,375
35390264,703,12,691
35390265,251,2,249
35390266,477,4,473
35390267,664,2,662
35390272,883,25,858
35390273,654,0,654
35390274,410,2,408
35390275,372,37,335
35390276,440,0,440
35390277,345,3,342
35390278,560,6,554
35390280,630,2,628
35390281,455,5,450
35390282,408,2,406
35390283,480,2,478
35390284,764,9,755
35390285,587,4,583
35390286,500,1,499
35390287,702,10,692
35390288,753,35,718
35390289,1341,2,1339
35390290,382,2,380
35390291,608,11,597
35390292,506,12,494
35390293,278,2,276
35390296,894,9,885
35390297,389,3,386
35390298,970,9,961
35390299,1363,6,1357
35390300,449,2,447
35390301,564,1,563
35390303,1087,109,978
35390305,254,10,244
35390306,461,46,415
35390307,506,2,504
35390308,467,6,461
35390311,620,3,617
35390312,707,5,702
35390313,480,5,475
35390314,536,10,526
35390315,525,25,500
35390316,634,7,627
35390321,576,11,565
35390323,710,9,701
35390324,406,8,398
35390325,624,9,615
35390326,475,15,460
35390327,425,0,425
35390328,577,10,567
35390329,321,0,321
35390330,322,1,321
35390333,992,13,979
35390334,416,1,415
35390335,369,1,368
35390336,615,2,613
35390337,515,0,515
35390338,281,3,278
35390339,436,5,431
35390340,606,32,574
35390341,451,9,442
35390342,350,4,346
35390343,296,7,289
35390344,305,6,299
35390345,615,5,610
35390346,422,6,416
35390347,348,9,339
35390348,936,73,863
35390349,1018,7,1011
35390350,713,1,712
35390351,604,0,604
35390352,907,6,901
35390353,689,2,687
35390354,422,0,422
35390355,4545,42,4503
35390360,370,5,365
35390361,1006,5,1001
35390364,545,0,545
35390365,623,5,618
35390366,458,0,458
35390367,354,4,350
35390368,479,1,478
35390374,473,1,472
35390375,295,4,291
35390376,356,0,356
35390379,586,3,583
35390394,1057,3,1054
35390395,570,10,560
35390396,475,1,474
35390399,459,2,457
35390400,1123,2,1121
35390401,400,0,400
35390402,441,1,440
35390405,504,0,504
35390406,481,7,474
35390407,1112,4,1108
35390408,291,13,278
35390409,483,24,459
35390410,1055,36,1019
35390411,789,12,777
35390412,398,2,396
35390413,578,2,576
35390414,512,2,510
35390415,521,16,505
35390416,446,16,430
35390417,417,30,387
35390418,418,2,416
35390419,383,5,378
35390420,847,15,832
35390421,388,1,387
35390422,458,2,456
35390425,1180,9,1171
35390426,765,15,750
35390429,565,5,560
35390430,1154,21,1133
35390434,825,43,782
35390435,259,3,256
35390437,573,19,554
35390438,744,5,739
35390439,782,2,780
35390440,526,9,517
35390441,738,1,737
35390442,546,0,546
35390443,662,9,653
35390444,305,0,305
35390445,420,7,413
35390446,912,3,909
35390448,381,0,381
35390449,486,16,470
35390451,374,3,371
35390452,445,1,444
35390453,400,2,398
35390454,431,11,420
35390455,533,5,528
35390456,438,5,433
35390457,397,11,386
35390459,914,12,902
35390460,4569,18,4551
35390461,507,22,485
35390462,426,13,413
35390463,423,2,421
35390464,416,5,411
35390465,344,1,343
35390466,547,6,541
35390539,427,1,426
35390540,521,3,518
35390541,639,2,637
35390542,374,7,367
35390543,568,9,559
35390544,431,3,428
35390545,868,2,866
35390546,633,2,631
35390547,526,2,524
35390548,856,3,853
35390549,1459,63,1396
35390550,1173,12,1161
35390551,355,4,351
35390552,401,5,396
35390553,343,4,339
35390554,978,12,966
35390555,599,4,595
35390556,599,3,596
35390557,581,6,575
35390558,512,32,480
35390559,1418,5,1413
35390560,480,8,472
35390561,625,8,617
35390562,531,5,526
35390563,470,13,457
35390564,500,5,495
35390578,636,15,621
35390579,771,1,770
35390580,936,33,903
35390581,323,1,322
35390582,748,1,747
35390584,483,3,480
35390585,676,41,635
35390586,432,9,423
35390587,469,22,447
35390588,385,3,382
35390589,531,52,479
35390590,141,8,133
35390592,591,22,569
35390593,529,30,499
35390595,845,15,830
35390596,570,8,562
35390597,499,9,490
35390598,720,4,716
35390599,407,4,403
35390600,541,2,539
35390601,1012,6,1006
35390604,755,45,710
35390605,669,11,658
35390606,528,4,524
35390607,450,0,450
35390611,566,17,549
35390616,256,43,213
35390617,292,6,286
35390618,560,8,552
35390619,441,7,434
35390620,420,34,386
35390621,1122,64,1058
35390622,1286,126,1160
35390623,305,32,273
35390624,526,5,521
35390625,545,28,517
35390626,479,17,462
35390627,499,11,488
35390628,505,13,492
35390629,516,1,515
35390630,605,11,594
35390631,515,1,514
35390632,486,1,485
35390633,535,1,534
35390634,586,1,585
35390635,573,6,567
35390636,547,6,541
35390637,843,8,835
35390638,575,36,539
35390639,599,20,579
35390645,404,0,404
35390646,481,2,479
35390648,518,7,511
35390649,430,1,429
35390650,536,0,536
35390651,523,3,520
35390652,1581,65,1516
35390655,697,7,690
35390656,474,2,472
35390657,660,3,657
35390658,412,8,404
35390659,819,11,808
35390660,757,18,739
35390661,787,32,755
35390662,325,3,322
35390663,356,22,334
35390666,381,12,369
35390669,2289,42,2247
35390670,1664,27,1637
35390672,3153,22,3131
35390673,1405,8,1397
35390676,1041,38,1003
35390677,3047,85,2962
35390678,1301,167,1134
35390679,1019,6,1013
35390680,1556,136,1420
35390681,2572,161,2411
35390682,1014,152,862
35390683,937,23,914
35390684,676,60,616
35390685,1512,30,1482
35390688,1317,41,1276
35390689,1852,9,1843
35390690,1597,36,1561
35390691,1107,11,1096
35390692,1291,5,1286
35390693,1293,10,1283
35390694,1593,67,1526
35390696,3951,48,3903
35390697,426,4,422
35390698,897,3,894
35390699,459,5,454
35390700,563,2,561
35390701,759,3,756
35390702,1066,23,1043
35390703,614,10,604
35390704,183,3,180
35390705,798,3,795
35390706,815,4,811
35390707,1057,1,1056
35390708,732,3,729
35390709,1087,6,1081
35390711,578,2,576
35390712,429,16,413
35390713,1087,36,1051
35390714,912,28,884
35390715,455,3,452
35390716,651,10,641
35390717,490,15,475
35390718,518,11,507
35390719,513,3,510
35390720,1549,7,1542
35390721,1341,0,1341
35390722,545,2,543
35390723,622,36,586
35390724,498,4,494
35390725,488,4,484
35390726,461,12,449
35390727,7812,82,7730
35390728,3591,6,3585
35390729,1003,12,991
35390730,695,2,693
35390731,368,8,360
35390732,450,6,444
35390733,470,3,467
35390734,547,2,545
35390735,1176,8,1168
35390736,941,11,930
35390737,907,6,901
35390738,604,6,598
35390739,883,2,881
35390740,404,1,403
35390741,505,28,477
35390742,610,23,587
35390743,598,0,598
35390744,390,0,390
35390745,796,11,785
35390746,3937,51,3886
35390747,443,4,439
35390748,485,5,480
35390749,1337,1335,2
35390750,0,0,0
35390753,26,21,5
35390754,0,0,0
35390755,0,0,0
35390756,115,108,7
35390757,0,0,0
35390758,1,0,1
35390759,398,4,394
35390760,446,45,401
35390761,20,16,4
35390762,455,8,447
35390763,402,0,402
35390764,528,3,525
35390765,1082,16,1066
35390766,427,4,423
35390767,465,12,453
35390768,468,12,456
35390769,546,18,528
35390770,481,28,453
35390771,643,36,607
35390772,395,8,387
35390773,480,31,449
35390774,494,3,491
35390775,460,10,450
35390776,401,6,395
35390777,458,10,448
35390779,456,1,455
35390780,523,12,511
35390781,644,27,617
35390782,500,2,498
35390783,534,20,514
35390784,623,11,612
35390785,484,6,478
35390786,387,8,379
35390787,614,8,606
35390788,1050,45,1005
35390789,769,6,763
35390790,887,15,872
35390791,498,0,498
35390793,517,4,513
35390794,436,10,426
35390795,444,29,415
35390796,441,4,437
35390797,477,10,467
35390798,488,10,478
35390799,544,23,521
35390800,423,13,410
35390801,360,0,360
35390802,405,4,401
35390803,521,25,496
35390804,518,14,504
35390805,438,1,437
35390806,463,1,462
35390807,479,6,473
35390808,413,1,412
35390809,497,4,493
35390810,415,11,404
35390811,488,2,486
35390812,426,0,426
35390813,433,4,429
35390814,459,1,458
35390815,715,12,703
35390816,432,3,429
35390817,546,1,545
35390818,661,2,659
35390819,647,1,646
35390820,321,2,319
35390821,468,9,459
35390822,474,1,473
35390823,338,1,337
35390824,495,6,489
35390825,456,0,456
35390826,662,9,653
35390827,400,7,393
35390828,677,31,646
35390829,613,2,611
35390830,519,6,513
35390831,552,9,543
35390832,303,0,303
35390833,382,6,376
35390834,467,14,453
35390835,464,4,460
35390836,352,9,343
35390837,339,9,330
35390838,778,22,756
35390839,617,4,613
35390840,736,11,725
35390841,648,14,634
35390842,2183,25,2158
35390843,680,10,670
35390844,802,26,776
35390845,1721,39,1682
35390846,495,4,491
35390847,547,3,544
35390848,449,0,449
35390849,506,1,505
35390850,511,6,505
35390851,578,26,552
35390852,443,17,426
35390853,540,41,499
35390854,423,19,404
35390855,842,22,820
35390856,342,0,342
35390857,681,7,674
35390858,398,0,398
35390859,438,5,433
35390860,577,15,562
35390861,446,6,440
35390862,423,18,405
35390863,641,17,624
35390864,255,27,228
35390865,411,4,407
35390866,630,15,615
35390867,549,9,540
35390868,497,4,493
35390869,503,5,498
35390870,449,6,443
35390871,1809,26,1783
35390872,479,13,466
35390873,428,2,426
35390874,513,8,505
35390875,500,1,499
35390876,590,10,580
35390877,527,6,521
35390878,440,2,438
35390879,434,8,426
35390880,456,0,456
35390881,537,0,537
35390882,390,11,379
35390883,967,1,966
35390884,427,9,418
35390885,427,1,426
35390886,533,16,517
35390887,476,1,475
35390888,437,4,433
35390889,295,34,261
35390890,727,67,660
35390891,459,15,444
35390892,812,6,806
35390893,958,6,952
35390894,315,8,307
35390895,318,1,317
35390896,239,4,235
35390897,790,1,789
35390898,1316,2,1314
35390899,1709,29,1680
35390900,1074,11,1063
35390901,1315,18,1297
35390902,2652,35,2617
35390903,798,2,796
35390904,438,41,397
35390905,741,7,734
35390906,441,7,434
35390907,1294,13,1281
35390908,296,36,260
35390909,647,14,633
35390910,781,6,775
35390911,769,3,766
35390912,628,7,621
35390913,608,5,603
35390914,987,70,917
35390915,868,13,855
35390916,938,6,932
35390917,956,10,946
35390918,1036,12,1024
35390919,393,12,381
35390920,340,12,328
35390921,1124,11,1113
35390922,718,40,678
35390923,1075,1,1074
35390924,1248,1,1247
35390925,972,0,972
35390926,940,5,935
35390927,2457,12,2445
35390928,2182,14,2168
35390929,1175,22,1153
35390930,418,4,414
35390931,461,7,454
35390932,499,2,497
35390933,679,2,677
35390934,850,42,808
35390935,395,0,395
35390936,710,16,694
35390937,645,0,645
35390938,2214,5,2209
35390939,1223,13,1210
35390940,689,11,678
35390941,427,7,420
35390942,2224,26,2198
35390943,2168,40,2128
35390944,588,9,579
35390945,554,12,542
35390946,2693,68,2625
35390947,802,35,767
35390948,569,1,568
35390949,1442,4,1438
35390950,317,3,314
35390951,1264,101,1163
35390952,495,1,494
35390953,909,3,906
35390954,1570,2,1568
35390955,399,4,395
35390956,494,1,493
35390957,5,0,5
35390958,35,0,35
35390961,786,764,22
35400104,388,0,388
35400105,455,0,455
35400106,458,0,458
35400107,458,0,458
35400108,443,0,443
35400109,549,1,548
35400110,461,7,454
35400111,602,1,601
35400112,555,4,551
35400113,541,7,534
35400114,466,0,466
35400115,626,22,604
35400116,412,5,407
35400117,623,6,617
35400118,417,1,416
35400119,467,19,448
35400120,404,1,403
35400121,422,2,420
35400122,465,1,464
35400123,408,6,402
35400124,540,0,540
35400125,519,0,519
35400126,469,10,459
35400127,443,4,439
35400128,448,1,447
35400129,421,4,417
35400130,646,2,644
35400131,483,12,471
35400132,431,1,430
35400133,467,1,466
35400134,466,6,460
35400135,500,4,496
35400136,429,7,422
35400137,456,35,421
35400138,438,5,433
35400139,417,1,416
35400140,554,8,546
35400141,606,28,578
35400142,663,1,662
35400143,533,22,511
35400144,498,5,493
35400145,468,6,462
35400146,388,11,377
35400147,415,2,413
35400148,384,1,383
35400149,432,16,416
35400150,454,3,451
35400151,576,10,566
35400152,618,1,617
35400153,517,19,498
35400154,448,7,441
35400155,474,9,465
35400156,637,3,634
35400157,583,29,554
35400158,679,20,659
35400159,484,7,477
35400160,418,1,417
35400161,369,4,365
35400162,419,1,418
35400163,405,1,404
35400164,347,6,341
35400165,351,10,341
35400166,571,6,565
35400167,380,3,377
35400168,499,33,466
35400169,497,3,494
35400170,399,6,393
35400171,457,1,456
35400172,522,3,519
35400173,299,4,295
35400174,393,0,393
35400175,614,17,597
35400176,445,1,444
35400177,494,3,491
35400178,519,9,510
35400179,506,2,504
35400180,467,7,460
35400181,500,6,494
35400182,501,0,501
35400183,485,9,476
35400184,505,8,497
35400185,489,7,482
35400186,590,8,582
35400187,394,1,393
35400188,497,3,494
35400189,456,10,446
35400190,512,4,508
35400191,517,20,497
35400192,440,1,439
35400193,915,7,908
35400194,616,7,609
35400195,377,1,376
35400196,428,2,426
35400197,354,37,317
35400198,370,2,368
35400199,486,2,484
35400200,518,3,515
35400201,498,4,494
35400202,475,14,461
35400203,304,27,277
35400204,598,20,578
35400205,578,4,574
35400206,763,5,758
35400207,518,9,509
35400208,408,15,393
35400209,634,4,630
35400210,415,1,414
35400211,438,8,430
35400212,420,7,413
35400213,459,1,458
35400214,418,0,418
35400215,355,3,352
35400216,382,0,382
35400217,397,17,380
35400218,430,16,414
35400219,508,1,507
35400220,419,1,418
35400221,419,1,418
35400222,490,1,489
35400223,446,9,437
35410145,569,4,565
35410146,568,47,521
35410147,567,2,565
35410148,714,60,654
35410149,612,3,609
35410150,879,3,876
35410152,734,15,719
35410153,623,44,579
35410154,841,44,797
35410155,766,14,752
35410156,1011,39,972
35410157,1032,0,1032
35410159,1100,1046,54
35410160,924,39,885
35410161,627,10,617
35410162,506,13,493
35410163,885,61,824
35410164,496,4,492
35410165,32,31,1
35410166,702,16,686
35410167,1021,26,995
35410168,537,6,531
35410169,1820,80,1740
35410170,646,12,634
35410171,971,65,906
35410172,991,26,965
35410173,1391,32,1359
35410174,546,0,546
35410175,770,13,757
35410176,1473,8,1465
35410177,749,12,737
35410178,460,5,455
35410179,449,12,437
35410180,566,9,557
35410181,739,10,729
35410182,451,7,444
35410183,429,14,415
35410184,439,37,402
35410185,536,26,510
35410186,618,10,608
35410187,804,1,803
35410188,674,7,667
35410189,819,17,802
35410190,446,10,436
35410191,589,15,574
35410192,337,3,334
35410193,927,6,921
35410194,848,13,835
35410195,521,14,507
35410196,535,10,525
35410197,427,6,421
35410198,1026,7,1019
35410199,562,13,549
35410200,1180,19,1161
35410201,812,3,809
35410202,406,7,399
35410203,913,4,909
35410204,572,44,528
35410205,488,31,457
35410206,576,2,574
35410207,701,6,695
35410208,696,41,655
35410209,683,8,675
35410210,638,28,610
35410211,687,0,687
35410212,611,26,585
35410213,634,5,629
35410214,591,21,570
35410215,669,36,633
35410216,601,12,589
35410217,658,13,645
35410218,698,26,672
35410219,600,9,591
35410220,588,13,575
35410221,524,3,521
35410222,423,2,421
35410223,828,4,824
35410224,544,7,537
35410225,416,16,400
35410226,598,8,590
35410227,498,3,495
35410228,534,20,514
35410229,923,5,918
35410230,506,3,503
35410231,629,17,612
35410232,422,12,410
35410233,566,13,553
35410234,512,2,510
35410235,483,2,481
35410236,514,2,512
35410237,469,1,468
35410238,593,14,579
35410239,543,2,541
35410240,514,8,506
35410241,601,6,595
35410242,492,3,489
35410243,846,5,841
35410244,852,33,819
35410245,619,542,77
35410246,324,2,322
35410247,356,1,355
35410248,2,0,2
35410249,703,2,701
35420159,623,18,605
35420160,426,6,420
35420161,525,5,520
35420162,529,33,496
35420163,597,41,556
35420164,585,52,533
35420165,505,12,493
35420166,485,51,434
35420167,435,5,430
35420168,403,4,399
35420169,328,8,320
35420170,572,1,571
35420171,461,15,446
35420172,483,25,458
35420173,468,23,445
35420174,493,7,486
35420175,483,21,462
35420176,439,13,426
35420177,388,1,387
35420178,449,46,403
35420179,442,3,439
35420180,544,4,540
35420181,406,24,382
35420182,466,3,463
35420183,558,8,550
35420184,494,16,478
35420185,407,9,398
35420186,465,10,455
35420187,615,27,588
35420188,485,3,482
35420189,361,2,359
35420190,429,4,425
35420191,587,9,578
35420192,381,5,376
35420193,522,27,495
35420194,454,8,446
35420195,528,6,522
35420196,725,23,702
35420197,357,1,356
35420198,459,3,456
35420199,452,7,445
35420200,540,3,537
35420201,451,3,448
35420202,486,1,485
35420203,533,2,531
35420204,474,0,474
35420205,560,6,554
35420206,476,3,473
35420207,480,2,478
35420208,512,0,512
35420209,535,3,532
35420210,450,11,439
35420211,611,3,608
35420212,410,2,408
35420213,562,7,555
35420214,397,1,396
35420215,658,15,643
35420216,513,2,511
35420217,525,14,511
35420218,490,22,468
35420219,633,22,611
35420220,492,0,492
35420221,603,109,494
35420222,599,14,585
35420223,592,6,586
35420224,680,84,596
35420225,479,1,478
35420226,498,1,497
35420227,647,2,645
35420228,606,7,599
35420229,713,2,711
35420230,839,2,837
35420231,527,1,526
35420232,441,1,440
35420233,729,2,727
35420234,637,2,635
35420235,560,24,536
35420236,456,5,451
35420237,527,16,511
35420238,576,4,572
35420239,400,18,382
35420240,518,2,516
35420241,634,14,620
35420242,465,10,455
35420243,496,4,492
35420244,747,12,735
35420245,493,9,484
35420246,558,2,556
35420247,606,13,593
35420248,698,3,695
35420249,390,13,377
35420250,487,3,484
35420251,570,13,557
35420252,512,7,505
35420253,380,3,377
35420254,385,7,378
35420255,567,14,553
35420256,461,5,456
35420257,465,52,413
35420258,792,99,693
35420259,475,2,473
35420260,492,74,418
35420261,512,24,488
35420262,538,59,479
35420263,455,0,455
35420264,396,26,370
35420265,508,27,481
35420266,520,2,518
35420267,616,20,596
35420268,513,2,511
35420269,627,69,558
35420270,551,2,549
35420271,558,13,545
35420272,569,3,566
35420273,580,12,568
35420274,746,17,729
35420275,433,2,431
35420276,703,11,692
35420277,464,1,463
35420278,486,5,481
35420279,512,2,510
35420280,518,4,514
35420281,548,8,540
35420282,768,58,710
35420283,519,2,517
35420284,481,12,469
35420285,593,2,591
35420286,565,2,563
35420287,392,11,381
35420288,441,2,439
35420289,560,2,558
35420290,569,8,561
35420291,568,2,566
35420292,696,3,693
35420293,556,14,542
35420294,561,0,561
35420295,619,13,606
35420296,511,3,508
35420297,604,5,599
35420298,514,56,458
35420299,442,27,415
35420300,527,4,523
35420301,470,1,469
35420302,471,1,470
35420303,429,1,428
35420304,537,13,524
35420305,452,1,451
35420306,458,6,452
35420307,463,1,462
35420308,534,10,524
35420309,948,18,930
35420310,462,1,461
35420311,506,1,505
35420312,522,2,520
35420313,617,20,597
35420314,679,8,671
35420315,610,17,593
35420316,476,2,474
35420317,610,0,610
35420318,454,6,448
35420319,505,13,492
35420320,475,13,462
35420321,499,0,499
35420322,495,4,491
35420323,473,60,413
35420324,587,8,579
35420325,467,7,460
35420326,559,2,557
35420327,794,28,766
35420328,452,10,442
35420329,355,3,352
35420330,538,17,521
35420331,584,30,554
35420332,609,26,583
35420333,511,9,502
35420334,580,2,578
35420335,641,4,637
35420336,365,53,312
35430547,0,0,0
35430548,581,101,480
35430549,0,0,0
35430550,569,532,37
35430551,44,43,1
35430552,625,95,530
35430553,546,71,475
35430554,688,157,531
35430555,690,114,576
35430557,918,203,715
35430558,440,89,351
35430559,453,194,259
35430560,808,52,756
35430561,400,80,320
35430562,424,64,360
35430563,520,100,420
35430564,501,62,439
35430565,595,95,500
35430566,398,62,336
35430567,448,82,366
35430568,519,114,405
35430569,591,121,470
35430570,698,101,597
35430571,511,95,416
35430572,482,79,403
35430573,692,38,654
35430574,767,121,646
35430575,718,62,656
35430576,523,57,466
35430579,510,5,505
35430580,375,6,369
35430581,410,29,381
35430582,364,50,314
35430583,488,30,458
35430584,431,95,336
35430585,502,99,403
35430586,591,77,514
35430587,336,4,332
35430588,466,24,442
35430589,487,59,428
35430590,462,3,459
35430591,444,106,338
35430592,394,34,360
35430593,962,148,814
35430594,363,9,354
35430595,202,6,196
35430596,517,40,477
35430597,430,135,295
35430598,367,40,327
35430599,409,33,376
35430600,479,58,421
35430601,561,51,510
35430602,395,20,375
35430603,522,22,500
35430604,408,35,373
35430605,390,41,349
35430606,417,36,381
35430607,768,58,710
35430608,439,80,359
35430609,646,3,643
35430610,620,103,517
35430611,618,86,532
35430612,1479,154,1325
35430613,596,66,530
35430614,413,3,410
35430615,477,112,365
35430616,485,79,406
35430617,454,117,337
35430618,850,58,792
35430619,518,8,510
35430620,748,2,746
35430621,659,31,628
35430622,462,27,435
35430623,483,29,454
35430624,512,7,505
35430625,536,42,494
35430626,502,9,493
35430627,430,10,420
35430628,501,24,477
35430629,885,82,803
35430630,596,49,547
35430631,450,5,445
35430632,600,6,594
35430633,541,14,527
35430634,816,5,811
35430635,1241,23,1218
35430636,465,7,458
35430637,1189,25,1164
35430638,492,1,491
35430639,559,17,542
35430640,553,10,543
35430641,479,7,472
35430642,531,3,528
35430643,507,7,500
35430644,486,7,479
35430645,790,3,787
35430646,805,18,787
35430647,938,4,934
35430648,606,3,603
35430649,412,5,407
35430650,709,44,665
35430651,462,12,450
35430652,537,46,491
35430653,534,1,533
35430654,540,12,528
35430655,666,3,663
35430656,476,37,439
35430657,1308,7,1301
35430658,362,1,361
35430659,580,9,571
35430660,604,8,596
35430661,827,9,818
35430662,590,3,587
35430663,381,3,378
35430664,673,6,667
35430665,357,1,356
35430666,483,7,476
35430667,443,4,439
35430668,553,3,550
35430669,1315,21,1294
35430670,1306,12,1294
35430671,384,7,377
35430672,701,15,686
35430673,394,9,385
35430674,419,8,411
35430675,468,3,465
35430676,363,5,358
35430677,470,8,462
35430678,550,20,530
35430679,362,5,357
35430680,439,94,345
35430681,451,7,444
35430682,676,21,655
35430683,603,35,568
35430684,418,13,405
35430685,641,26,615
35430686,941,5,936
35430687,780,5,775
35430688,616,5,611
35430689,496,9,487
35430690,1167,3,1164
35430691,518,16,502
35430693,633,3,630
35430694,613,4,609
35430696,524,2,522
35430698,605,0,605
35430699,708,10,698
35430700,593,35,558
35430701,600,1,599
35430702,560,23,537
35430703,471,2,469
35430704,462,28,434
35430705,567,2,565
35430706,718,17,701
35430707,778,13,765
35430708,522,36,486
35430709,374,3,371
35430710,435,18,417
35430711,529,0,529
35430712,561,76,485
35430713,557,0,557
35430714,665,0,665
35430715,584,22,562
35430716,592,41,551
35430717,809,54,755
35430718,3984,167,3817
35430719,709,11,698
35430720,681,19,662
35430721,489,5,484
35430722,1583,108,1475
35430723,575,28,547
35430724,583,6,577
35430725,455,48,407
35430726,856,59,797
35430727,589,10,579
35430728,548,4,544
35430729,748,5,743
35430730,234,32,202
35430731,271,9,262
35430732,219,0,219
35430733,326,4,322
35430734,209,4,205
35430735,246,3,243
35430736,0,0,0
35430737,0,0,0
35430738,4,3,1
35430739,0,0,0
35430740,646,21,625
35430741,499,6,493
35430742,507,5,502
35430743,814,9,805
35430744,953,11,942
35430745,812,12,800
35430746,518,10,508
35430747,903,57,846
35430748,500,6,494
35430749,429,5,424
35430750,500,2,498
35430751,3261,6,3255
35430752,5129,60,5069
35430753,1039,46,993
35430754,418,7,411
35430755,427,1,426
35430756,457,1,456
35430757,488,31,457
35430758,380,0,380
35430759,834,10,824
35430760,351,17,334
35430761,651,20,631
35430762,413,1,412
35430763,365,1,364
35430764,1026,1,1025
35430765,1042,7,1035
35430766,562,6,556
35430767,410,6,404
35430768,651,7,644
35430769,640,6,634
35430770,631,20,611
35430771,297,21,276
35430772,315,10,305
35430773,533,15,518
35430774,422,13,409
35430775,460,14,446
35430776,428,38,390
35430777,1630,13,1617
35430778,653,3,650
35430779,745,1,744
35430780,7825,270,7555
35430781,665,3,662
35430782,760,3,757
35430783,453,1,452
35430784,576,14,562
35430785,579,4,575
35430786,561,9,552
35430787,959,9,950
35430788,431,5,426
35430789,514,9,505
35430790,471,4,467
35430791,413,2,411
35430792,411,4,407
35430793,403,0,403
35430794,409,3,406
35430795,377,80,297
35430796,562,3,559
35430797,1627,13,1614
35430798,503,0,503
35430799,313,4,309
35430800,509,0,509
35430801,588,15,573
35430802,431,10,421
35430803,556,7,549
35430804,545,3,542
35430805,505,11,494
35430806,460,3,457
35430807,624,3,621
35430808,498,3,495
35430809,636,6,630
35430810,510,7,503
35430811,530,31,499
35430812,518,7,511
35430813,605,16,589
35430814,485,23,462
35430815,409,10,399
35430816,588,7,581
35430817,432,3,429
35430818,410,5,405
35430819,459,5,454
35430821,1719,20,1699
35430822,485,10,475
35430824,360,6,354
35430825,2591,10,2581
35430826,468,5,463
35430827,400,4,396
35430828,406,18,388
35430829,470,6,464
35430830,490,40,450
35430831,479,4,475
35430832,359,20,339
35430833,580,23,557
35430834,3968,164,3804
35430835,543,4,539
35430836,483,6,477
35430837,634,13,621
35430838,547,4,543
35430839,908,22,886
35430840,411,5,406
35430841,701,3,698
35430842,1916,24,1892
35430843,453,18,435
35430844,419,12,407
35430845,796,8,788
35430846,550,6,544
35430847,689,4,685
35430848,539,3,536
35430849,763,61,702
35430850,656,3,653
35430851,596,6,590
35430852,554,92,462
35430853,599,18,581
35430854,546,2,544
35430855,465,11,454
35430856,599,2,597
35430857,458,5,453
35430858,561,29,532
35430859,415,4,411
35430860,328,4,324
35430861,427,16,411
35430862,415,8,407
35430863,533,4,529
35430864,497,5,492
35430865,701,4,697
35430866,900,18,882
35430867,1197,23,1174
35430868,668,3,665
35430869,801,4,797
35430870,1403,8,1395
35430871,449,2,447
35430872,495,2,493
35430873,1526,13,1513
35430874,434,14,420
35430875,405,21,384
35430876,520,94,426
35430877,543,5,538
35430878,516,5,511
35430879,525,10,515
35430880,468,11,457
35430881,543,13,530
35430882,481,11,470
35430883,458,3,455
35430884,527,5,522
35430885,492,8,484
35430886,393,5,388
35430887,520,15,505
35430888,581,4,577
35430889,387,19,368
35430890,431,5,426
35430891,498,0,498
35430892,357,9,348
35430893,450,9,441
35430894,459,17,442
35430895,412,7,405
35430896,510,6,504
35430897,1096,19,1077
35430898,606,5,601
35430899,1751,6,1745
35430900,3018,8,3010
35430901,530,5,525
35430902,1217,30,1187
35430903,620,2,618
35430904,533,2,531
35430905,694,12,682
35430906,548,12,536
35430907,460,4,456
35430908,491,12,479
35430909,395,1,394
35430910,321,1,320
35430911,500,2,498
35430912,443,2,441
35430913,712,70,642
35430914,902,32,870
35430915,616,158,458
35430917,774,66,708
35430919,927,5,922
35430920,483,1,482
35430921,552,3,549
35430922,630,44,586
35430923,725,2,723
35430924,1002,9,993
35430925,538,12,526
35430926,482,0,482
35430927,596,24,572
35430928,429,1,428
35430929,458,15,443
35430930,813,4,809
35430931,1003,4,999
35430932,819,9,810
35430933,629,10,619
35430934,798,3,795
35430935,560,2,558
35430936,524,3,521
35430937,598,4,594
35430938,1648,4,1644
35430939,1440,52,1388
35430940,523,19,504
35430941,371,3,368
35430942,674,10,664
35430943,678,12,666
35430944,309,2,307
35430945,684,55,629
35430946,1371,49,1322
35430947,588,3,585
35430948,1285,9,1276
35430949,652,0,652
35430950,1246,14,1232
35430951,427,1,426
35430952,486,44,442
35430953,1804,15,1789
35430954,537,20,517
35430955,822,8,814
35430956,1058,16,1042
35430957,405,11,394
35430958,1078,19,1059
35430959,725,2,723
35430960,1095,5,1090
35430961,513,7,506
35430962,617,4,613
35430963,526,4,522
35430964,700,0,700
35430965,761,10,751
35430966,779,2,777
35430967,699,5,694
35430968,495,70,425
35430969,858,8,850
35430970,756,3,753
35430971,545,5,540
35430972,967,15,952
35430973,529,15,514
35430974,524,10,514
35430975,387,26,361
35430976,608,2,606
35430977,443,8,435
35430978,526,18,508
35430979,533,11,522
35430980,491,13,478
35430981,652,16,636
35430982,408,6,402
35430983,541,1,540
35430984,522,9,513
35430985,399,5,394
35430986,505,4,501
35430988,2018,66,1952
35430989,1073,40,1033
35430992,776,2,774
35430993,467,4,463
35430994,547,2,545
35430995,637,8,629
35430996,419,7,412
35430997,380,0,380
35430998,900,18,882
35430999,402,1,401
35431000,397,1,396
35431001,380,2,378
35431002,422,22,400
35431003,858,57,801
35431004,525,24,501
35431005,385,1,384
35431006,432,2,430
35431007,533,41,492
35431008,433,20,413
35431009,520,2,518
35431010,503,15,488
35431011,388,8,380
35431012,417,27,390
35431013,438,8,430
35431014,486,15,471
35431015,338,16,322
35431016,366,22,344
35431017,458,21,437
35431018,462,18,444
35431019,1174,42,1132
35431020,455,25,430
35431021,521,24,497
35431022,475,16,459
35431023,608,1,607
35431024,535,2,533
35431025,757,16,741
35431026,447,1,446
35431027,487,15,472
35431028,368,7,361
35431029,374,0,374
35431030,574,53,521
35431031,583,68,515
35431032,460,6,454
35431033,405,48,357
35431034,375,5,370
35431035,463,19,444
35431036,471,9,462
35431037,416,8,408
35431038,501,37,464
35431039,556,68,488
35431040,611,16,595
35431041,378,0,378
35431042,370,2,368
35431043,416,6,410
35431044,716,28,688
35431045,495,5,490
35431046,473,6,467
35431047,414,8,406
35431048,443,4,439
35431049,377,14,363
35431050,424,23,401
35431051,396,10,386
35431052,449,27,422
35431053,434,54,380
35431054,652,83,569
35431055,434,46,388
35431056,584,0,584
35431057,353,0,353
35431058,451,6,445
35431059,702,20,682
35431060,494,12,482
35431061,466,15,451
35431062,474,19,455
35431063,550,15,535
35431064,518,16,502
35431065,426,7,419
35431066,436,53,383
35431067,484,28,456
35431068,274,8,266
35431069,544,16,528
35431070,441,66,375
35431071,488,45,443
35431072,613,14,599
35431073,663,25,638
35431074,238,11,227
35431075,1288,56,1232
35431076,394,27,367
35431077,609,11,598
35431078,442,7,435
35431079,626,7,619
35431080,682,47,635
35431081,622,68,554
35431082,444,6,438
35431083,373,2,371
35431084,408,2,406
35431085,450,25,425
35431086,500,10,490
35431087,457,0,457
35431089,1020,19,1001
35431090,1899,3,1896
35431091,1018,4,1014
35431092,487,1,486
35431099,543,0,543
35431101,503,8,495
35431102,446,17,429
35431103,367,16,351
35431104,696,5,691
35431105,403,18,385
35431108,684,16,668
35431109,507,1,506
35431110,536,27,509
35431111,410,4,406
35431112,514,3,511
35431113,497,11,486
35431114,513,1,512
35431115,514,13,501
35431116,606,17,589
35431117,354,7,347
35431118,469,9,460
35431119,2043,2,2041
35431120,688,21,667
35431121,533,1,532
35431122,486,39,447
35431123,445,0,445
35431124,402,11,391
35431125,356,1,355
35431126,523,1,522
35431127,1461,119,1342
35431128,164,0,164
35431129,443,20,423
35431131,675,2,673
35431132,1109,11,1098
35431133,407,4,403
35431135,2818,45,2773
35431136,498,0,498
35431137,568,0,568
35431139,383,7,376
35431140,360,1,359
35431141,381,5,376
35431142,506,2,504
35431143,684,3,681
35431144,515,1,514
35431145,521,3,518
35431146,334,1,333
35431147,898,29,869
35431148,508,1,507
35431150,526,9,517
35431151,624,2,622
35431152,580,9,571
35431153,881,4,877
35431154,528,16,512
35431155,482,14,468
35431156,514,6,508
35431157,781,11,770
35431158,516,16,500
35431159,786,12,774
35431160,648,5,643
35431161,466,133,333
35431162,431,17,414
35431163,695,74,621
35431164,441,23,418
35431165,33,30,3
35431166,1162,13,1149
35431167,421,16,405
35431168,406,39,367
35431169,611,15,596
35431170,1039,23,1016
35431171,368,21,347
35431172,388,34,354
35431173,397,3,394
35431174,409,3,406
35431175,384,3,381
35431176,421,10,411
35431177,409,42,367
35431178,439,32,407
35431179,435,41,394
35431180,497,13,484
35431181,455,14,441
35431182,451,2,449
35431183,474,11,463
35431184,395,163,232
35431185,402,4,398
35431186,575,101,474
35431187,990,109,881
35431188,435,10,425
35431189,624,5,619
35431190,484,9,475
35431191,405,51,354
35431192,442,32,410
35431193,446,16,430
35431194,505,3,502
35431195,474,29,445
35431196,493,65,428
35431197,422,3,419
35431198,468,4,464
35431199,376,36,340
35431200,763,58,705
35431201,716,6,710
35431202,672,7,665
35431203,377,11,366
35431204,412,0,412
35431205,536,4,532
35431206,485,10,475
35431207,583,2,581
35431208,529,12,517
35431209,442,1,441
35431210,489,29,460
35431211,560,14,546
35431212,570,25,545
35431213,637,9,628
35431214,140,20,120
35431215,592,27,565
35431216,457,37,420
35431217,548,5,543
35431218,405,12,393
35431219,320,4,316
35431220,403,27,376
35431221,322,6,316
35431222,451,8,443
35431223,506,15,491
35431224,566,24,542
35431225,749,22,727
35431226,616,65,551
35431227,713,66,647
35431228,732,27,705
35431229,826,70,756
35431230,532,18,514
35431231,528,17,511
35431232,0,0,0
35431233,6,6,0
35431234,439,3,436
35431235,3,3,0
35431236,4,4,0
35431237,45,42,3
35431238,826,721,105
35431239,604,8,596
35431240,582,21,561
35431241,1010,72,938
35431242,719,40,679
35431243,478,19,459
35431244,464,12,452
35431245,379,21,358
35431246,779,2,777
35431247,522,24,498
35431248,673,63,610
35431249,393,24,369
35431250,637,27,610
35431251,430,12,418
35431252,482,133,349
35431253,3,3,0
35431254,873,18,855
35431255,0,0,0
35431256,8,8,0
35431257,15,13,2
35431258,734,16,718
35431259,530,18,512
35431260,630,14,616
35431261,659,35,624
35431262,735,46,689
35431263,714,11,703
35431264,775,122,653
35431265,592,10,582
35431266,534,8,526
35431267,468,10,458
35431268,1562,68,1494
35431269,590,21,569
35431270,347,15,332
35431271,594,6,588
35431272,477,4,473
35431273,597,16,581
35431274,473,4,469
35431275,615,11,604
35431276,751,24,727
35431277,538,43,495
35431278,509,15,494
35431279,549,43,506
35431280,456,3,453
35431281,469,5,464
35431282,555,14,541
35431283,458,14,444
35431284,342,1,341
35431285,433,5,428
35431286,393,2,391
35431287,335,0,335
35431288,302,20,282
35431289,425,2,423
35431290,527,45,482
35431291,419,1,418
35431292,1242,29,1213
35431293,443,1,442
35431294,634,15,619
35431295,630,1,629
35431296,974,11,963
35431297,536,13,523
35431298,627,15,612
35431299,538,12,526
35431300,456,1,455
35431301,747,6,741
35431302,5525,15,5510
35431303,715,7,708
35431304,2402,24,2378
35431305,593,11,582
35431306,618,2,616
35431307,529,4,525
35431308,636,10,626
35431309,536,1,535
35431310,658,1,657
35431311,474,28,446
35431312,639,53,586
35431313,362,7,355
35431314,245,7,238
35431315,417,19,398
35431316,418,41,377
35431317,421,2,419
35431318,463,25,438
35431319,450,47,403
35431320,259,7,252
35431321,902,13,889
35431322,644,2,642
35431323,426,24,402
35431324,565,2,563
35431325,284,0,284
35431327,1882,4,1878
35431328,409,9,400
35431329,875,99,776
35431330,400,27,373
35431331,171,15,156
35431332,461,29,432
35431333,467,41,426
35431334,168,58,110
35431335,430,20,410
35431336,633,51,582
35431337,258,5,253
35431338,354,0,354
35431339,627,10,617
35431340,314,4,310
35431342,622,1,621
35431346,839,56,783
35431347,727,41,686
35431348,604,24,580
35431349,546,10,536
35431350,589,20,569
35431352,888,3,885
35431353,1298,5,1293
35431354,445,8,437
35431355,6490,31,6459
35431357,829,68,761
35431358,494,19,475
35431359,660,115,545
35431360,911,117,794
35431361,669,54,615
35431364,921,22,899
35431365,525,17,508
35431366,1015,48,967
35431367,461,12,449
35431368,1045,35,1010
35431369,1846,0,1846
35431370,1054,43,1011
35431371,682,5,677
35431372,413,2,411
35431373,195,2,193
35431375,715,3,712
35431377,302,2,300
35431379,375,1,374
35431380,110,3,107
35431381,590,5,585
35431382,275,3,272
35431383,1343,31,1312
35431384,237,5,232
35440163,693,16,677
35440164,454,10,444
35440165,511,2,509
35440166,1230,9,1221
35440167,766,38,728
35440168,550,9,541
35440169,524,8,516
35440170,416,11,405
35440171,584,16,568
35440172,578,14,564
35440173,491,8,483
35440174,543,12,531
35440175,713,10,703
35440176,721,20,701
35440177,717,27,690
35440178,778,8,770
35440179,730,19,711
35440180,514,33,481
35440181,876,16,860
35440182,695,18,677
35440183,399,8,391
35440184,788,12,776
35440185,623,9,614
35440186,249,11,238
35440187,557,11,546
35440188,456,6,450
35440189,534,3,531
35440190,368,14,354
35440191,749,18,731
35440192,290,10,280
35440193,633,4,629
35440194,450,12,438
35440195,741,0,741
35440196,895,17,878
35440197,673,3,670
35440198,493,5,488
35440199,473,67,406
35440200,531,4,527
35440201,407,2,405
35440202,149,4,145
35440203,566,3,563
35440205,574,44,530
35440207,651,16,635
35440208,598,9,589
35440209,668,7,661
35440210,1150,6,1144
35440211,953,29,924
35440212,747,28,719
35440213,862,14,848
35440214,556,0,556
35440215,567,2,565
35440216,586,20,566
35440217,523,14,509
35440218,574,7,567
35440219,452,0,452
35440220,614,1,613
35440221,464,0,464
35440222,501,3,498
35440223,527,0,527
35440224,746,24,722
35440225,748,16,732
35440226,449,21,428
35440227,653,14,639
35440228,526,32,494
35440229,522,16,506
35440230,435,8,427
35440231,459,9,450
35440232,540,30,510
35440233,244,3,241
35440234,666,14,652
35440235,553,7,546
35440236,516,7,509
35440237,547,15,532
35440238,16,13,3
35440239,242,5,237
35440240,524,63,461
35440241,754,63,691
35440242,591,13,578
35440243,429,2,427
35440244,407,5,402
35440245,534,3,531
35440247,449,6,443
35440248,434,8,426
35440249,598,4,594
35440250,541,55,486
35440251,484,6,478
35440252,498,14,484
35440253,954,20,934
35440254,704,31,673
35440255,225,205,20
35440256,323,3,320
35440257,97,86,11
35440258,2,2,0
35440259,117,100,17
35440260,609,1,608
35440261,699,0,699
35440262,881,40,841
35440263,720,240,480
35440264,574,1,573
35440265,623,33,590
35440266,810,29,781
35440267,638,17,621
35440268,853,10,843
35440269,782,64,718
35440270,484,2,482
35440272,449,3,446
35440274,648,15,633
35460071,1196,4,1192
35460072,776,7,769
35460073,665,6,659
35460074,1018,23,995
35460075,628,54,574
35460076,552,11,541
35460077,589,10,579
35460078,264,4,260
35460079,614,42,572
35460080,755,39,716
35460081,877,12,865
35460082,714,21,693
35460083,1068,33,1035
35460084,680,8,672
35460085,697,1,696
35460086,580,8,572
35460087,749,1,748
35460088,681,15,666
35460089,495,11,484
35460090,474,22,452
35460091,808,3,805
35460092,615,3,612
35460093,675,3,672
35460094,570,2,568
35460095,603,95,508
35460272,890,2,888
35470162,983,108,875
35470163,242,55,187
35470164,595,28,567
35470165,717,14,703
35470166,481,6,475
35470167,575,6,569
35470168,562,52,510
35470169,557,140,417
35470170,617,20,597
35470171,674,168,506
35470172,770,110,660
35470173,664,35,629
35470174,1126,128,998
35470175,525,40,485
35470176,1083,21,1062
35470177,501,33,468
35470178,679,29,650
35470179,571,30,541
35470180,608,66,542
35470181,696,27,669
35470182,908,60,848
35470183,386,3,383
35470184,2976,143,2833
35470185,654,34,620
35470186,915,25,890
35470187,736,66,670
35470188,1735,198,1537
35470189,522,17,505
35470190,685,128,557
35470191,650,105,545
35470192,522,59,463
35470193,608,53,555
35470194,754,71,683
35470195,397,36,361
35470196,804,98,706
35470197,692,47,645
35470198,554,104,450
35470199,566,55,511
35470200,503,110,393
35470201,890,195,695
35470202,753,105,648
35470203,675,88,587
35470204,920,87,833
35470205,469,36,433
35470206,535,113,422
35470207,603,78,525
35470208,461,2,459
35470209,441,25,416
35470210,606,132,474
35470211,104,2,102
35470212,560,30,530
35470213,536,108,428
35470214,670,19,651
35470215,521,68,453
35470216,374,4,370
35470217,459,37,422
35470218,474,2,472
35470219,496,9,487
35470220,494,7,487
35470221,399,5,394
35470222,526,21,505
35470223,657,95,562
35470224,756,39,717
35470225,527,67,460
35470226,722,46,676
35470227,590,39,551
35470228,426,8,418
35470229,749,56,693
35470230,724,4,720
35470231,569,40,529
35470232,535,73,462
35470233,650,63,587
35470234,447,410,37
35470235,671,13,658
35470236,565,39,526
35470237,560,51,509
35470238,677,61,616
35470239,775,82,693
35470240,613,50,563
35470241,601,17,584
35470242,586,1,585
35470243,469,6,463
35470244,530,15,515
35470245,658,12,646
35470246,743,46,697
35470247,685,36,649
35470248,585,155,430
35470249,512,1,511
35470250,613,41,572
35470251,445,45,400
35470252,976,45,931
35470253,657,4,653
35470254,494,5,489
35470255,493,50,443
35470256,700,42,658
35470257,516,29,487
35470258,561,17,544
35470259,671,33,638
35470260,472,23,449
35470261,569,15,554
35470262,382,8,374
35470263,548,14,534
35470264,632,58,574
35470265,766,98,668
35470266,944,147,797
35470267,653,106,547
35470268,563,50,513
35470269,610,17,593
35470270,883,34,849
35470271,601,37,564
35470272,982,13,969
35470273,547,26,521
35470274,999,94,905
35470275,492,6,486
35470276,812,34,778
35470277,504,2,502
35470278,854,71,783
35470279,580,2,578
35470280,604,30,574
35470281,566,3,563
35470282,574,5,569
35470283,476,2,474
35470284,1553,195,1358
35470285,1006,35,971
35470286,639,7,632
35470287,1106,62,1044
35470288,426,38,388
35470289,852,45,807
35470290,497,3,494
35470291,638,3,635
35470292,667,3,664
35470293,684,2,682
35470294,480,7,473
35470295,554,8,546
35470296,742,25,717
35470297,710,3,707
35470298,569,32,537
35470299,481,35,446
35470300,388,2,386
35470301,480,10,470
35470302,456,30,426
35470303,538,6,532
35470304,522,13,509
35470305,543,39,504
35470306,619,10,609
35470307,518,7,511
35470308,536,75,461
35470309,301,5,296
35470310,756,42,714
35470311,549,34,515
35470312,646,30,616
35470313,458,9,449
35470314,643,1,642
35470315,659,50,609
35470316,659,22,637
35470317,580,48,532
35470318,600,124,476
35470319,956,96,860
35470320,283,20,263
35470321,398,15,383
35480017,445,20,425
35480019,415,39,376
35480020,465,26,439
35480021,898,61,837
35480022,451,24,427
35480023,455,77,378
35480024,524,39,485
35480025,505,28,477
35480026,513,61,452
35480027,512,2,510
35480028,667,12,655
35480029,839,36,803
35480030,538,25,513
35480032,539,78,461
35480033,315,22,293
35480034,553,53,500
35480035,532,52,480
35480036,411,64,347
35480037,501,47,454
35480038,406,22,384
35480039,471,83,388
35480040,481,7,474
35480041,395,44,351
35480042,573,25,548
35480043,435,13,422
35480045,429,46,383
35480046,380,52,328
35480047,414,7,407
35480048,522,44,478
35480049,500,14,486
35480050,423,2,421
35480051,440,2,438
35480052,359,110,249
35480053,411,23,388
35480054,372,8,364
35480055,397,14,383
35480056,562,101,461
35480057,490,2,488
35480058,481,47,434
35480059,439,76,363
35480060,405,7,398
35480061,452,44,408
35480062,399,64,335
35480063,511,117,394
35480064,504,7,497
35480065,485,34,451
35480066,457,23,434
35480067,448,68,380
35480068,420,11,409
35480069,552,44,508
35480070,373,5,368
35480071,386,38,348
35480072,436,10,426
35480073,514,81,433
35480074,485,2,483
35480075,514,5,509
35480076,596,46,550
35480077,357,24,333
35480078,325,33,292
35480079,481,132,349
35480080,621,65,556
35480081,657,37,620
35480082,641,51,590
35480084,407,17,390
35480085,630,42,588
35480086,359,48,311
35480088,505,113,392
35480089,659,15,644
35480090,485,5,480
35480091,509,84,425
35480092,367,14,353
35480095,807,73,734
35480096,741,111,630
35480097,440,17,423
35480098,329,9,320
35480099,415,6,409
35480100,491,8,483
35480101,523,40,483
35480132,450,37,413
35480133,428,16,412
35480136,1317,156,1161
35480137,436,69,367
35480138,311,27,284
35480139,332,6,326
35480140,369,52,317
35480142,397,8,389
35480143,758,76,682
35480144,754,38,716
35480145,1275,68,1207
35480146,278,20,258
35480175,1662,233,1429
35480176,938,5,933
35480178,798,77,721
35480179,160,148,12
35480180,771,73,698
35480181,796,119,677
35480182,1058,136,922
35480183,776,70,706
35480184,728,143,585
35480185,674,143,531
35480186,1062,209,853
35480187,724,119,605
35480188,538,84,454
35480189,663,84,579
35480190,583,54,529
35480191,511,17,494
35480192,525,39,486
35480193,644,70,574
35480194,911,114,797
35480195,539,103,436
35480196,493,38,455
35480197,547,126,421
35480198,650,106,544
35480199,664,34,630
35480200,1715,1059,656
35480201,3,3,0
35480202,115,59,56
35480203,547,62,485
35480204,453,10,443
35480205,503,58,445
35480206,773,59,714
35480207,671,34,637
35480208,631,7,624
35480209,742,55,687
35480210,316,27,289
35480211,854,125,729
35480212,715,20,695
35480213,1266,31,1235
35480214,564,43,521
35480215,388,142,246
35480216,677,2,675
35480217,463,127,336
35480218,533,157,376
35480219,698,26,672
35480220,168,56,112
35480221,302,20,282
35480222,450,49,401
35480223,609,122,487
35480224,524,118,406
35480225,379,88,291
35480226,369,78,291
35480227,702,164,538
35480228,91,28,63
35480229,708,111,597
35480230,656,149,507
35480231,542,17,525
35480232,325,68,257
35480233,411,76,335
35480234,371,15,356
35480235,753,104,649
35480236,954,123,831
35480237,808,35,773
35480238,1201,94,1107
35490146,426,30,396
35490147,1253,62,1191
35490148,755,28,727
35490149,562,20,542
35490150,430,10,420
35490151,405,71,334
35490152,583,3,580
35490153,633,1,632
35490154,446,7,439
35490155,588,36,552
35490156,600,13,587
35490157,469,12,457
35490158,579,3,576
35490159,594,2,592
35490160,395,9,386
35490161,188,9,179
35490162,369,19,350
35490163,606,30,576
35490164,490,30,460
35490165,411,6,405
35490166,496,1,495
35490167,448,10,438
35490168,545,9,536
35490169,507,21,486
35490170,475,2,473
35490171,452,6,446
35490172,516,6,510
35490173,402,12,390
35490174,502,10,492
35490175,491,1,490
35490176,584,1,583
35490177,690,2,688
35490178,682,0,682
35490179,862,4,858
35490180,304,14,290
35490181,430,6,424
35490182,388,0,388
35490183,642,9,633
35490184,529,4,525
35490185,351,10,341
35490186,477,11,466
35490187,493,34,459
35490188,428,17,411
35490189,439,19,420
35490190,455,5,450
35490191,626,24,602
35490192,534,81,453
35490193,486,19,467
35490194,400,10,390
35490195,631,55,576
35490196,709,21,688
35490197,538,20,518
35490198,544,32,512
35490199,439,87,352
35490200,386,18,368
35490201,468,15,453
35490202,457,41,416
35490203,495,21,474
35490204,407,21,386
35490205,651,48,603
35490206,538,23,515
35490207,302,261,41
35490208,4,0,4
35490209,644,2,642
35490210,491,24,467
35490211,0,0,0
35490212,5,5,0
35490213,195,184,11
35490214,0,0,0
35490215,356,66,290
35490216,105,105,0
35490217,451,11,440
35490218,117,109,8
35490219,0,0,0
35490220,4,4,0
35490221,374,348,26
35490222,734,11,723
35490223,528,50,478
35490224,512,3,509
35490225,554,7,547
35490226,579,44,535
35490227,630,78,552
35490228,802,18,784
35490229,626,24,602
35490230,630,12,618
35490231,467,9,458
35490232,670,13,657
35490233,588,31,557
35510070,567,39,528
35510071,469,418,51
35510072,557,180,377
35510073,609,48,561
35510074,393,41,352
35510075,553,90,463
35510076,386,386,0
35510077,137,136,1
35510078,458,30,428
35510079,564,199,365
35510080,370,370,0
35510081,430,423,7
35510082,747,733,14
35510083,556,554,2
35510084,460,459,1
35510085,458,54,404
35510086,452,20,432
35510087,591,66,525
35510088,509,15,494
35510089,523,1,522
35510090,0,0,0
35510091,361,7,354
35510093,307,12,295
35510094,525,31,494
35510095,642,28,614
35510096,905,853,52
35510097,0,0,0
35510099,178,3,175
35510100,145,144,1
35510101,0,0,0
35510102,54,54,0
35510103,2,1,1
35510104,0,0,0
35510106,499,18,481
35520082,0,0,0
35520083,445,52,393
35520084,187,182,5
35520085,292,46,246
35520086,451,74,377
35520087,452,102,350
35520088,84,76,8
35520089,0,0,0
35520090,67,66,1
35520091,314,28,286
35520092,326,19,307
35520093,273,33,240
35520094,300,28,272
35520095,353,96,257
35520096,346,7,339
35520097,21,20,1
35520098,548,2,546
35520099,507,145,362
35520100,641,76,565
35520101,571,142,429
35520102,479,53,426
35520103,489,37,452
35520104,543,26,517
35520105,401,18,383
35520106,418,20,398
35520107,414,46,368
35520108,445,41,404
35520109,479,73,406
35520110,447,39,408
35520111,424,3,421
35520112,417,79,338
35520113,499,89,410
35520114,340,52,288
35520115,291,44,247
35520116,0,0,0
35520117,322,57,265
35520118,617,50,567
35520119,509,3,506
35520120,834,150,684
35520121,387,372,15
35520122,370,14,356
35520123,474,73,401
35520124,438,182,256
35520125,373,74,299
35520126,497,27,470
35520127,455,28,427
35520128,440,19,421
35520129,320,17,303
35520130,474,60,414
35520131,630,148,482
35520132,468,40,428
35520133,512,32,480
35520134,531,24,507
35520135,344,196,148
35530032,396,20,376
35530034,539,99,440
35530036,834,113,721
35530037,465,43,422
35530038,363,1,362
35530039,312,21,291
35530040,449,86,363
35530041,437,16,421
35530042,364,57,307
35530043,442,23,419
35530044,478,39,439
35530045,435,62,373
35530046,688,7,681
35530047,388,4,384
35530049,452,88,364
35530050,390,11,379
35530051,323,2,321
35530052,1039,66,973
35530053,391,5,386
35530054,478,2,476
35530055,329,5,324
35530056,390,58,332
35530057,559,32,527
35530058,779,132,647
35530062,246,41,205
35530063,703,20,683
35530064,396,2,394
35530065,319,29,290
35530066,545,108,437
35530067,323,1,322
35530068,384,14,370
35530069,864,209,655
35530072,411,96,315
35530075,305,2,303
35530076,491,25,466
35530077,606,51,555
35530079,590,39,551
35530081,447,1,446
35530082,501,71,430
35530083,558,149,409
35530084,419,71,348
35530085,321,68,253
35530086,366,1,365
35530087,586,35,551
35530088,436,64,372
35530089,441,62,379
35530090,426,59,367
35530091,511,40,471
35530092,311,58,253
35530093,679,51,628
35530094,320,19,301
35530095,330,293,37
35530096,651,149,502
35530097,968,25,943
35530099,540,51,489
35530102,439,10,429
35530103,405,50,355
35530104,425,25,400
35530105,789,59,730
35530106,672,171,501
35530107,449,18,431
35530108,374,75,299
35530109,736,30,706
35530110,356,16,340
35530111,402,56,346
35530114,547,55,492
35530115,384,12,372
35530116,455,3,452
35530117,415,50,365
35530118,450,35,415
35530119,328,136,192
35530121,604,73,531
35530123,322,5,317
35530124,540,122,418
35530125,1464,197,1267
35530126,448,61,387
35530127,525,41,484
35530129,516,86,430
35530134,489,41,448
35530135,516,8,508
35530137,673,56,617
35530138,370,17,353
35530139,704,27,677
35530140,638,51,587
35530141,755,52,703
35530142,544,32,512
35530143,465,59,406
35530144,393,17,376
35530145,491,135,356
35530146,603,44,559
35530147,372,5,367
35530148,765,5,760
35530151,436,20,416
35530152,353,18,335
35530153,303,7,296
35530154,382,26,356
35530155,478,21,457
35530156,314,6,308
35530158,426,12,414
35530159,462,11,451
35530160,548,61,487
35530162,346,9,337
35530163,464,82,382
35530164,459,2,457
35530165,1062,8,1054
35530166,387,6,381
35530167,426,11,415
35530168,327,4,323
35530170,693,54,639
35530173,406,1,405
35530174,514,8,506
35530175,540,10,530
35530176,1153,17,1136
35530177,415,5,410
35530178,534,36,498
35530179,610,23,587
35530180,899,11,888
35530184,509,23,486
35530185,419,9,410
35530188,610,10,600
35530191,704,44,660
35530192,1297,70,1227
35530193,721,43,678
35530194,378,55,323
35530201,368,4,364
35530202,1092,38,1054
35530203,783,34,749
35530243,347,46,301
35530244,420,33,387
35530245,1731,175,1556
35530246,1461,78,1383
35530247,1100,177,923
35530249,1682,222,1460
35530250,2286,247,2039
35530251,1194,81,1113
35530252,944,84,860
35530253,983,78,905
35530254,1001,145,856
35530256,883,60,823
35530257,285,9,276
35530258,736,41,695
35530259,478,73,405
35530260,120,81,39
35530261,565,1,564
35530262,485,60,425
35530263,986,188,798
35530264,752,7,745
35530265,437,41,396
35530266,554,52,502
35530267,460,31,429
35530268,496,54,442
35530269,959,48,911
35530270,568,186,382
35530271,559,61,498
35530272,545,57,488
35530273,497,96,401
35530274,494,10,484
35530275,455,32,423
35530276,474,10,464
35530277,501,77,424
35530278,640,45,595
35530279,591,23,568
35530280,540,59,481
35530281,837,3,834
35530282,2125,106,2019
35530283,475,31,444
35530284,512,62,450
35530285,527,28,499
35530286,518,136,382
35530287,375,37,338
35530288,804,70,734
35530289,1076,73,1003
35530290,473,2,471
35530291,386,14,372
35530292,1072,116,956
35530293,763,75,688
35530294,904,107,797
35530295,503,8,495
35530296,729,27,702
35530297,792,70,722
35530298,814,34,780
35530299,526,62,464
35530300,767,6,761
35530301,680,92,588
35530302,457,16,441
35530303,426,86,340
35530304,611,157,454
35530305,1029,32,997
35530306,840,90,750
35530307,801,118,683
35530308,693,56,637
35530309,667,61,606
35530310,728,53,675
35530311,682,43,639
35530312,698,33,665
35530313,594,23,571
35530314,922,80,842
35530315,717,36,681
35530316,533,90,443
35530317,650,25,625
35530318,640,44,596
35530319,515,5,510
35530320,487,18,469
35530321,537,3,534
35530322,772,6,766
35530323,588,62,526
35530324,502,40,462
35530325,485,120,365
35530326,542,3,539
35530327,826,63,763
35530328,682,27,655
35530329,710,66,644
35530330,627,61,566
35530331,945,72,873
35530332,811,106,705
35530333,479,31,448
35530334,610,98,512
35530335,625,39,586
35530336,953,84,869
35530337,697,60,637
35530338,839,72,767
35530339,987,44,943
35530340,1371,91,1280
35530341,697,3,694
35530342,536,2,534
35530343,482,84,398
35530344,692,36,656
35530345,572,40,532
35530346,752,39,713
35530347,5,0,5
35530348,744,66,678
35530349,571,33,538
35530350,662,60,602
35530351,438,152,286
35530352,742,50,692
35530353,1192,103,1089
35530354,441,33,408
35530355,450,20,430
35530356,1366,85,1281
35530357,745,53,692
35530358,563,107,456
35530359,468,4,464
35530360,534,27,507
35530361,663,92,571
35530362,384,17,367
35530363,479,7,472
35530364,614,60,554
35530365,573,33,540
35530366,461,6,455
35530367,411,32,379
35530368,601,28,573
35530369,656,26,630
35530370,672,79,593
35530371,437,53,384
35530372,597,57,540
35530373,474,6,468
35530374,496,109,387
35530375,752,24,728
35530376,1404,43,1361
35530377,1325,38,1287
35530378,420,6,414
35530380,90,5,85
35530381,2302,196,2106
35540073,5,1,4
35540074,321,6,315
35540075,285,3,282
35540076,392,28,364
35540077,337,49,288
35540078,139,2,137
35540079,596,17,579
35540080,356,5,351
35540081,580,4,576
35540082,433,2,431
35540083,537,17,520
35540084,586,19,567
35540085,589,68,521
35540086,532,78,454
35540087,402,47,355
35540088,437,44,393
35540089,509,14,495
35540090,596,22,574
35540091,431,53,378
35540092,614,15,599
35540093,548,13,535
35540094,566,20,546
35540095,485,16,469
35540096,378,4,374
35540097,335,10,325
35540098,682,91,591
35540099,431,1,430
35540100,500,2,498
35540101,478,1,477
35540102,455,10,445
35540103,656,2,654
35540104,497,47,450
35540105,109,61,48
35540106,231,1,230
35540107,551,11,540
35540108,361,2,359
35540109,506,12,494
35540110,666,72,594
35540111,622,7,615
35540112,453,24,429
35540113,505,4,501
35540114,480,13,467
35540115,503,10,493
35540116,442,9,433
35540117,496,4,492
35540118,525,14,511
35540119,455,5,450
35540120,446,12,434
35540121,407,3,404
35540122,367,6,361
35540123,527,9,518
35540124,432,3,429
35540125,474,35,439
35540126,336,3,333
35540127,426,40,386
35540128,386,4,382
35540129,370,7,363
35540130,143,2,141
35540131,300,59,241
35540132,586,3,583
35540133,492,47,445
35540134,616,4,612
35540135,473,1,472
35540136,416,71,345
35540137,545,8,537
35540138,488,38,450
35540139,365,8,357
35540140,91,53,38
35540141,425,1,424
35540142,210,58,152
35540143,756,1,755
35540144,58,46,12
35560182,0,0,0
35560184,147,121,26
35560185,0,0,0
35560186,0,0,0
35560187,650,616,34
35560188,140,130,10
35560189,0,0,0
35560190,97,76,21
35560191,340,13,327
35560192,623,59,564
35560193,621,42,579
35560194,478,201,277
35560195,558,87,471
35560196,462,199,263
35560197,453,55,398
35560198,521,85,436
35560199,514,8,506
35560200,691,117,574
35560201,511,89,422
35560202,40,37,3
35560203,1035,47,988
35560204,605,186,419
35560205,224,35,189
35560206,521,53,468
35560207,555,28,527
35560208,551,8,543
35560209,465,57,408
35560210,425,50,375
35560211,946,95,851
35560212,462,3,459
35560213,465,83,382
35560214,440,30,410
35560215,439,10,429
35560216,730,86,644
35560217,474,12,462
35560218,796,60,736
35560219,733,18,715
35560220,1863,106,1757
35560221,474,33,441
35560222,574,5,569
35560223,456,19,437
35560224,421,9,412
35560225,452,53,399
35560226,493,110,383
35560227,497,30,467
35560228,334,5,329
35560229,583,42,541
35560230,436,22,414
35560231,359,2,357
35560232,401,66,335
35560233,448,39,409
35560234,468,46,422
35560235,471,19,452
35560236,470,21,449
35560237,450,17,433
35560238,532,2,530
35560239,666,28,638
35560240,580,35,545
35560241,392,9,383
35560242,495,54,441
35560243,553,72,481
35560244,709,3,706
35560245,490,2,488
35560246,494,56,438
35560247,634,104,530
35560248,565,94,471
35560249,544,82,462
35560250,603,223,380
35560251,760,103,657
35560252,742,36,706
35560253,400,6,394
35560254,415,1,414
35560255,595,19,576
35560256,401,24,377
35560257,435,14,421
35560258,427,31,396
35560259,480,53,427
35560260,769,113,656
35560261,889,43,846
35560262,644,46,598
35560263,482,32,450
35560264,478,27,451
35560265,536,22,514
35560266,603,6,597
35560267,458,50,408
35560268,605,72,533
35560269,661,125,536
35560270,559,90,469
35560271,658,105,553
35560272,538,121,417
35560273,541,2,539
35560274,493,45,448
35560275,525,23,502
35560276,403,4,399
35560277,528,84,444
35560278,2,0,2
35560279,317,53,264
35560280,9,3,6
35560281,770,38,732
35560282,513,95,418
35560283,534,92,442
35560284,435,24,411
35560285,1268,7,1261
35560286,381,16,365
35560287,533,8,525
35560288,512,33,479
35560289,443,94,349
35560290,474,2,472
35560291,545,6,539
35560292,682,34,648
35560293,553,25,528
35560294,402,49,353
35560295,378,41,337
35560296,414,77,337
35560297,440,18,422
35560298,431,16,415
35560299,334,8,326
35560300,484,2,482
35560301,471,32,439
35560302,402,8,394
35560303,489,28,461
35560304,358,26,332
35560305,689,27,662
35560306,480,64,416
35560307,867,108,759
35560308,517,29,488
35560309,473,6,467
35560310,519,10,509
35560311,388,8,380
35560312,353,29,324
35560313,228,31,197
35560314,606,36,570
35560315,577,549,28
35560316,563,16,547
35560317,550,11,539
35560318,461,6,455
35560319,518,26,492
35560320,461,34,427
35560321,465,31,434
35560322,407,30,377
35560323,551,32,519
35560324,386,17,369
35560325,338,21,317
35560326,303,40,263
35560327,644,22,622
35560328,352,12,340
35560329,171,6,165
35560330,360,4,356
35560331,343,20,323
35560332,424,6,418
35560333,564,545,19
35560334,826,764,62
35560335,666,600,66
35560336,98,89,9
35560337,874,671,203
35560338,556,381,175
35560339,238,77,161
35560340,431,4,427
35570037,416,11,405
35570038,523,65,458
35570039,453,13,440
35570041,465,37,428
35570042,386,32,354
35570044,476,1,475
35570045,411,109,302
35570047,566,61,505
35570050,384,1,383
35570051,455,37,418
35570052,422,58,364
35570053,527,66,461
35570056,490,83,407
35570057,676,91,585
35570058,467,35,432
35570061,501,3,498
35570062,545,72,473
35570063,403,8,395
35570064,356,27,329
35570065,337,5,332
35570066,308,31,277
35570067,327,5,322
35570068,366,6,360
35570070,597,27,570
35570073,531,24,507
35570074,375,13,362
35570075,456,15,441
35570076,361,3,358
35570077,679,77,602
35570078,739,48,691
35570079,353,9,344
35570080,250,81,169
35570081,485,57,428
35570082,374,28,346
35570083,504,52,452
35570084,352,96,256
35570085,395,19,376
35570086,403,2,401
35570087,377,17,360
35570088,517,98,419
35570089,382,67,315
35570090,356,34,322
35570091,405,13,392
35570092,795,34,761
35570093,417,32,385
35570094,526,44,482
35570095,458,40,418
35570096,385,8,377
35570097,428,16,412
35570099,372,79,293
35570100,348,8,340
35570101,687,49,638
35570103,598,81,517
35570104,8,8,0
35570105,410,44,366
35570106,1138,121,1017
35570107,463,11,452
35570109,386,4,382
35570111,458,7,451
35570112,522,17,505
35570113,484,4,480
35570114,456,2,454
35570116,570,4,566
35570117,390,3,387
35570118,311,89,222
35570119,438,24,414
35570121,588,36,552
35570123,461,17,444
35570124,385,66,319
35570125,567,6,561
35570127,437,1,436
35570128,384,73,311
35570129,407,3,404
35570130,478,59,419
35570131,490,34,456
35570132,428,49,379
35570133,363,96,267
35570134,439,109,330
35570135,421,129,292
35570136,384,166,218
35570137,399,36,363
35570138,452,63,389
35570140,426,9,417
35570141,321,17,304
35570142,458,52,406
35570143,502,45,457
35570144,553,20,533
35570145,530,183,347
35570146,391,151,240
35570147,707,26,681
35570148,373,2,371
35570149,455,49,406
35570150,390,2,388
35570151,493,68,425
35570152,387,11,376
35570153,459,51,408
35570154,598,48,550
35570155,736,55,681
35570156,764,75,689
35570157,406,7,399
35570158,442,58,384
35570159,422,16,406
35570160,583,35,548
35570161,337,12,325
35570163,276,15,261
35570164,329,11,318
35570166,381,9,372
35570167,451,21,430
35570168,440,18,422
35570169,430,59,371
35570170,369,20,349
35570171,384,32,352
35570172,380,78,302
35570173,543,38,505
35570174,423,110,313
35570175,475,71,404
35570176,535,8,527
35570177,840,25,815
35570178,901,27,874
35570179,638,34,604
35570180,586,10,576
35570182,496,247,249
35570184,347,29,318
35570185,545,11,534
35570186,743,30,713
35570188,1007,26,981
35570279,1399,218,1181
35570283,470,55,415
35570284,485,51,434
35570286,0,0,0
35570287,279,41,238
35570288,331,17,314
35570289,500,90,410
35570290,460,0,460
35570291,463,57,406
35570292,541,56,485
35570293,460,98,362
35570294,430,4,426
35570295,79,66,13
35570296,282,16,266
35570297,385,116,269
35570298,1110,18,1092
35570299,902,144,758
35570300,901,15,886
35570301,35,32,3
35570302,48,44,4
35570303,1003,59,944
35570304,459,12,447
35570305,506,60,446
35570308,606,43,563
35570309,540,27,513
35570310,460,23,437
35570311,7,0,7
35570313,574,524,50
35570314,628,61,567
35570315,423,13,410
35570316,565,43,522
35570317,743,87,656
35570318,529,39,490
35570319,172,2,170
35570320,318,7,311
35570321,321,2,319
35570322,714,33,681
35570323,673,49,624
35570324,556,51,505
35570325,565,37,528
35570326,394,47,347
35570327,431,67,364
35570328,366,52,314
35570329,576,103,473
35570330,126,111,15
35570331,494,41,453
35570332,488,57,431
35570333,0,0,0
35570334,5,5,0
35570335,0,0,0
35570336,413,386,27
35570337,846,51,795
35570338,617,102,515
35570339,410,28,382
35570340,460,109,351
35570341,582,4,578
35570342,493,59,434
35570343,356,335,21
35570344,341,106,235
35570345,356,98,258
35570346,1163,1154,9
35570347,2,0,2
35570348,749,92,657
35570349,836,70,766
35570350,357,25,332
35570351,467,0,467
35570352,847,5,842
35570353,636,2,634
35570354,493,62,431
35570355,411,6,405
35570356,460,4,456
35570357,457,40,417
35570358,518,5,513
35570359,461,4,457
35570360,483,20,463
35570361,491,83,408
35570362,728,102,626
35570363,657,19,638
35570364,721,77,644
35570365,698,5,693
35570367,0,0,0
35570370,0,0,0
35570371,0,0,0
35570372,0,0,0
35570373,0,0,0
35570375,1157,1095,62
35570377,285,21,264
35570378,246,20,226
35570379,119,18,101
35570380,181,17,164
35570381,190,114,76
35570382,490,204,286
35570383,975,64,911
35570384,455,7,448
35570386,334,11,323
35570387,403,9,394
35570388,486,45,441
35570389,523,14,509
35570390,890,71,819
35570392,454,11,443
35570393,1019,153,866
35570395,448,68,380
35570396,450,66,384
35570397,672,18,654
35570399,603,23,580
35570400,601,97,504
35570402,602,38,564
35570403,402,27,375
35570405,244,5,239
35570408,492,26,466
35570409,157,12,145
35570411,425,112,313
35570414,225,52,173
35570415,304,44,260
35570416,496,21,475
35570417,113,12,101
35580029,348,12,336
35580030,559,0,559
35580031,1001,28,973
35580032,613,28,585
35580033,641,0,641
35580038,415,51,364
35580039,461,44,417
35580040,393,40,353
35580041,410,2,408
35580042,390,141,249
35580043,328,54,274
35580044,461,5,456
35580045,477,55,422
35580046,412,24,388
35580047,586,170,416
35580048,435,41,394
35580049,534,84,450
35580050,554,91,463
35580051,398,143,255
35580052,529,26,503
35580053,471,11,460
35580054,610,14,596
35580055,376,8,368
35580056,460,9,451
35580057,469,42,427
35580058,510,46,464
35580059,445,17,428
35580060,405,69,336
35580061,345,18,327
35580062,487,48,439
35580063,435,4,431
35580064,432,8,424
35580065,453,43,410
35580066,403,1,402
35580068,248,48,200
35580069,405,251,154
35580070,428,169,259
35580071,359,220,139
35580072,369,101,268
35580073,452,151,301
35580074,447,105,342
35580075,513,252,261
35580076,484,44,440
35580077,452,73,379
35580078,548,79,469
35580079,397,86,311
35580080,437,60,377
35580081,423,10,413
35580082,434,84,350
35580083,513,55,458
35580084,428,165,263
35580085,543,154,389
35580086,471,147,324
35580087,499,9,490
35580088,800,34,766
35580089,714,57,657
35580090,415,11,404
35580091,434,29,405
35580092,312,13,299
35580093,378,66,312
35580094,464,14,450
35580095,526,35,491
35580096,1146,172,974
35580097,410,47,363
35580098,591,3,588
35580100,316,1,315
35580101,625,317,308
35580102,735,115,620
35580103,518,106,412
35580104,476,37,439
35580105,653,57,596
35580106,680,13,667
35580107,353,62,291
35580108,197,21,176
35580109,377,1,376
35580114,568,9,559
35580115,441,16,425
35580116,470,50,420
35580117,414,23,391
35580118,365,0,365
35580119,431,16,415
35580120,419,59,360
35580121,560,8,552
35580122,572,261,311
35580123,607,278,329
35580124,549,19,530
35580125,456,79,377
35580126,432,9,423
35580127,210,64,146
35580128,474,8,466
35580129,402,3,399
35580130,485,26,459
35580131,428,51,377
35580132,428,13,415
35580133,443,13,430
35580134,506,128,378
35580135,437,2,435
35580136,476,48,428
35580137,473,70,403
35580138,463,42,421
35580139,498,67,431
35580140,458,7,451
35580141,579,95,484
35580142,538,26,512
35580143,575,29,546
35580144,411,74,337
35580145,432,59,373
35580146,376,1,375
35580147,419,42,377
35580148,319,23,296
35580149,558,44,514
35580150,441,140,301
35580151,355,120,235
35580152,451,76,375
35580153,800,198,602
35580154,374,1,373
35580155,358,69,289
35580156,562,264,298
35580157,252,12,240
35580158,288,9,279
35580159,502,6,496
35580160,437,2,435
35580161,458,30,428
35580162,419,35,384
35580163,343,61,282
35580164,558,56,502
35580165,421,15,406
35580166,476,14,462
35580167,273,16,257
35580168,390,3,387
35580169,895,220,675
35580170,331,125,206
35580171,655,217,438
35580172,550,13,537
35580173,564,395,169
35580174,901,45,856
35580175,364,31,333
35580176,330,49,281
35580177,526,3,523
35580178,561,1,560
35580179,1223,42,1181
35580180,2173,74,2099
35580181,561,6,555
35580184,835,11,824
35580186,461,30,431
35580194,467,109,358
35580195,447,26,421
35580196,381,42,339
35580197,370,40,330
35580198,370,41,329
35580199,314,31,283
35580200,414,4,410
35580201,752,141,611
35580202,310,5,305
35580203,354,7,347
35580204,359,24,335
35580286,0,0,0
35580316,404,40,364
35580317,444,26,418
35580318,567,246,321
35580319,804,320,484
35580322,277,9,268
35580323,400,60,340
35580324,420,18,402
35580325,326,8,318
35580326,471,14,457
35580327,500,6,494
35580328,455,9,446
35580329,407,4,403
35580330,468,28,440
35580331,385,0,385
35580335,500,67,433
35580336,436,0,436
35580337,425,55,370
35580338,548,68,480
35580339,365,65,300
35580340,413,78,335
35580341,471,31,440
35580342,479,64,415
35580343,436,45,391
35580345,363,2,361
35580346,469,4,465
35580347,329,33,296
35580348,498,77,421
35580349,488,37,451
35580350,403,3,400
35580351,434,3,431
35580352,448,28,420
35580353,520,4,516
35580354,515,48,467
35580355,233,69,164
35580356,863,41,822
35580357,1287,17,1270
35580358,772,116,656
35580359,900,141,759
35580362,247,244,3
35580363,295,197,98
35580364,364,360,4
35580365,88,84,4
35580366,0,0,0
35580367,316,141,175
35580368,337,333,4
35580369,253,250,3
35580370,229,3,226
35580371,0,0,0
35580372,21,19,2
35580373,755,75,680
35580374,545,49,496
35580375,772,22,750
35580376,783,11,772
35580377,693,3,690
35580378,602,65,537
35580379,534,62,472
35580380,608,46,562
35580381,489,15,474
35580382,624,14,610
35580383,315,46,269
35580384,221,39,182
35580385,484,36,448
35580386,54,54,0
35580387,65,64,1
35580388,10,9,1
35580389,198,196,2
35580390,444,403,41
35580391,48,25,23
35580392,92,91,1
35580393,390,22,368
35580394,377,35,342
35580395,298,13,285
35580396,333,1,332
35580397,288,18,270
35580398,278,2,276
35580399,720,27,693
35580400,222,32,190
35580401,250,56,194
35580402,311,33,278
35580403,304,30,274
35580404,309,21,288
35580405,1477,15,1462
35580406,402,57,345
35580407,388,7,381
35580408,254,0,254
35580409,295,3,292
35580410,295,0,295
35580411,311,0,311
35580412,371,3,368
35580413,217,214,3
35580414,440,73,367
35580415,451,200,251
35580416,411,9,402
35580417,365,107,258
35580418,391,388,3
35580419,452,319,133
35580420,416,53,363
35580421,365,85,280
35580422,426,74,352
35580424,347,179,168
35580425,187,173,14
35580426,294,259,35
35580427,276,55,221
35580428,367,94,273
35580429,589,43,546
35580430,379,78,301
35580431,523,51,472
35580432,369,101,268
35580433,557,20,537
35580434,1002,832,170
35580435,470,5,465
35580436,440,5,435
35580437,452,0,452
35580438,448,23,425
35580439,556,25,531
35580440,752,52,700
35580441,709,28,681
35580442,434,3,431
35580443,581,37,544
35580444,513,11,502
35580445,427,11,416
35580446,441,10,431
35580447,419,11,408
35580448,515,37,478
35580450,408,102,306
35580451,591,16,575
35580452,440,0,440
35580453,528,0,528
35580454,477,26,451
35580455,666,2,664
35580456,852,155,697
35580458,547,15,532
35580459,514,3,511
35580460,468,19,449
35580461,456,23,433
35580462,269,35,234
35580463,593,30,563
35580465,585,13,572
35580466,560,0,560
35580467,1097,58,1039
35580468,955,73,882
35580470,389,44,345
35580471,467,9,458
35580472,1101,11,1090
35580473,458,11,447
35580474,916,105,811
35580476,576,11,565
35580477,293,132,161
35580478,589,55,534
35580479,20,18,2
35590060,0,0,0
35590061,220,31,189
35590062,96,91,5
35590063,236,228,8
35590064,11,10,1
35590065,96,50,46
35590066,452,27,425
35590067,347,55,292
35590068,422,45,377
35590072,307,1,306
35590073,279,267,12
35590074,529,1,528
35590075,389,8,381
35590076,385,36,349
35590077,461,0,461
35590078,458,47,411
35590079,449,123,326
35590080,516,48,468
35590081,488,52,436
35590082,548,10,538
35590083,435,58,377
35590084,354,32,322
35590085,412,61,351
35590086,433,104,329
35590087,467,106,361
35590088,303,140,163
35590089,429,32,397
35590090,422,87,335
35590091,467,68,399
35590092,450,104,346
35590093,449,60,389
35590094,404,2,402
35590095,476,79,397
35590096,365,39,326
35590097,0,0,0
35590098,811,758,53
35590099,521,78,443
35590100,316,84,232
35590101,208,202,6
35590102,5,1,4
35590103,0,0,0
35590104,0,0,0
35590105,118,108,10
35590106,0,0,0
35590107,481,23,458
35590108,156,148,8
35590109,461,60,401
35590110,0,0,0
35590111,262,254,8
35590112,173,166,7
35590113,236,66,170
35590114,352,48,304
35590115,358,36,322
35590116,509,63,446
35590117,470,26,444
35590118,278,1,277
35590119,425,53,372
35590122,475,5,470
35590124,5,4,1
35590125,294,0,294
35600206,0,0,0
35600207,390,375,15
35600209,0,0,0
35600210,76,65,11
35600211,0,0,0
35600212,0,0,0
35600213,0,0,0
35600214,490,475,15
35600215,2,1,1
35600216,0,0,0
35600217,385,355,30
35600218,23,20,3
35600219,0,0,0
35600220,0,0,0
35600221,0,0,0
35600222,919,852,67
35600223,0,0,0
35600224,5,5,0
35600225,203,196,7
35600226,0,0,0
35600227,1517,1504,13
35600228,464,456,8
35600229,1090,1013,77
35600230,0,0,0
35600231,0,0,0
35600232,279,258,21
35600233,0,0,0
35600234,0,0,0
35600235,947,905,42
35600236,691,660,31
35600237,300,268,32
35600238,466,444,22
35600239,511,470,41
35600240,321,319,2
35600241,0,0,0
35600242,558,517,41
35600243,2225,2117,108
35600244,0,0,0
35600245,0,0,0
35600246,204,178,26
35600247,0,0,0
35600248,641,592,49
35600249,421,87,334
35600250,969,894,75
35600251,413,385,28
35600253,0,0,0
35600254,0,0,0
35600255,255,231,24
35600256,541,502,39
35600257,840,776,64
35600258,0,0,0
35600259,0,0,0
35600260,617,569,48
35600261,0,0,0
35600262,1626,1495,131
35600264,1122,1106,16
35600265,0,0,0
35600266,2257,2094,163
35600267,432,52,380
35600268,0,0,0
35600269,894,874,20
35600270,210,197,13
35600271,633,91,542
35600272,529,45,484
35600273,457,137,320
35600274,1080,205,875
35600275,660,186,474
35600276,451,26,425
35600277,680,48,632
35600278,403,36,367
35600279,531,133,398
35600280,554,118,436
35600281,374,123,251
35600282,331,102,229
35600283,473,118,355
35600284,439,109,330
35600285,528,5,523
35600286,544,69,475
35600287,339,20,319
35600288,645,121,524
35600289,523,19,504
35600290,538,67,471
35600291,394,109,285
35600292,908,92,816
35600293,456,126,330
35600294,518,67,451
35600295,453,420,33
35600296,409,1,408
35600297,0,0,0
35600298,576,51,525
35600299,0,0,0
35600300,0,0,0
35600301,5,5,0
35600302,0,0,0
35600303,0,0,0
35600304,0,0,0
35600305,4,4,0
35600306,0,0,0
35600307,0,0,0
35600308,67,38,29
35600309,133,107,26
35600310,5,4,1
35600311,423,409,14
35600312,2,2,0
35600313,103,90,13
35600314,162,152,10
35600315,70,62,8
35600316,328,34,294
35600317,529,1,528
35600318,475,36,439
35600319,591,83,508
35600320,433,91,342
35600321,461,77,384
35600322,736,60,676
35600323,501,152,349
35600324,5,3,2
35600325,0,0,0
35600326,0,0,0
35600327,0,0,0
35600328,0,0,0
35600329,135,120,15
35600330,107,95,12
35600331,617,613,4
35600333,400,385,15
35600334,0,0,0
35600335,0,0,0
35600336,0,0,0
35600337,0,0,0
35600338,0,0,0
35600339,181,155,26
35600340,0,0,0
35600341,0,0,0
35600342,0,0,0
35600343,241,229,12
35600344,548,71,477
35600345,441,71,370
35600346,441,40,401
35600348,0,0,0
35600349,0,0,0
35600350,443,39,404
35600351,489,5,484
35600352,342,110,232
35600353,344,48,296
35600354,536,111,425
35600355,511,31,480
35600356,610,111,499
35600357,479,141,338
35600358,464,12,452
35600359,511,94,417
35600360,731,211,520
35600361,510,44,466
35600362,643,39,604
35600363,530,8,522
35600364,525,34,491
35600365,479,66,413
35600366,514,70,444
35600367,463,5,458
35600368,223,5,218
35600369,627,186,441
35600370,288,2,286
35600371,334,134,200
35600372,444,3,441
35600373,457,164,293
35600374,1062,1014,48
35600375,530,87,443
35600376,1433,119,1314
35600377,336,78,258
35600378,537,258,279
35600379,443,149,294
35600380,379,58,321
35600381,681,242,439
35600382,147,33,114
35600383,610,205,405
35600384,594,44,550
35600385,389,56,333
35600386,424,5,419
35600387,451,78,373
35600388,506,33,473
35600389,496,120,376
35600390,405,8,397
35600391,659,129,530
35600392,622,60,562
35600393,499,31,468
35600394,655,8,647
35600395,501,18,483
35600396,588,124,464
35600397,443,99,344
35600398,0,0,0
35600399,0,0,0
35600400,0,0,0
35600401,394,90,304
35600402,436,97,339
35600403,0,0,0
46010069,411,27,384
46010070,799,183,616
46010071,0,0,0
46010072,774,104,670
46010073,439,180,259
46010074,391,85,306
46010075,446,180,266
46010076,459,314,145
46010077,439,109,330
46010078,902,208,694
46010079,504,20,484
46010080,529,106,423
46010081,611,116,495
46010082,457,107,350
46010083,494,61,433
46010084,204,108,96
46010085,635,20,615
46010086,0,0,0
46010087,545,44,501
46010088,0,0,0
46010089,403,8,395
46010090,0,0,0
46010091,959,3,956
46010092,0,0,0
46010093,0,0,0
46010094,0,0,0
46010095,0,0,0
46010096,0,0,0
46010097,1085,69,1016
46010098,397,2,395
46010099,509,97,412
46010100,495,80,415
46010101,428,80,348
46010102,598,90,508
46010103,447,2,445
46010104,545,53,492
46010105,496,6,490
46010106,578,68,510
46010107,621,174,447
46010108,0,0,0
46010109,542,470,72
46010110,466,2,464
46010111,385,3,382
46020066,866,102,764
46020067,816,245,571
46020068,516,70,446
46020069,657,126,531
46020070,1103,39,1064
46020071,599,26,573
46020072,506,67,439
46020073,979,314,665
46020074,451,20,431
46020075,638,90,548
46020076,492,118,374
46020077,1012,210,802
46020078,1063,81,982
46020079,558,71,487
46020080,538,36,502
46020081,2697,408,2289
46020082,447,6,441
46020083,715,47,668
46020084,845,3,842
46020085,482,10,472
46020086,883,48,835
46020087,624,38,586
46020088,815,26,789
46020089,659,71,588
46020090,1254,157,1097
46020091,501,103,398
46020092,479,102,377
46020093,726,134,592
46020094,347,63,284
46020095,276,90,186
46020096,526,225,301
46020097,695,333,362
46020098,902,91,811
46020099,705,110,595
46020100,123,123,0
46020101,328,14,314
46020102,312,78,234
46020103,581,579,2
46020104,452,58,394
46020105,599,5,594
46020106,599,37,562
46020107,500,3,497
46020108,677,39,638
46020109,779,35,744
46020110,1106,31,1075
46020111,816,6,810
46020112,1416,9,1407
46020113,680,4,676
46020114,702,73,629
46020115,1172,34,1138
46020116,275,12,263
46020117,894,192,702
46020118,682,20,662
46020119,402,5,397
46020120,378,85,293
46020121,591,20,571
46020122,1894,200,1694
46020123,2465,10,2455
46020124,616,5,611
46020125,519,3,516
46020126,690,2,688
46020127,654,103,551
46020128,624,79,545
46020129,559,12,547
46020130,511,4,507
46020131,482,33,449
46020132,2305,138,2167
46020133,542,63,479
46020134,555,2,553
46020135,2101,39,2062
46020136,1220,4,1216
46020137,446,3,443
46020138,1053,68,985
46020139,556,92,464
46020140,634,110,524
46020141,621,220,401
46020142,537,125,412
46020143,592,186,406
46020144,426,74,352
46020145,652,76,576
46020146,642,224,418
46020147,782,111,671
46020148,761,157,604
46020149,714,51,663
46020150,692,227,465
46020151,521,75,446
46020152,613,115,498
46020153,630,84,546
46020154,691,19,672
46020155,567,16,551
46020156,703,207,496
46020157,718,39,679
46020158,608,24,584
46020159,607,125,482
46020160,1664,128,1536
46020161,710,101,609
46020162,585,89,496
46020163,931,347,584
46020164,814,1,813
46020165,1208,550,658
46020166,1236,46,1190
46020167,1150,247,903
46020168,721,98,623
46020169,660,71,589
46030060,582,18,564
46030061,462,14,448
46030062,482,1,481
46030063,466,18,448
46030064,563,1,562
46030065,581,1,580
46030066,715,13,702
46030067,452,5,447
46030068,625,20,605
46030069,536,1,535
46030070,707,5,702
46030071,858,1,857
46030072,1455,76,1379
46030073,652,3,649
46030074,766,62,704
46030075,743,1,742
46030076,730,35,695
46030077,716,26,690
46030078,525,63,462
46030079,1146,54,1092
46030080,700,1,699
46030081,650,9,641
46030082,1791,28,1763
46030083,1014,25,989
46030084,5,4,1
46030085,2214,8,2206
46030086,796,12,784
46030087,710,76,634
46030088,605,5,600
46030089,519,36,483
46030090,586,2,584
46030091,707,22,685
46030092,583,6,577
46030093,2911,102,2809
46030094,614,9,605
46030095,769,5,764
46030096,504,12,492
46030097,770,7,763
46030098,524,14,510
46030099,2456,8,2448
46030100,755,46,709
46030101,1699,2,1697
46030102,1045,1,1044
46030103,819,3,816
46030104,551,0,551
46030105,718,1,717
46030106,452,4,448
46030107,521,29,492
46030108,704,18,686
46030109,685,37,648
46030110,974,3,971
46030111,675,8,667
46030112,539,1,538
46030113,609,18,591
46030114,921,52,869
46030115,528,2,526
46030116,555,2,553
46030117,591,5,586
46030118,617,3,614
46030119,985,8,977
46030120,565,14,551
46030121,654,72,582
46030122,660,20,640
46030123,513,21,492
46030124,837,8,829
46030125,613,16,597
46030126,558,14,544
46030127,633,8,625
46030128,769,119,650
46030129,353,38,315
46030130,448,106,342
46030131,453,11,442
46030133,554,2,552
46030134,580,51,529
46030135,534,95,439
46030136,636,18,618
46040028,375,8,367
46040029,512,5,507
46040030,477,91,386
46040031,352,324,28
46040032,406,11,395
46040033,354,3,351
46040034,438,0,438
46040035,372,51,321
46040036,447,58,389
46040037,820,42,778
46040038,532,1,531
46040039,369,0,369
46040040,359,3,356
46040041,562,31,531
46040042,390,0,390
46040043,385,0,385
46040044,409,0,409
46040045,347,11,336
46040046,300,0,300
46040057,677,12,665
46050041,263,2,261
46050042,525,120,405
46050043,368,8,360
46050044,443,14,429
46050045,553,12,541
46050046,518,13,505
46050047,170,6,164
46050048,530,56,474
46050049,425,49,376
46050050,496,47,449
46050052,570,1,569
46050053,516,29,487
46050054,535,2,533
46050055,530,4,526
46050056,589,12,577
46050057,547,22,525
46050058,479,7,472
46050059,621,76,545
46050060,453,12,441
46050061,369,14,355
46050062,274,1,273
46050064,551,3,548
46050065,338,4,334
46050066,448,56,392
46050067,366,64,302
46050068,338,96,242
46050069,301,2,299
46050070,357,1,356
46060025,471,17,454
46060026,413,2,411
46060027,500,2,498
46060028,500,28,472
46060029,609,29,580
46060030,554,62,492
46060031,689,8,681
46060032,538,86,452
46060033,489,15,474
46060034,410,6,404
46060035,503,27,476
46060036,313,313,0
46060037,501,47,454
46060038,473,1,472
46060040,411,4,407
46060041,512,512,0
46060042,5,0,5
46060043,521,521,0
46060044,514,5,509
46060045,404,22,382
46060046,477,1,476
46060047,385,3,382
46070100,633,122,511
46070101,721,105,616
46070102,495,20,475
46070103,273,8,265
46070104,508,5,503
46070105,571,13,558
46070106,652,3,649
46070107,538,72,466
46070108,1760,155,1605
46070109,565,52,513
46070110,915,46,869
46070111,670,112,558
46070112,587,159,428
46070113,584,38,546
46070114,943,39,904
46070115,1753,74,1679
46070116,610,50,560
46070117,407,33,374
46070118,747,56,691
46070119,435,35,400
46070120,927,42,885
46070121,549,104,445
46070122,181,0,181
46070123,522,94,428
46070124,553,57,496
46070125,541,66,475
46070126,440,17,423
46070127,432,40,392
46070128,479,109,370
46070129,435,4,431
46070130,436,20,416
46070131,541,197,344
46070132,1077,186,891
46070133,540,58,482
46070134,3742,305,3437
46070135,906,59,847
46070136,487,9,478
46070137,477,220,257
46070138,433,2,431
46070139,582,29,553
46070140,420,71,349
46070141,423,113,310
46070142,349,3,346
46070143,444,14,430
46070144,479,70,409
46070145,432,21,411
46070146,479,76,403
46070147,514,158,356
46070148,780,99,681
46070149,490,133,357
46070150,528,33,495
46070151,583,186,397
46070152,563,78,485
46070153,324,12,312
46070154,452,105,347
46070155,491,2,489
46070156,422,78,344
46070157,517,66,451
46070158,569,83,486
46070159,558,72,486
46070160,533,94,439
46070161,620,180,440
46070162,497,35,462
46070163,646,137,509
46070164,511,4,507
46070165,562,29,533
46070166,505,53,452
46070167,1013,156,857
46070168,505,65,440
46070169,484,16,468
46070170,448,2,446
46070171,873,326,547
46070172,823,206,617
46070173,497,31,466
46070174,647,43,604
46070175,731,149,582
46070176,456,4,452
46070177,427,3,424
46070178,1073,70,1003
46070179,518,16,502
46070180,392,64,328
46070181,344,13,331
46070182,645,79,566
46070183,576,4,572
46070184,0,0,0
46070185,323,0,323
46070186,1724,103,1621
46070187,385,71,314
46070188,746,80,666
46070189,704,11,693
46070190,886,4,882
46070191,668,24,644
46070192,458,70,388
46070193,632,8,624
46070194,526,51,475
46070195,611,58,553
46070196,262,34,228
46070197,438,3,435
46070198,360,16,344
46070199,264,2,262
46070200,320,14,306
46070201,621,63,558
46070202,453,30,423
46070203,582,49,533
46070204,564,113,451
46070205,455,9,446
46070206,591,56,535
46070207,644,87,557
46070208,721,6,715
46070209,592,101,491
46070210,581,72,509
46070211,588,97,491
46070212,355,16,339
46070213,424,32,392
46070214,0,0,0
46080032,370,82,288
46080033,478,33,445
46080034,374,1,373
46080035,304,5,299
46080036,279,1,278
46080037,425,1,424
46080038,420,37,383
46080039,454,13,441
46080040,357,5,352
46080041,320,87,233
46080042,1069,1068,1
46080043,365,365,0
46080044,421,419,2
46080045,944,940,4
46080046,399,24,375
46080047,453,42,411
46080048,585,70,515
46080049,392,10,382
46080050,537,22,515
46080051,544,28,516
46080052,359,62,297
46080053,450,19,431
46080054,626,2,624
46080055,921,32,889
46080056,533,3,530
46080058,625,47,578
46080059,451,92,359
46080060,11,0,11
46080061,0,0,0
46090042,390,192,198
46090043,477,18,459
46090044,298,154,144
46090045,701,51,650
46090046,107,2,105
46090047,377,16,361
46090048,497,6,491
46090049,521,19,502
46090051,117,113,4
46090052,41,41,0
46090053,580,28,552
46090054,584,328,256
46090055,498,245,253
46090056,653,145,508
46090057,523,97,426
46090058,510,147,363
46090059,511,130,381
46090060,527,4,523
46090061,626,255,371
46090062,511,140,371
46090063,502,0,502
46090064,536,175,361
46090065,456,99,357
46090066,624,499,125
46090067,436,105,331
46090068,504,143,361
46090069,53,32,21
46090070,441,81,360
46090071,453,63,390
46090072,499,241,258
46090073,468,58,410
46090074,590,118,472
46090075,588,37,551
46090076,601,45,556
46090077,544,1,543
46090078,367,10,357
46090079,418,10,408
46090080,384,105,279
46090081,1277,1276,1
46090082,350,66,284
46090083,215,16,199
46090084,73,73,0
46090085,0,0,0
46090086,0,0,0
46090087,440,71,369
46090088,565,54,511
46090089,455,73,382
46090090,490,17,473
46090091,525,125,400
46090092,391,36,355
46090093,376,11,365
46100015,434,69,365
46100016,487,170,317
46100017,809,81,728
46100018,147,15,132
46100019,563,66,497
46100020,562,49,513
46100021,454,41,413
46100022,382,2,380
46100023,1015,47,968
46100024,683,105,578
46100025,1755,143,1612
46100026,753,68,685
46100027,635,53,582
46100028,1201,32,1169
46100029,1014,127,887
46100030,301,8,293
46110001,2057,177,1880
46110002,1988,59,1929
46110003,633,64,569
46110004,414,57,357
46110005,1061,79,982
46110006,574,74,500
46110007,656,36,620
46110008,517,1,516
46110009,348,52,296
46110010,799,47,752
46110011,646,24,622
46110012,627,96,531
46110013,558,33,525
46110014,691,65,626
46110015,605,91,514
46110016,525,21,504
46110017,559,92,467
46110018,816,269,547
46110019,643,122,521
46110020,706,44,662
46110021,764,105,659
46110022,512,85,427
46110023,607,98,509
46110024,604,54,550
46110025,604,54,550
46110026,602,57,545
46110027,561,141,420
46110028,648,73,575
46110029,667,35,632
46110030,541,0,541
46110031,965,94,871
46110032,694,4,690
46110033,643,102,541
46110034,569,39,530
46110035,449,27,422
46110036,512,13,499
46110037,550,46,504
46110038,560,76,484
46110039,773,56,717
46110040,441,229,212
46110041,872,38,834
46110042,721,26,695
46110043,716,35,681
46110044,766,92,674
46110045,621,71,550
46110046,684,76,608
46110047,632,171,461
46110048,486,32,454
46110049,600,151,449
46110050,533,17,516
46110051,591,250,341
46110052,520,136,384
46110053,480,324,156
46110054,397,280,117
46110055,463,211,252
46110056,567,137,430
46110057,680,173,507
46110058,517,263,254
46110059,736,234,502
46110060,556,356,200
46110061,529,112,417
46110062,543,207,336
46110063,600,84,516
46110064,574,217,357
46110065,518,390,128
46110066,686,337,349
46110067,517,85,432
46110068,656,397,259
46110069,983,711,272
46110070,607,182,425
46110071,872,483,389
46110072,576,335,241
46110073,563,3,560
46110074,740,201,539
46110075,754,124,630
46110076,445,30,415
46110077,554,121,433
46110078,554,29,525
46110079,1037,63,974
46110080,819,331,488
46110081,837,340,497
46110082,593,182,411
46110083,702,102,600
46110084,930,214,716
46110085,568,171,397
46110086,695,148,547
46110087,707,82,625
46110088,588,80,508
46110089,494,32,462
46110090,547,61,486
46110091,624,3,621
46110092,550,110,440
46110093,453,37,416
46110094,637,186,451
46110095,497,81,416
46110096,522,25,497
46110097,502,175,327
46110098,589,216,373
46110099,398,229,169
46110100,793,152,641
46110101,449,11,438
46110102,421,70,351
46110103,255,2,253
46110104,677,125,552
46110105,511,101,410
46110106,662,52,610
46110107,479,137,342
46110108,599,126,473
46110109,625,50,575
46110110,478,12,466
46110111,753,141,612
46110112,540,86,454
46110113,860,343,517
46110114,497,69,428
46110115,496,144,352
46110116,567,73,494
46110117,568,131,437
46110118,733,119,614
46110119,485,7,478
46110120,651,50,601
46110121,823,40,783
46110122,493,0,493
46110123,703,15,688
46110124,500,24,476
46110125,486,90,396
46110126,666,92,574
46110127,600,129,471
46110128,330,56,274
46110129,673,360,313
46110130,808,128,680
46110131,353,53,300
46110132,648,193,455
46110133,303,3,300
46110134,514,184,330
46110135,424,13,411
46110136,484,14,470
46110137,563,54,509
46110138,676,93,583
46110139,389,6,383
46110140,363,39,324
46110141,660,144,516
46110142,756,87,669
46110143,548,19,529
46110144,760,110,650
46110145,565,0,565
46110146,778,100,678
46110147,629,126,503
46110148,693,98,595
46110149,623,127,496
46110150,585,87,498
46110152,650,68,582
46110153,677,168,509
46110155,517,10,507
46110156,336,118,218
46110157,541,72,469
46110158,545,14,531
46110160,552,527,25
46110162,473,1,472
46110163,1039,167,872
46110164,869,48,821
46110165,652,123,529
46110166,667,16,651
46110167,645,3,642
46110168,604,135,469
46110169,858,48,810
46110170,755,352,403
46110171,733,374,359
46110172,595,79,516
46110173,860,52,808
46110174,397,239,158
46110175,669,115,554
46110176,717,365,352
46110177,864,422,442
46110178,517,67,450
46110179,475,8,467
46110180,564,11,553
46110181,885,93,792
46110182,671,47,624
46110183,474,203,271
46110184,818,28,790
46110185,472,71,401
46110186,631,36,595
46110187,605,1,604
46110188,664,11,653
46110189,562,25,537
46110190,749,15,734
46110191,533,99,434
46110192,295,1,294
46110193,1908,157,1751
46110194,670,27,643
46110195,385,28,357
46110196,511,20,491
46110197,611,87,524
46110198,479,1,478
46110199,314,5,309
46110200,643,1,642
46110201,758,123,635
46110202,659,39,620
46110203,545,28,517
46110204,437,92,345
46110205,515,8,507
46110206,532,90,442
46110207,486,57,429
46110208,409,36,373
46110209,627,14,613
46110210,547,116,431
46110211,641,91,550
46110212,549,18,531
46110213,376,46,330
46110214,452,80,372
46110215,432,109,323
46110216,455,27,428
46110217,432,50,382
46110218,601,36,565
46110219,765,2,763
46110220,715,244,471
46110221,600,73,527
46110222,467,24,443
46110223,673,38,635
46110224,547,41,506
46110225,476,161,315
46110226,653,18,635
46110227,461,105,356
46110228,543,181,362
46110229,639,112,527
46110230,611,43,568
46110231,649,153,496
46110238,462,49,413
46110239,727,202,525
46110240,647,128,519
46110241,465,43,422
46110242,430,61,369
46110243,544,157,387
46110244,570,141,429
46110245,410,97,313
46110246,535,6,529
46110247,659,38,621
46110248,541,93,448
46110249,401,64,337
46110250,501,1,500
46110251,630,96,534
46110252,479,88,391
46110253,561,14,547
46110254,599,68,531
46110255,509,54,455
46110256,516,71,445
46110257,609,10,599
46110258,627,45,582
46110259,333,4,329
46110260,603,25,578
46110261,586,42,544
46110262,591,24,567
46110263,389,11,378
46110264,618,26,592
46110265,649,79,570
46110266,647,41,606
46110267,470,10,460
46110272,454,0,454
46110273,589,6,583
46110274,691,3,688
46110275,287,2,285
46110276,590,49,541
46110277,440,13,427
46110278,375,3,372
46110279,514,15,499
46110280,568,31,537
46110281,549,11,538
46110282,772,225,547
46110283,405,32,373
46110284,438,35,403
46110285,431,8,423
46110286,394,25,369
46110287,263,7,256
46110288,927,91,836
46110289,414,82,332
46110291,405,10,395
46110292,607,151,456
46110293,629,171,458
46110294,535,108,427
46110295,656,56,600
46110296,399,3,396
46110297,568,4,564
46110298,512,15,497
46110299,701,50,651
46110300,626,27,599
46110301,1303,24,1279
46110302,804,99,705
46110303,910,112,798
46110306,374,37,337
46110307,438,71,367
46110308,396,46,350
46110309,530,67,463
46110310,556,54,502
46110312,799,178,621
46110313,841,33,808
46110314,540,85,455
46110315,663,1,662
46110316,641,24,617
46110317,471,37,434
46110318,425,0,425
46110319,639,19,620
46110320,557,23,534
46110321,494,17,477
46110322,554,37,517
46110323,525,35,490
46110324,572,23,549
46110325,643,42,601
46110326,563,51,512
46110327,705,4,701
46110328,498,45,453
46110329,960,146,814
46110330,894,106,788
46110331,160,0,160
46110332,881,33,848
46110333,446,5,441
46110334,384,40,344
46110335,344,74,270
46110336,481,42,439
46110337,652,41,611
46110338,365,7,358
46110339,493,4,489
46110340,1102,23,1079
46110341,581,43,538
46110342,508,125,383
46110343,865,94,771
46110344,588,87,501
46110345,438,83,355
46110346,500,38,462
46110347,528,39,489
46110348,434,5,429
46110349,492,22,470
46110350,783,48,735
46110351,195,7,188
46110352,652,66,586
46110353,609,7,602
46110354,527,23,504
46110355,300,16,284
46110356,511,4,507
46110357,467,71,396
46110358,483,19,464
46110359,754,97,657
46110360,428,13,415
46110361,1131,15,1116
46110362,501,3,498
46110363,393,24,369
46110364,401,13,388
46110365,520,2,518
46110366,881,62,819
46110367,117,7,110
46110368,1467,74,1393
46110370,426,55,371
46110371,699,2,697
46110373,531,36,495
46110374,531,6,525
46110375,506,54,452
46110376,501,52,449
46110377,448,19,429
46110378,567,44,523
46110379,504,4,500
46110380,501,11,490
46110381,457,31,426
46110382,603,2,601
46110383,569,5,564
46110384,461,12,449
46110385,527,18,509
46110386,537,21,516
46110387,555,98,457
46110388,464,49,415
46110389,625,28,597
46110390,527,50,477
46110391,564,71,493
46110392,562,47,515
46110393,526,12,514
46110394,356,9,347
46110395,512,3,509
46110396,435,26,409
46110397,1179,5,1174
46110398,507,2,505
46110399,579,62,517
46110402,961,36,925
46110403,585,6,579
46110404,1167,195,972
46110405,874,109,765
46110406,641,127,514
46110407,689,138,551
46110408,1055,122,933
46110409,562,95,467
46110410,362,5,357
46110411,423,78,345
46110412,394,89,305
46110413,400,37,363
46110414,534,70,464
46110415,634,21,613
46110416,551,58,493
46110417,514,71,443
46110418,632,49,583
46110419,505,144,361
46110420,780,142,638
46110421,451,15,436
46110422,633,26,607
46110423,616,13,603
46110424,675,110,565
46110425,552,31,521
46110426,481,16,465
46110427,658,53,605
46110428,587,34,553
46110429,741,31,710
46110430,570,38,532
46110431,629,55,574
46110432,574,5,569
46110433,636,50,586
46110434,504,33,471
46110435,402,102,300
46110436,654,11,643
46110437,445,3,442
46110438,495,15,480
46110439,553,23,530
46110440,513,24,489
46110441,650,44,606
46110442,416,13,403
46110443,408,9,399
46110444,625,27,598
46110445,474,105,369
46110446,503,40,463
46110447,518,154,364
46110448,562,52,510
46110449,529,134,395
46110450,721,133,588
46110451,536,108,428
46110452,676,50,626
46110453,501,42,459
46110454,518,62,456
46110455,575,17,558
46110456,405,1,404
46110457,585,45,540
46110458,504,60,444
46110459,485,16,469
46110460,427,100,327
46110461,384,29,355
46110462,499,32,467
46110463,459,53,406
46110464,841,17,824
46110465,450,2,448
46110466,885,40,845
46110467,483,12,471
46110468,485,21,464
46110469,440,64,376
46110470,607,117,490
46110471,693,72,621
46110472,683,51,632
46110473,597,125,472
46110474,749,78,671
46110477,427,23,404
46110478,556,22,534
46110479,431,82,349
46110480,476,34,442
46110481,551,70,481
46110482,504,50,454
46110483,521,60,461
46110484,501,18,483
46110485,301,40,261
46110486,874,137,737
46110487,503,1,502
46110488,468,82,386
46110489,511,58,453
46110491,491,0,491
46110492,553,1,552
46110493,333,8,325
46110494,573,11,562
46110495,585,55,530
46110496,523,45,478
46110497,344,25,319
46110500,1040,151,889
46110501,1230,39,1191
46110502,424,2,422
46110503,3398,193,3205
46110504,602,22,580
46110505,622,48,574
46110506,484,20,464
46110509,765,88,677
46110514,908,55,853
46110515,1162,109,1053
46110516,288,44,244
46110517,1154,127,1027
46110519,523,9,514
46110521,640,2,638
46110522,541,136,405
46110523,264,48,216
46110524,666,70,596
46110525,585,73,512
46110526,405,34,371
46110527,557,72,485
46110528,600,71,529
46110529,505,111,394
46110530,679,112,567
46110531,365,26,339
46110532,401,55,346
46110533,594,51,543
46110534,732,84,648
46110535,501,32,469
46110536,726,149,577
46110538,583,94,489
46110539,702,115,587
46110540,670,113,557
46110541,569,95,474
46110542,489,30,459
46110543,497,107,390
46110544,467,119,348
46110545,644,62,582
46110546,516,99,417
46110547,479,17,462
46110548,450,40,410
46110549,508,103,405
46110550,348,32,316
46110551,450,45,405
46110552,385,26,359
46110553,514,109,405
46110554,702,127,575
46110555,563,65,498
46110556,510,63,447
46110557,577,101,476
46110558,603,5,598
46110559,516,164,352
46110560,405,86,319
46110561,513,57,456
46110562,511,97,414
46110563,430,124,306
46110564,599,4,595
46110565,526,107,419
46110566,534,60,474
46110567,464,39,425
46110568,432,48,384
46110569,646,79,567
46110570,1013,101,912
46110571,675,92,583
46110572,1143,37,1106
46110573,964,133,831
46110574,568,121,447
46110575,397,61,336
46110576,479,84,395
46110577,496,84,412
46110578,754,88,666
46110580,622,215,407
46110581,433,41,392
46110584,676,3,673
46110585,478,1,477
46110586,831,197,634
46110587,856,85,771
46110588,264,2,262
46110589,890,50,840
46110591,920,158,762
46110592,506,55,451
46110594,300,4,296
46110595,637,78,559
46110596,414,299,115
46110597,804,67,737
46110598,546,17,529
46110599,713,48,665
46110600,578,69,509
46110601,631,43,588
46110602,442,88,354
46110603,517,26,491
46110604,503,122,381
46110605,580,14,566
46110606,466,22,444
46110607,291,7,284
46110608,311,6,305
46110609,455,12,443
46110610,338,19,319
46110611,441,36,405
46110612,448,20,428
46110613,486,52,434
46110614,462,67,395
46110615,659,92,567
46110616,358,52,306
46110617,600,39,561
46110618,425,87,338
46110630,636,31,605
46110631,988,171,817
46110632,812,156,656
46110633,518,86,432
46110634,1183,449,734
46110635,689,28,661
46110636,675,198,477
46110637,531,152,379
46110638,708,110,598
46110639,688,27,661
46110640,622,48,574
46110641,594,71,523
46110642,628,184,444
46110643,322,18,304
46110644,420,86,334
46110645,549,91,458
46110646,465,4,461
46110647,519,52,467
46110648,529,52,477
46110649,520,20,500
46110650,591,87,504
46110651,422,44,378
46110652,372,1,371
46110653,493,73,420
46110654,426,33,393
46110655,630,68,562
46110656,497,39,458
46110657,403,105,298
46110658,458,41,417
46110659,615,12,603
46110660,545,3,542
46110661,468,34,434
46110662,547,52,495
46110663,443,21,422
46110664,518,13,505
46110665,625,17,608
46110666,824,126,698
46110667,751,3,748
46110668,458,5,453
46110669,1091,134,957
46110670,470,236,234
46110671,665,265,400
46110672,497,144,353
46110674,454,113,341
46110676,544,111,433
46110677,443,69,374
46110678,565,111,454
46110679,660,75,585
46110680,467,169,298
46110681,464,124,340
46110682,605,90,515
46110683,593,152,441
46110684,558,209,349
46110685,321,131,190
46110686,468,93,375
46110687,632,26,606
46110688,670,136,534
46110689,696,176,520
46110690,659,113,546
46110691,710,115,595
46110692,634,61,573
46110693,585,102,483
46110694,408,65,343
46110695,673,70,603
46110696,477,34,443
46110697,574,45,529
46110698,547,54,493
46110699,741,158,583
46110700,560,55,505
46110701,496,98,398
46110702,704,57,647
46110703,717,67,650
46110704,689,45,644
46110705,442,35,407
46110706,589,33,556
46110707,578,41,537
46110708,621,4,617
46110709,530,29,501
46110710,521,45,476
46110711,664,69,595
46110712,691,28,663
46110713,708,126,582
46110714,598,36,562
46110715,516,35,481
46110716,471,40,431
46110717,827,98,729
46110718,861,159,702
46110719,536,20,516
46110720,565,17,548
46110721,776,10,766
46110722,783,137,646
46110723,475,9,466
46110724,555,88,467
46110727,469,62,407
46110728,519,23,496
46110729,490,110,380
46110730,641,159,482
46110731,476,78,398
46110732,661,23,638
46110733,609,185,424
46110734,675,57,618
46110735,255,9,246
46110736,471,2,469
46110737,513,24,489
46110738,490,26,464
46110739,752,67,685
46110740,758,225,533
46110741,578,2,576
46110742,620,3,617
46110743,621,75,546
46110744,620,32,588
46110746,590,32,558
46110751,318,2,316
46110752,921,397,524
46110753,440,12,428
46110756,2344,389,1955
46110757,577,66,511
46110758,517,2,515
46110759,973,48,925
46110760,1131,96,1035
46110761,782,121,661
46110762,2108,298,1810
46110763,548,93,455
46110765,374,19,355
46110766,634,131,503
46110767,507,68,439
46110768,397,4,393
46110769,457,32,425
46110770,336,1,335
46110771,495,22,473
46110772,370,22,348
46110773,1783,37,1746
46110774,642,18,624
46110775,847,66,781
46110776,410,84,326
46110777,642,11,631
46110778,276,2,274
46110779,596,12,584
46110780,612,70,542
46110781,696,10,686
46110782,360,10,350
46110783,445,28,417
46110784,655,6,649
46110785,480,17,463
46110786,641,99,542
46110787,459,9,450
46110788,316,2,314
46110789,430,317,113
46110790,436,5,431
46110791,446,134,312
46110792,537,102,435
46110795,584,121,463
46110798,473,206,267
46110799,335,33,302
46110800,473,46,427
46110801,656,91,565
46110802,684,86,598
46110803,921,221,700
46110804,653,73,580
46110805,692,247,445
46110806,395,192,203
46110807,552,151,401
46110808,673,185,488
46110809,577,42,535
46110810,187,47,140
46110811,434,63,371
46110812,893,227,666
46110813,569,33,536
46110814,324,47,277
46110815,3154,452,2702
46110816,480,28,452
46110817,512,55,457
46110818,308,5,303
46110819,955,45,910
46110820,560,65,495
46110821,1103,86,1017
46110822,720,7,713
46110823,616,10,606
46110824,522,28,494
46110825,462,55,407
46110826,715,32,683
46110827,432,77,355
46110828,573,31,542
46110829,543,132,411
46110830,536,22,514
46110831,724,57,667
46110832,549,133,416
46110833,738,43,695
46110834,735,378,357
46110835,559,63,496
46110836,546,68,478
46110837,447,86,361
46110838,558,122,436
46110839,405,19,386
46110840,511,20,491
46110841,443,62,381
46110842,451,24,427
46110843,508,58,450
46110844,421,73,348
46110845,670,99,571
46110846,415,39,376
46110847,394,72,322
46110848,475,43,432
46110849,432,39,393
46110850,352,2,350
46110851,801,112,689
46110852,556,78,478
46110853,483,121,362
46110855,588,52,536
46110856,534,86,448
46110857,632,70,562
46110858,553,52,501
46110859,479,141,338
46110861,486,30,456
46110862,648,35,613
46110863,550,85,465
46110864,557,63,494
46110865,626,66,560
46110866,587,41,546
46110867,408,4,404
46110869,626,28,598
46110870,648,99,549
46110871,604,101,503
46110873,308,27,281
46110874,503,2,501
46110875,1369,70,1299
46110876,2649,62,2587
46110877,907,22,885
46110878,903,10,893
46110879,320,2,318
46110881,683,168,515
46110882,520,59,461
46110883,428,63,365
46110884,685,125,560
46110885,581,32,549
46110886,646,16,630
46110887,535,64,471
46110888,652,20,632
46110889,374,9,365
46110890,537,97,440
46110891,439,89,350
46110892,461,26,435
46110893,610,25,585
46110894,543,1,542
46110895,733,161,572
46110896,550,95,455
46110897,648,117,531
46110898,576,186,390
46110899,453,163,290
46110900,518,130,388
46110901,633,67,566
46110902,547,197,350
46110903,700,255,445
46110904,553,110,443
46110905,639,38,601
46110906,606,46,560
46110907,519,212,307
46110908,675,180,495
46110909,611,200,411
46110910,607,125,482
46110911,609,64,545
46110912,648,70,578
46110913,659,82,577
46110914,692,231,461
46110915,524,292,232
46110916,513,155,358
46110917,542,58,484
46110918,532,265,267
46110919,544,19,525
46110920,541,13,528
46110921,683,80,603
46110922,603,132,471
46110923,477,3,474
46110924,625,96,529
46110925,471,76,395
46110926,749,129,620
46110927,597,111,486
46110928,613,55,558
46110929,583,3,580
46110930,925,49,876
46110931,749,413,336
46110933,808,155,653
46110934,628,185,443
46110935,552,133,419
46110936,620,91,529
46110937,715,23,692
46110938,496,5,491
46110939,2043,162,1881
46110940,421,10,411
46110941,241,2,239
46110942,394,6,388
46110943,319,3,316
46110944,448,12,436
46110945,994,84,910
46110947,617,90,527
46110948,699,33,666
46110949,596,3,593
46110950,581,8,573
46110952,447,44,403
46110953,530,31,499
46110954,752,16,736
46110955,1273,53,1220
46110956,534,79,455
46110957,932,64,868
46110958,292,17,275
46110959,934,170,764
46110960,454,46,408
46110961,434,47,387
46110962,370,195,175
46110963,510,18,492
46110964,399,81,318
46110965,615,11,604
46110966,699,128,571
46110967,510,25,485
46110968,839,117,722
46110973,627,168,459
46110974,440,54,386
46110975,386,18,368
46110976,594,4,590
46110977,467,8,459
46110978,886,6,880
46110979,746,39,707
46110980,628,84,544
46110983,740,14,726
46110984,1548,44,1504
46110985,486,34,452
46110992,652,11,641
46110993,481,63,418
46110994,399,6,393
46110995,389,114,275
46110996,409,31,378
46110997,418,16,402
46110998,418,7,411
46110999,593,56,537
46111000,447,33,414
46111001,440,5,435
46111002,481,10,471
46111003,546,52,494
46111004,419,58,361
46111005,407,32,375
46111006,580,66,514
46111007,730,18,712
46111008,726,15,711
46111009,1444,117,1327
46111010,766,89,677
46111011,469,66,403
46111012,806,59,747
46111013,583,65,518
46111014,605,16,589
46111015,943,37,906
46111016,576,67,509
46111017,507,5,502
46111018,513,16,497
46111019,1209,156,1053
46111020,642,75,567
46111021,968,132,836
46111022,416,4,412
46111024,852,52,800
46111025,479,25,454
46111027,688,13,675
46111028,610,5,605
46111029,437,4,433
46111030,379,7,372
46111032,344,1,343
46111033,452,2,450
46111034,519,9,510
46111035,560,31,529
46111036,519,31,488
46111037,423,7,416
46111038,673,41,632
46111039,498,11,487
46111040,566,5,561
46111041,511,51,460
46111042,684,80,604
46111043,420,3,417
46111044,407,19,388
46111045,600,45,555
46111046,470,2,468
46111047,521,2,519
46111048,460,2,458
46111049,638,3,635
46111050,464,8,456
46111051,520,3,517
46111052,826,3,823
46111053,633,53,580
46111055,444,2,442
46111057,608,8,600
46111058,1343,65,1278
46111061,768,10,758
46111062,831,77,754
46111063,510,31,479
46111064,594,20,574
46111065,533,36,497
46111066,448,66,382
46111067,391,1,390
46111068,629,51,578
46111069,454,19,435
46111070,503,2,501
46111071,380,14,366
46111072,565,40,525
46111073,433,1,432
46111074,445,12,433
46111076,372,46,326
46111077,477,79,398
46111078,451,107,344
46111079,657,82,575
46111080,576,1,575
46111081,565,4,561
46111082,502,25,477
46111083,595,69,526
46111084,608,14,594
46111085,533,45,488
46111086,1630,11,1619
46111087,513,30,483
46111088,455,10,445
46111089,504,16,488
46111090,1236,121,1115
46111091,513,28,485
46111092,549,10,539
46111093,1337,26,1311
46111094,1136,51,1085
46111095,507,59,448
46111096,409,37,372
46111098,591,38,553
46111099,1272,33,1239
46111100,475,28,447
46111101,547,10,537
46111102,413,22,391
46111103,670,27,643
46111104,367,1,366
46111105,357,0,357
46111106,345,43,302
46111107,551,59,492
46111108,361,13,348
46111109,507,18,489
46111110,866,75,791
46111111,325,2,323
46111112,294,42,252
46111113,262,1,261
46111114,385,27,358
46111115,442,19,423
46111116,394,10,384
46111117,426,21,405
46111118,2069,72,1997
46111119,1418,81,1337
46111121,803,115,688
46111122,416,60,356
46111123,1040,4,1036
46111124,571,105,466
46111125,860,1,859
46111126,960,3,957
46111127,605,28,577
46111128,777,78,699
46111129,616,21,595
46111130,1268,268,1000
46111131,572,20,552
46111132,614,1,613
46111133,474,6,468
46111134,1470,102,1368
46111135,2492,138,2354
46111136,1469,98,1371
46111138,1482,69,1413
46111139,2590,257,2333
46111140,975,6,969
46111141,1120,137,983
46111143,1495,143,1352
46111144,1049,218,831
46111145,1879,439,1440
46111146,1333,632,701
46111147,331,100,231
46111148,1184,374,810
46111149,944,3,941
46111150,1850,101,1749
46111151,6221,405,5816
46111153,1017,133,884
46111154,2887,191,2696
46111155,1045,59,986
46111157,655,44,611
46111158,454,26,428
46111159,1139,67,1072
46111160,460,51,409
46111161,668,19,649
46111162,415,72,343
46111163,391,10,381
46111164,445,14,431
46111165,594,47,547
46111167,564,0,564
46111168,565,26,539
46111169,1410,83,1327
46111170,1295,29,1266
46111171,685,7,678
46111172,358,15,343
46111173,5097,790,4307
46111174,705,3,702
46111175,751,114,637
46111176,0,0,0
46111177,175,13,162
46111178,834,169,665
46111179,612,28,584
46111180,1188,148,1040
46111181,653,61,592
46111182,495,65,430
46111183,758,138,620
46111184,711,105,606
46111185,591,8,583
46111186,494,4,490
46111187,212,71,141
46111188,145,4,141
46111189,1452,78,1374
46111190,15914,165,15749
46111191,472,10,462
46111192,2414,44,2370
46111193,1341,32,1309
46111194,728,7,721
46111195,1281,75,1206
46111196,719,16,703
46111197,732,63,669
46111198,342,3,339
46111199,1838,162,1676
46111202,846,23,823
46111203,1751,320,1431
46111204,1683,216,1467
46111205,1965,151,1814
46111206,2218,72,2146
46111207,0,0,0
46111210,5537,110,5427
46111211,32,10,22
46111212,458,79,379
46111213,922,14,908
46111214,477,11,466
46111215,902,24,878
46111217,520,17,503
46111218,2753,28,2725
46111219,599,508,91
46111220,3537,1494,2043
46111221,2395,125,2270
46111222,1608,86,1522
46111223,898,0,898
46111224,674,125,549
46111225,747,637,110
46111226,1111,11,1100
46111227,945,13,932
46111228,899,19,880
46111229,1070,4,1066
46120028,502,96,406
46120029,532,17,515
46120030,684,60,624
46120031,708,42,666
46120032,978,135,843
46120033,502,17,485
46120034,509,9,500
46120035,441,4,437
46120036,708,79,629
46120037,521,81,440
46120038,592,64,528
46120040,565,46,519
46120041,636,55,581
46120045,462,7,455
46120046,1702,7,1695
46120047,520,3,517
46120048,1650,115,1535
46120049,582,114,468
46120050,519,59,460
46120051,462,11,451
46120052,588,34,554
46120053,420,44,376
46120054,491,70,421
46120055,403,3,400
46120056,500,30,470
46120057,707,85,622
46120058,563,51,512
46120059,512,72,440
46120060,666,10,656
46120061,442,3,439
46120062,399,44,355
46120063,667,41,626
46120064,708,31,677
46120065,539,99,440
46120066,381,2,379
46120068,777,44,733
46120069,492,18,474
46120070,769,58,711
46120071,293,13,280
46130049,1125,113,1012
46130050,518,17,501
46130051,1654,156,1498
46130052,941,137,804
46130053,907,41,866
46130054,423,24,399
46130055,798,14,784
46130056,370,1,369
46130058,1097,2,1095
46130059,875,51,824
46130060,604,32,572
46130061,542,8,534
46130062,387,47,340
46130063,466,25,441
46130064,415,22,393
46130065,948,7,941
46130066,984,63,921
46130068,669,32,637
46130069,790,47,743
46130070,471,48,423
46130071,543,73,470
46130072,602,147,455
46130073,365,51,314
46130074,478,72,406
46130075,595,53,542
46130076,524,166,358
46130077,454,193,261
46130078,244,126,118
46130079,554,210,344
46130080,726,326,400
46130081,755,148,607
46130082,528,228,300
46130083,614,165,449
46130084,543,223,320
46130085,480,149,331
46130086,438,54,384
46130087,595,314,281
46130088,412,50,362
46130089,591,104,487
46130090,534,145,389
46130091,516,167,349
46130092,517,122,395
46130093,508,167,341
46130094,476,165,311
46130095,515,244,271
46130096,575,77,498
46130097,528,80,448
46130098,456,24,432
46130099,650,51,599
46130100,989,233,756
46130101,458,29,429
46130102,586,39,547
46130103,610,53,557
46130105,553,72,481
46130106,498,60,438
46130107,527,14,513
46130108,422,55,367
46130109,579,194,385
46130110,639,39,600
46130111,758,46,712
46130112,788,43,745
46130113,501,22,479
46130114,659,52,607
46130115,626,62,564
46130116,810,87,723
46130117,947,28,919
46130118,658,7,651
46130119,692,54,638
46130120,654,66,588
46130121,477,20,457
46130122,576,44,532
46130123,617,131,486
46130124,644,60,584
46130125,531,526,5
46130126,8,2,6
46130127,47,12,35
46130128,418,32,386
46130129,776,81,695
46130130,10,10,0
46130131,1176,21,1155
46130132,991,27,964
46130133,630,37,593
46130134,130,7,123
46140029,517,150,367
46140030,561,104,457
46140031,749,67,682
46140032,359,0,359
46140033,634,10,624
46140034,828,71,757
46140035,436,12,424
46140036,539,0,539
46140037,1116,152,964
46140038,753,33,720
46140039,524,74,450
46140040,512,116,396
46140041,614,51,563
46140042,623,81,542
46140043,708,75,633
46140044,649,4,645
46140045,1061,84,977
46140046,847,70,777
46140047,319,5,314
46140048,756,111,645
46140049,192,10,182
46140050,381,35,346
46140051,479,2,477
46140052,381,33,348
46140053,405,59,346
46140054,526,23,503
46140055,667,128,539
46140056,380,133,247
46140057,424,35,389
46140058,514,94,420
46140059,493,77,416
46140060,364,99,265
46150063,0,0,0
46150064,332,48,284
46150065,5,3,2
46150066,0,0,0
46150067,265,67,198
46150068,603,89,514
46150069,626,13,613
46150070,545,18,527
46150071,340,6,334
46150072,324,1,323
46150073,296,6,290
46150074,384,329,55
46150075,424,4,420
46150076,345,21,324
46150077,340,340,0
46150078,293,2,291
46150079,5,3,2
46150080,449,3,446
46150081,486,19,467
46150083,438,69,369
46150084,536,3,533
46150085,549,5,544
46150086,463,41,422
46150087,476,5,471
46150088,428,12,416
46150089,491,128,363
46150090,457,2,455
46150091,589,18,571
46150092,489,14,475
46150093,514,50,464
46150094,394,4,390
46150095,401,29,372
46150096,403,13,390
46150097,308,8,300
46150098,432,18,414
46150099,416,416,0
46150100,313,9,304
46150102,889,44,845
46150104,516,36,480
46150105,626,40,586
46150106,531,80,451
46150107,555,25,530
46150108,647,3,644
46150109,591,3,588
46150111,469,52,417
46150112,532,24,508
46150113,385,18,367
46150114,409,11,398
46150115,6,6,0
46150116,42,42,0
46160032,237,79,158
46160033,413,30,383
46160034,420,136,284
46160035,463,43,420
46160036,396,5,391
46160037,327,103,224
46160038,459,72,387
46160039,390,0,390
46160040,344,333,11
46160041,415,64,351
46160042,589,6,583
46160043,429,18,411
46160044,404,44,360
46160045,9,8,1
46160046,70,62,8
46160047,435,22,413
46160048,660,53,607
46160049,453,129,324
46160050,366,6,360
46160051,658,656,2
46160052,723,706,17
46160053,450,0,450
46160054,473,45,428
46170057,528,85,443
46170058,563,164,399
46170059,328,4,324
46170060,275,67,208
46170061,490,87,403
46170062,433,33,400
46170063,558,125,433
46170064,674,148,526
46170065,450,118,332
46170066,483,17,466
46170067,526,108,418
46170068,465,74,391
46170069,493,79,414
46170070,451,114,337
46170071,516,181,335
46170072,412,89,323
46170073,458,221,237
46170074,460,78,382
46170075,410,164,246
46170076,544,58,486
46170077,335,77,258
46170078,621,167,454
46170079,505,79,426
46170080,459,24,435
46170081,459,36,423
46170082,323,102,221
46170083,598,71,527
46170084,345,155,190
46170085,492,78,414
46170086,387,39,348
46170087,330,51,279
46170088,374,124,250
46170089,491,143,348
46170090,370,131,239
46170091,561,561,0
46170092,797,797,0
46170093,398,259,139
46170094,439,70,369
46170095,467,226,241
46170096,100,9,91
46170097,337,58,279
46170098,736,59,677
46170099,332,37,295
46170100,320,15,305
46170101,286,8,278
46170102,388,41,347
46170103,401,5,396
46180076,310,107,203
46180077,277,275,2
46180078,19,17,2
46180079,0,0,0
46180080,0,0,0
46180081,0,0,0
46180082,1175,1169,6
46180083,614,137,477
46180084,488,221,267
46180085,449,106,343
46180086,381,92,289
46180087,373,51,322
46180088,924,924,0
46180089,0,0,0
46180090,0,0,0
46180091,0,0,0
46180092,0,0,0
46180093,382,34,348
46180094,454,130,324
46180095,407,144,263
46180096,410,126,284
46180097,388,77,311
46180098,505,216,289
46180099,823,435,388
46180100,303,5,298
46180101,470,28,442
46180102,470,58,412
46180103,516,28,488
46180104,458,13,445
46180105,856,28,828
46180106,484,24,460
46180107,528,118,410
46180108,771,66,705
46180109,660,30,630
46180110,484,42,442
46180111,622,94,528
46180112,555,55,500
46180113,621,69,552
46180114,470,56,414
46180115,740,22,718
46180116,574,77,497
46180117,418,98,320
46180118,551,38,513
46180119,617,142,475
46180120,446,124,322
46180121,539,10,529
46180122,413,103,310
46180123,160,2,158
46180124,531,189,342
46180125,438,5,433
46180126,334,31,303
46180127,517,229,288
46180128,401,172,229
46180129,285,19,266
46190098,17,14,3
46190099,520,437,83
46190100,455,450,5
46190101,947,912,35
46190102,251,248,3
46190103,1026,999,27
46190104,562,331,231
46190105,290,283,7
46190106,854,829,25
46190107,776,750,26
46190108,0,0,0
46190109,224,214,10
46190110,0,0,0
46190111,0,0,0
46190112,0,0,0
46190113,0,0,0
46190114,0,0,0
46190115,93,92,1
46190116,7,4,3
46190117,898,898,0
46190118,754,753,1
46190119,68,61,7
46190120,665,659,6
46190121,590,574,16
46190122,702,702,0
46190123,0,0,0
46190124,420,411,9
46190125,503,502,1
46190126,0,0,0
46190127,0,0,0
46190128,368,229,139
46190129,833,802,31
46190130,644,634,10
46190131,812,808,4
46190132,205,205,0
46190133,1060,1059,1
46190134,322,169,153
46190135,412,389,23
46190136,438,286,152
46190137,681,664,17
46190138,581,527,54
46190139,884,876,8
46190140,22,20,2
46200029,59,6,53
46200030,299,173,126
46200031,247,154,93
46200032,509,55,454
46200033,254,78,176
46200034,422,25,397
46200035,561,110,451
46200036,391,60,331
46200037,418,23,395
46200038,477,153,324
46200039,427,77,350
46200040,464,132,332
46200041,585,209,376
46200042,489,22,467
46200043,422,0,422
46200044,417,39,378
46200045,337,12,325
46200046,521,173,348
46200047,285,1,284
46200048,336,4,332
46200049,80,1,79
46200050,392,108,284
46200051,407,63,344
46200052,463,51,412
46210058,428,34,394
46210059,466,15,451
46210060,396,49,347
46210061,416,45,371
46210062,412,57,355
46210063,427,27,400
46210064,349,29,320
46210065,384,61,323
46210066,376,74,302
46210067,323,24,299
46210068,468,157,311
46210069,401,157,244
46210070,257,49,208
46210071,0,0,0
46210072,599,202,397
46210073,547,102,445
46210074,104,67,37
46210075,427,120,307
46210076,0,0,0
46210077,0,0,0
46210078,591,263,328
46210079,40,38,2
46210080,583,249,334
46210081,394,169,225
46210082,402,180,222
46210083,363,143,220
46210084,482,217,265
46210085,516,242,274
46210086,386,81,305
46210087,201,112,89
46210088,317,95,222
46210089,18,14,4
46210090,553,166,387
46210091,320,288,32
46210092,296,62,234
46210093,2006,2004,2
46210094,251,251,0
46210095,73,52,21
46210096,41,41,0
46210097,138,137,1
46210098,380,216,164
46210099,219,189,30
46210100,496,179,317
46210101,599,215,384
46210104,268,217,51
46210105,897,892,5
46210106,327,327,0
46210107,955,949,6
46210108,575,2,573
46210109,336,14,322
46210110,466,416,50
46210112,1141,1141,0
46220082,0,0,0
46220083,557,117,440
46220084,0,0,0
46220085,484,484,0
46220086,0,0,0
46220088,2172,2163,9
46220089,0,0,0
46220090,10,6,4
46220091,0,0,0
46220092,323,71,252
46220093,546,93,453
46220094,824,426,398
46220095,580,316,264
46220096,463,137,326
46220097,357,277,80
46220098,649,470,179
46220099,835,169,666
46220100,532,68,464
46220101,532,161,371
46220102,473,218,255
46220103,566,232,334
46220104,622,148,474
46220105,512,158,354
46220106,611,242,369
46220107,431,73,358
46220108,478,134,344
46220109,661,188,473
46220110,622,289,333
46220111,541,111,430
46220112,823,263,560
46220113,648,124,524
46220114,382,132,250
46220115,435,142,293
46220116,373,162,211
46220117,671,56,615
46220118,668,419,249
46220119,0,0,0
46220120,0,0,0
46220121,0,0,0
46220124,595,587,8
46220125,472,464,8
46220126,763,753,10
46220127,0,0,0
46220128,31,30,1
46220129,35,34,1
46220130,0,0,0
46220131,0,0,0
46220132,26,25,1
46220133,546,546,0
46220134,0,0,0
46220135,2358,2293,65
46220136,619,618,1
46220137,963,963,0
46220138,0,0,0
46220139,0,0,0
46220140,0,0,0
46220141,1004,869,135
46220143,727,727,0
46220144,0,0,0
46220145,698,679,19
46220146,0,0,0
46220147,219,217,2
46220148,179,178,1
46220149,755,755,0
46220150,2084,2069,15
46220151,368,368,0
46220152,1342,1342,0
46220153,1224,1224,0
46220154,855,855,0
46220155,1513,1502,11
46220156,6,6,0
46220157,2045,2045,0
46220158,1481,1478,3
46220159,715,715,0
46220160,2109,2103,6
46220162,1101,1099,2
46220163,1044,1035,9
46220164,0,0,0
46220165,808,785,23
46220166,121,117,4
46220167,0,0,0
46220168,0,0,0
46230029,762,734,28
46230031,0,0,0
46230032,346,328,18
46230033,0,0,0
46230034,10,8,2
46230035,0,0,0
46230036,0,0,0
46230037,477,196,281
46230039,0,0,0
46230040,0,0,0
46230041,1091,1090,1
46230043,0,0,0
46230044,280,258,22
46230045,348,340,8
46230046,1063,1057,6
46230047,22,22,0
46230048,0,0,0
46230049,0,0,0
46230050,831,212,619
46230051,168,166,2
46230052,0,0,0
46230053,508,290,218
46230054,540,284,256
46230055,392,201,191
46230056,470,459,11
46230057,1345,1337,8
46230060,410,396,14
46230061,436,373,63
46230062,0,0,0
47010137,228,4,224
47010138,597,3,594
47010139,246,9,237
47010140,546,72,474
47010141,334,2,332
47010142,42,35,7
47010143,343,8,335
47010144,342,49,293
47010145,489,8,481
47010146,50,2,48
47010147,485,23,462
47010148,585,2,583
47010149,357,7,350
47010150,127,1,126
47010151,306,2,304
47010152,116,2,114
47010153,307,33,274
47010154,244,26,218
47010155,256,2,254
47010156,436,2,434
47010157,539,67,472
47010158,523,15,508
47010159,168,2,166
47010160,482,2,480
47010161,586,2,584
47010162,799,12,787
47010163,397,2,395
47010164,395,3,392
47010165,387,2,385
47010166,677,19,658
47010167,485,2,483
47010168,787,104,683
47010169,413,3,410
47010170,1416,7,1409
47010171,408,38,370
47010172,485,18,467
47010173,495,18,477
47010174,832,1,831
47010175,233,2,231
47010176,515,25,490
47010177,467,18,449
47010178,515,24,491
47010179,542,69,473
47010180,458,5,453
47010181,493,66,427
47010182,914,82,832
47010183,421,131,290
47010184,481,9,472
47010185,474,3,471
47010186,654,18,636
47010187,489,13,476
47010188,666,50,616
47010189,708,102,606
47010190,682,58,624
47010191,415,20,395
47010192,404,128,276
47010193,386,2,384
47010194,167,9,158
47010195,112,6,106
47010196,117,15,102
47010197,284,3,281
47010198,60,2,58
47010199,48,40,8
47010200,639,10,629
47010202,5,5,0
47010204,14,14,0
47010205,174,173,1
47010206,0,0,0
47010207,5,4,1
47010208,5,5,0
47010209,5,5,0
47010210,16,13,3
47010211,10,9,1
47010212,5,3,2
47010213,14,14,0
47010214,5,4,1
47010218,156,51,105
47010219,697,3,694
47010221,310,65,245
47010222,709,560,149
47010223,534,81,453
47010226,244,8,236
47010227,0,0,0
47010228,0,0,0
47010229,0,0,0
47010231,0,0,0
47010232,285,3,282
47010234,0,0,0
47010235,57,57,0
47010238,350,38,312
47010240,519,2,517
47010241,699,8,691
47010242,298,2,296
47020103,388,41,347
47020104,241,0,241
47020105,0,0,0
47020106,259,4,255
47020107,0,0,0
47020108,741,48,693
47020109,0,0,0
47020110,0,0,0
47020111,0,0,0
47020112,0,0,0
47020113,0,0,0
47020114,208,9,199
47020115,515,16,499
47020116,199,13,186
47020117,333,0,333
47020118,247,9,238
47020119,223,20,203
47020120,206,8,198
47020121,119,21,98
47020124,310,14,296
47020125,33,8,25
47020126,469,0,469
47020127,380,24,356
47020128,655,17,638
47020129,376,43,333
47020130,512,18,494
47020131,547,10,537
47020132,477,16,461
47020133,590,3,587
47020134,617,3,614
47020135,366,1,365
47020136,446,29,417
47020137,499,6,493
47020138,1226,4,1222
47020139,536,3,533
47020140,487,3,484
47020141,610,71,539
47020142,679,11,668
47020143,127,0,127
47020144,1053,5,1048
47020145,731,19,712
47020146,549,44,505
47020147,680,3,677
47020148,393,13,380
47020149,231,0,231
47020150,21,7,14
47020151,121,2,119
47020152,305,0,305
47020153,472,0,472
47020154,588,0,588
47020155,292,28,264
47020156,626,45,581
47020157,129,92,37
47020158,332,0,332
47020159,273,7,266
47020160,262,0,262
47020161,51,14,37
47020162,257,11,246
47020163,33,15,18
47020164,165,20,145
47020165,58,14,44
47020166,61,37,24
47020167,143,1,142
47020168,269,8,261
47020169,351,2,349
47020170,272,9,263
47020171,0,0,0
47020172,428,0,428
47020174,314,16,298
47020176,816,53,763
47030078,88,7,81
47030079,299,2,297
47030080,132,2,130
47030081,177,5,172
47030082,234,27,207
47030083,55,16,39
47030084,71,52,19
47030085,113,80,33
47030086,447,3,444
47030087,361,2,359
47030088,495,58,437
47030089,476,1,475
47030090,547,37,510
47030091,236,6,230
47030092,311,4,307
47030093,116,40,76
47030094,277,2,275
47030095,393,30,363
47030096,472,8,464
47030097,443,13,430
47030098,423,14,409
47030099,504,49,455
47030100,173,2,171
47030101,354,11,343
47030102,247,8,239
47030103,304,24,280
47030104,298,28,270
47030105,278,50,228
47030106,194,1,193
47030107,437,1,436
47030108,361,13,348
47030109,20,12,8
47030110,20,4,16
47030111,326,4,322
47030112,293,35,258
47030113,193,2,191
47030114,69,9,60
47030115,272,4,268
47030116,516,2,514
47030117,58,4,54
47030118,244,11,233
47030119,285,5,280
47030120,327,2,325
47040055,322,24,298
47040056,391,5,386
47040057,540,44,496
47040058,397,15,382
47040059,325,2,323
47040060,475,40,435
47040061,488,121,367
47040062,60,60,0
47040063,22,21,1
47040064,301,29,272
47040065,116,116,0
47040066,225,1,224
47040067,64,2,62
47040068,278,11,267
47040069,220,5,215
47040070,383,1,382
47040071,361,17,344
47040072,445,15,430
47040073,452,11,441
47040074,425,34,391
47040075,187,40,147
47040076,97,3,94
47040077,416,7,409
47040078,32,9,23
47040079,237,6,231
47040080,128,11,117
47040081,154,14,140
47040082,19,19,0
47040083,204,9,195
47040084,221,11,210
47040085,385,17,368
47040086,385,12,373
47040087,481,44,437
47040088,378,1,377
47040089,73,4,69
47050148,41,29,12
47050149,518,11,507
47050150,32,16,16
47050151,30,22,8
47050152,338,4,334
47050153,600,13,587
47050154,515,162,353
47050155,497,4,493
47050156,582,5,577
47050157,437,63,374
47050158,437,36,401
47050159,504,47,457
47050160,558,34,524
47050161,459,1,458
47050162,429,3,426
47050163,0,0,0
47050164,24,24,0
47050165,0,0,0
47050166,357,0,357
47050167,450,0,450
47050168,375,0,375
47050169,369,0,369
47050170,336,0,336
47050171,481,0,481
47050172,454,0,454
47050173,301,0,301
47050174,69,0,69
47050175,558,19,539
47050176,58,45,13
47050177,592,43,549
47050178,551,2,549
47050179,324,0,324
47050180,168,17,151
47050181,143,1,142
47050182,93,11,82
47050183,520,18,502
47050184,364,62,302
47050185,517,28,489
47050186,134,30,104
47050188,87,0,87
47050190,474,41,433
47050192,549,24,525
47050193,510,4,506
47050195,289,19,270
47050196,330,6,324
47050197,0,0,0
47050198,404,21,383
47050199,0,0,0
47050200,302,7,295
47050201,0,0,0
47050202,5,4,1
47050203,0,0,0
47050204,375,21,354
47050205,439,1,438
47050206,426,425,1
47050207,2,2,0
47050208,398,12,386
47050209,117,6,111
47050210,0,0,0
47050211,43,20,23
47050212,538,0,538
47050213,15,9,6
47050214,209,8,201
47050215,58,0,58
47050216,19,13,6
47050217,110,22,88
47050218,140,126,14
47050219,538,470,68
47050220,498,59,439
47050221,518,518,0
47050222,0,0,0
47050223,0,0,0
47050224,0,0,0
47050225,0,0,0
47050226,0,0,0
47050227,0,0,0
47050228,0,0,0
47050229,0,0,0
47050230,0,0,0
47050231,491,67,424
47050232,513,25,488
47050233,549,21,528
47050234,375,18,357
47050235,354,5,349
47050236,415,72,343
47050237,382,7,375
47050238,182,0,182
47050239,215,0,215
47050240,459,24,435
47050241,536,16,520
47050242,507,0,507
47050243,370,2,368
47050244,66,41,25
47050245,261,39,222
47050246,313,81,232
47050247,413,0,413
47050248,39,20,19
47050249,31,5,26
47050250,366,0,366
47050251,0,0,0
47050252,0,0,0
47050253,0,0,0
47050254,0,0,0
47050255,0,0,0
47050256,0,0,0
47050257,0,0,0
47050258,0,0,0
47050259,0,0,0
47050260,507,65,442
47050261,432,31,401
47050262,488,4,484
47050263,503,10,493
47050264,529,1,528
47050266,526,95,431
47050267,652,19,633
47050268,486,0,486
47060129,323,5,318
47060130,550,13,537
47060131,503,77,426
47060132,562,7,555
47060133,485,17,468
47060134,491,27,464
47060135,493,24,469
47060136,492,19,473
47060137,623,15,608
47060138,497,8,489
47060139,475,33,442
47060140,579,22,557
47060141,551,7,544
47060142,748,44,704
47060143,741,8,733
47060144,897,3,894
47060145,988,7,981
47060146,334,5,329
47060147,542,28,514
47060148,499,4,495
47060149,395,13,382
47060150,382,30,352
47060151,875,102,773
47060152,981,34,947
47060153,536,20,516
47060154,565,22,543
47060155,813,11,802
47060156,713,78,635
47060157,491,2,489
47060160,467,5,462
47060161,686,66,620
47060162,365,29,336
47060163,523,23,500
47060164,564,2,562
47060165,455,1,454
47060166,576,79,497
47060176,549,48,501
47060177,513,40,473
47060178,444,14,430
47060179,539,18,521
47060180,498,43,455
47060181,626,121,505
47060182,552,85,467
47060183,576,152,424
47060184,560,68,492
47060185,625,169,456
47060186,455,26,429
47060187,756,279,477
47060188,860,95,765
47060189,593,18,575
47060190,661,6,655
47060191,556,4,552
47060192,582,22,560
47060193,594,96,498
47060194,636,45,591
47060195,499,29,470
47060197,422,9,413
47060200,351,7,344
47060205,484,3,481
47060206,476,27,449
47060207,516,13,503
47060208,483,1,482
47060209,296,47,249
47060210,427,43,384
47060211,408,0,408
47060212,499,23,476
47060213,1543,167,1376
47060214,634,1,633
47060215,1326,32,1294
47060216,404,16,388
47060217,564,8,556
47060218,480,11,469
47060219,468,81,387
47060220,555,38,517
47060221,513,1,512
47060222,544,79,465
47060223,418,86,332
47060224,301,10,291
47060225,508,122,386
47060226,644,8,636
47060227,445,16,429
47060228,983,153,830
47060229,1442,41,1401
47060231,492,51,441
47060232,466,27,439
47060233,408,25,383
47060234,384,117,267
47060235,569,97,472
47060236,457,136,321
47060237,414,5,409
47060238,1583,389,1194
47060239,1847,23,1824
47060240,629,95,534
47060241,756,63,693
47060248,579,31,548
47060249,608,99,509
47060252,813,109,704
47060253,642,11,631
47060254,672,160,512
47060255,519,53,466
47060256,469,15,454
47060257,542,220,322
47060258,487,31,456
47060259,492,26,466
47060260,583,114,469
47060261,625,54,571
47060262,468,185,283
47060263,518,112,406
47060264,832,109,723
47060265,542,58,484
47060266,581,140,441
47060267,653,57,596
47060268,596,26,570
47060269,975,25,950
47060270,579,43,536
47060271,381,12,369
47060273,458,122,336
47060276,428,32,396
47060277,464,36,428
47060278,391,21,370
47060279,540,94,446
47060280,445,37,408
47060281,553,59,494
47060282,598,127,471
47060283,529,0,529
47060284,513,65,448
47060285,537,3,534
47060286,500,60,440
47060287,445,91,354
47060288,457,39,418
47060289,545,187,358
47060290,431,256,175
47060291,433,291,142
47060292,404,284,120
47060293,363,253,110
47060294,373,88,285
47060295,523,327,196
47060296,353,218,135
47060297,693,55,638
47060298,646,171,475
47060299,505,160,345
47060300,524,197,327
47060301,574,308,266
47060302,489,315,174
47060303,436,159,277
47060304,490,123,367
47060305,440,74,366
47060306,533,54,479
47060307,668,152,516
47060308,581,135,446
47060309,742,104,638
47060310,503,25,478
47060311,590,148,442
47060312,535,102,433
47060313,419,3,416
47060314,434,5,429
47060315,478,54,424
47060316,447,32,415
47060317,408,20,388
47060318,466,162,304
47060319,560,84,476
47060320,833,142,691
47060321,512,132,380
47060322,476,85,391
47060323,547,1,546
47060324,439,30,409
47060325,449,29,420
47060326,537,9,528
47060327,491,101,390
47060328,396,19,377
47060329,433,7,426
47060330,437,12,425
47060331,315,5,310
47060332,409,107,302
47060333,556,21,535
47060334,538,14,524
47060335,913,90,823
47060336,532,75,457
47060337,561,37,524
47060339,797,116,681
47060340,549,1,548
47060341,599,73,526
47060342,460,25,435
47060343,460,70,390
47060345,730,51,679
47060346,757,61,696
47060347,415,38,377
47060348,430,102,328
47060349,436,7,429
47060350,660,162,498
47060351,689,93,596
47060352,543,1,542
47060353,443,43,400
47060354,516,5,511
47060355,397,84,313
47060356,702,120,582
47060357,491,166,325
47060358,663,7,656
47060359,706,8,698
47060360,614,16,598
47060361,541,40,501
47060362,649,4,645
47060363,418,7,411
47060364,560,145,415
47060365,568,67,501
47060366,784,100,684
47060367,247,45,202
47060368,432,58,374
47060369,333,22,311
47060370,383,71,312
47060371,602,145,457
47060372,494,62,432
47060380,367,15,352
47060381,512,82,430
47060382,411,175,236
47060383,541,88,453
47060384,655,83,572
47060386,507,2,505
47060388,427,11,416
47060389,420,9,411
47060391,317,16,301
47060392,394,58,336
47060393,545,29,516
47060394,464,18,446
47060397,761,23,738
47060398,424,28,396
47060399,681,9,672
47060401,701,82,619
47060402,609,60,549
47060403,518,28,490
47060404,609,6,603
47060405,720,140,580
47060406,622,130,492
47060407,548,121,427
47060408,907,520,387
47060409,569,167,402
47060410,533,219,314
47060411,481,146,335
47060412,472,163,309
47060413,726,417,309
47060414,498,366,132
47060415,578,2,576
47060416,584,12,572
47060417,556,52,504
47060418,390,27,363
47060419,586,100,486
47060420,939,101,838
47060421,362,29,333
47060423,505,300,205
47060424,461,34,427
47060425,477,26,451
47060426,425,6,419
47060427,461,77,384
47060428,431,18,413
47060429,460,32,428
47060430,905,11,894
47060432,466,52,414
47060433,368,46,322
47060434,346,52,294
47060435,470,151,319
47060436,567,105,462
47060437,595,28,567
47060438,544,199,345
47060439,427,11,416
47060440,509,142,367
47060441,552,102,450
47060442,445,30,415
47060443,617,244,373
47060444,587,102,485
47060445,789,180,609
47060446,561,85,476
47060448,595,116,479
47060449,528,1,527
47060450,870,34,836
47060451,265,99,166
47060452,302,39,263
47060453,624,53,571
47060454,824,195,629
47060455,747,12,735
47060456,686,15,671
47060486,375,13,362
47060487,810,127,683
47060488,558,1,557
47060489,813,9,804
47060490,570,37,533
47060491,592,31,561
47060492,593,2,591
47060493,686,45,641
47060494,544,40,504
47060495,667,48,619
47060503,1116,142,974
47060504,772,4,768
47060505,1217,43,1174
47060506,1170,94,1076
47060507,853,78,775
47060509,549,38,511
47060510,28,2,26
47060511,326,2,324
47060512,38,29,9
47060513,97,3,94
47060514,267,87,180
47060515,106,71,35
47060516,54,1,53
47060517,86,60,26
47060518,767,21,746
47060519,812,21,791
47060520,77,63,14
47060521,121,1,120
47060522,32,27,5
47060523,71,45,26
47060524,18,12,6
47060525,277,67,210
47060526,89,2,87
47060527,676,1,675
47060528,73,1,72
47060529,227,16,211
47060530,474,66,408
47060531,35,25,10
47060532,657,1,656
47060533,632,84,548
47060534,592,22,570
47060535,558,20,538
47060536,533,67,466
47060537,829,6,823
47060538,756,116,640
47060539,70,5,65
47060541,47,27,20
47060544,464,8,456
47060545,633,2,631
47060546,92,19,73
47060547,264,1,263
47060548,581,7,574
47060549,75,0,75
47060550,173,11,162
47060551,325,8,317
47060552,249,18,231
47060556,461,11,450
47060557,352,28,324
47060558,266,5,261
47060560,798,31,767
47060563,253,6,247
47060566,545,9,536
47060570,460,41,419
47060571,447,12,435
47060572,831,13,818
47060573,457,45,412
47060574,516,69,447
47060575,552,3,549
47060576,799,208,591
47060577,798,1,797
47060578,455,4,451
47060579,714,2,712
47060580,384,1,383
47060581,236,9,227
47060582,212,20,192
47060583,415,1,414
47060584,659,16,643
47060585,442,1,441
47060586,703,58,645
47060587,671,22,649
47060588,493,9,484
47060589,545,535,10
47060590,415,1,414
47060591,561,561,0
47060592,394,12,382
47060593,358,8,350
47060594,210,17,193
47060596,278,274,4
47060597,540,1,539
47060598,59,46,13
47060599,854,77,777
47060600,410,4,406
47060601,257,1,256
47060602,205,1,204
47060603,1,0,1
47060604,1,0,1
47060605,179,179,0
47060606,181,179,2
47060607,143,143,0
47060608,525,513,12
47060609,377,1,376
47060610,539,57,482
47060611,218,26,192
47060612,313,7,306
47060613,0,0,0
47060614,349,12,337
47060615,127,30,97
47060616,615,48,567
47060617,372,128,244
47060618,482,40,442
47060619,504,42,462
47060620,434,422,12
47060621,516,31,485
47060622,506,67,439
47060623,90,1,89
47060624,158,3,155
47060625,481,7,474
47060626,218,1,217
47060627,494,270,224
47060628,561,106,455
47060629,0,0,0
47060630,519,101,418
47060631,17,15,2
47060632,72,72,0
47060635,4,3,1
47060637,731,13,718
47060638,380,9,371
47060639,387,6,381
47060640,853,33,820
47060641,608,9,599
47060643,524,12,512
47060644,379,69,310
47060645,541,8,533
47060646,658,24,634
47060647,308,5,303
47060648,328,6,322
47060649,391,6,385
47060650,451,39,412
47060651,684,41,643
47060652,825,6,819
47060653,673,2,671
47060654,502,9,493
47060655,501,10,491
47060656,468,9,459
47060657,420,4,416
47060658,588,5,583
47060659,582,46,536
47060660,594,22,572
47060661,280,15,265
47060662,995,142,853
47060663,553,69,484
47060664,714,74,640
47060668,1219,8,1211
47060669,1036,58,978
47060671,939,23,916
47060672,668,55,613
47060673,1390,103,1287
47060674,497,9,488
47060675,1306,82,1224
47060676,818,1,817
47060677,874,99,775
47060678,6320,434,5886
47060680,427,3,424
47060681,308,6,302
47060682,494,82,412
47060685,701,2,699
47060688,426,6,420
47060689,374,15,359
47060694,0,0,0
47060695,3987,25,3962
47060696,2128,114,2014
47060698,3232,264,2968
47060699,444,42,402
47060703,3323,42,3281
47060704,6378,85,6293
47062470,9970,62,9908
47062471,467,11,456
47062473,146,1,145
47062479,553,58,495
47062481,1386,79,1307
47062483,525,9,516
47062484,2,2,0
47062485,551,539,12
47062486,0,0,0
47062487,683,9,674
47062488,0,0,0
47062489,0,0,0
47062490,5,1,4
47062491,657,22,635
47062493,637,21,616
47062495,2956,88,2868
47062496,17,16,1
47062498,230,149,81
47070122,233,0,233
47070123,494,24,470
47070124,50,17,33
47070125,197,2,195
47070126,137,0,137
47070127,80,33,47
47070128,124,71,53
47070129,75,0,75
47070130,197,4,193
47070131,119,0,119
47070132,59,19,40
47070134,100,0,100
47070135,16,4,12
47070137,129,7,122
47070138,120,5,115
47070139,456,6,450
47070140,1043,48,995
47070141,895,27,868
47070142,483,4,479
47070143,490,13,477
47070144,482,42,440
47070145,524,62,462
47070146,223,8,215
47070147,488,19,469
47070148,467,27,440
47070149,535,13,522
47070150,462,18,444
47070151,509,78,431
47070152,342,8,334
47070153,415,6,409
47070154,396,9,387
47070155,439,4,435
47070156,434,4,430
47070157,751,60,691
47070158,540,33,507
47070159,573,48,525
47070160,542,89,453
47070161,473,5,468
47070162,469,57,412
47070163,412,4,408
47070164,560,13,547
47070165,782,74,708
47070166,668,5,663
47070167,722,25,697
47070168,2144,66,2078
47070169,446,4,442
47070170,462,9,453
47070171,687,78,609
47070172,382,27,355
47070173,377,70,307
47070174,400,62,338
47070175,523,25,498
47070176,462,22,440
47070177,583,8,575
47070178,544,18,526
47070179,402,3,399
47070180,612,60,552
47070181,345,5,340
47070182,500,5,495
47070183,530,10,520
47070184,498,24,474
47070185,272,7,265
47070186,539,3,536
47070187,469,40,429
47070188,513,16,497
47070189,401,69,332
47070190,444,78,366
47070191,464,72,392
47070192,805,49,756
47070193,406,8,398
47070194,544,64,480
47070195,1060,47,1013
47070196,453,53,400
47070197,221,6,215
47070198,373,2,371
47070199,514,1,513
47070200,641,5,636
47070201,429,50,379
47070202,359,5,354
47070203,586,5,581
47070204,519,5,514
47070205,534,1,533
47070206,99,11,88
47070207,610,18,592
47070208,571,1,570
47070209,468,0,468
47070210,151,0,151
47070211,264,0,264
47070212,89,0,89
47070213,31,23,8
47070214,207,14,193
47070215,21,12,9
47070216,262,5,257
47070217,176,0,176
47070218,506,2,504
47070219,437,9,428
47070220,54,27,27
47070221,283,0,283
47070222,196,0,196
47070223,79,49,30
47070224,298,26,272
47070225,229,30,199
47070226,144,0,144
47070227,279,12,267
47070228,228,0,228
47070229,342,5,337
47070230,111,0,111
47070231,236,0,236
47070232,354,4,350
47070233,15,1,14
47070234,254,0,254
47070235,361,13,348
47070236,447,15,432
47070237,267,0,267
47070238,41,28,13
47070239,381,51,330
47070240,328,0,328
47070244,191,93,98
47080100,5,1,4
47080101,369,0,369
47080102,515,29,486
47080103,261,20,241
47080104,395,33,362
47080105,495,26,469
47080106,516,1,515
47080107,221,6,215
47080108,130,7,123
47080109,10,6,4
47080110,70,55,15
47080111,146,6,140
47080112,94,3,91
47080113,248,0,248
47080114,140,14,126
47080115,31,27,4
47080116,406,15,391
47080117,434,8,426
47080118,101,7,94
47080119,284,23,261
47080120,106,6,100
47080121,145,15,130
47080122,190,0,190
47080123,248,20,228
47080124,135,0,135
47080125,31,21,10
47080126,206,9,197
47080127,106,12,94
47080128,200,0,200
47080129,151,0,151
47080130,453,20,433
47080131,543,9,534
47080132,359,0,359
47080133,49,5,44
47080135,599,18,581
47080136,386,13,373
47080137,404,2,402
47080138,333,51,282
47080139,449,20,429
47080140,552,39,513
47080141,515,36,479
47080142,638,59,579
47080143,501,41,460
47080144,416,45,371
47080145,358,2,356
47080146,389,7,382
47080147,487,38,449
47080148,406,12,394
47080149,596,33,563
47080150,498,2,496
47080151,597,19,578
47080152,529,3,526
47080154,647,13,634
47080156,617,3,614
47080157,521,2,519
47080158,431,42,389
47080159,499,3,496
47080160,567,40,527
47080161,502,82,420
47080162,501,2,499
47080166,554,0,554
47080167,332,1,331
47080168,95,5,90
47080169,46,6,40
47080170,416,0,416
47080171,375,0,375
47080172,130,1,129
47080173,519,1,518
47080174,428,3,425
47080175,312,17,295
47080176,468,1,467
47080180,1347,38,1309
47080181,695,3,692
47080182,775,1,774
47080184,550,27,523
47080186,627,3,624
47080187,603,3,600
47090138,422,41,381
47090139,63,3,60
47090140,510,12,498
47090141,647,18,629
47090142,449,32,417
47090143,628,14,614
47090144,288,16,272
47090145,224,24,200
47090146,446,8,438
47090147,464,12,452
47090148,442,31,411
47090149,612,18,594
47090150,378,0,378
47090151,43,1,42
47090152,392,16,376
47090153,0,0,0
47090154,147,137,10
47090155,5,5,0
47090156,1,1,0
47090157,1,1,0
47090158,415,16,399
47090159,307,2,305
47090160,96,3,93
47090161,68,8,60
47090162,274,0,274
47090163,276,9,267
47090164,24,14,10
47090165,221,6,215
47090166,294,33,261
47090167,0,0,0
47090168,5,5,0
47090169,507,507,0
47090170,754,748,6
47090171,529,2,527
47090172,85,66,19
47090173,481,32,449
47090174,437,39,398
47090175,440,87,353
47090176,471,80,391
47090177,380,2,378
47090178,0,0,0
47090179,0,0,0
47090180,0,0,0
47090181,0,0,0
47090182,0,0,0
47090183,0,0,0
47090184,0,0,0
47090185,0,0,0
47090186,0,0,0
47090187,0,0,0
47090188,90,10,80
47090189,412,27,385
47090190,427,73,354
47090191,6,1,5
47090192,173,2,171
47090193,1658,28,1630
47090194,439,7,432
47090195,433,22,411
47090196,616,10,606
47090197,682,149,533
47090198,466,7,459
47090199,416,13,403
47090200,449,90,359
47090201,529,380,149
47090202,395,3,392
47090203,444,34,410
47090204,593,56,537
47090205,502,47,455
47090206,600,7,593
47090207,675,87,588
47090208,463,4,459
47090209,750,5,745
47090210,540,8,532
47090211,527,241,286
47090212,475,170,305
47090213,383,3,380
47090214,460,100,360
47090215,445,22,423
47090218,527,6,521
47090219,60,7,53
47090221,192,11,181
47090222,510,63,447
47090224,320,45,275
47090225,105,18,87
47090226,359,3,356
47090227,303,3,300
47090228,334,2,332
47090229,82,9,73
47090230,257,51,206
47090231,515,22,493
47090232,178,2,176
47090234,428,32,396
47090235,427,17,410
47090237,452,5,447
47090238,444,151,293
47090239,407,36,371
47090240,580,2,578
47090241,192,9,183
47090243,0,0,0
47090246,359,42,317
47090247,488,11,477
47090248,835,63,772
47090250,415,13,402
47090251,458,1,457
47090252,5,3,2
47100133,309,2,307
47100134,322,32,290
47100135,327,3,324
47100136,376,15,361
47100137,375,30,345
47100138,427,23,404
47100139,403,18,385
47100140,368,21,347
47100141,439,21,418
47100142,2,2,0
47100143,0,0,0
47100144,5,4,1
47100145,25,25,0
47100146,0,0,0
47100147,376,376,0
47100148,377,17,360
47100149,84,0,84
47100150,13,4,9
47100151,572,59,513
47100152,0,0,0
47100153,475,1,474
47100154,593,54,539
47100155,25,16,9
47100156,9,6,3
47100157,320,1,319
47100158,80,5,75
47100159,397,3,394
47100160,0,0,0
47100161,0,0,0
47100162,5,5,0
47100163,5,5,0
47100164,27,6,21
47100165,422,422,0
47100166,78,2,76
47100167,271,1,270
47100168,5,4,1
47100169,0,0,0
47100170,0,0,0
47100171,0,0,0
47100172,0,0,0
47100173,4,1,3
47100174,0,0,0
47100175,212,3,209
47100176,48,28,20
47100177,0,0,0
47100178,0,0,0
47100179,0,0,0
47100180,0,0,0
47100181,0,0,0
47100182,1,0,1
47100183,1,0,1
47100184,2,1,1
47100185,0,0,0
47100186,0,0,0
47100187,5,5,0
47100188,0,0,0
47100189,242,7,235
47100190,830,830,0
47100191,0,0,0
47100192,60,44,16
47100193,50,24,26
47100194,211,3,208
47100195,101,41,60
47100196,212,107,105
47100197,535,14,521
47100198,746,733,13
47100199,507,12,495
47100200,15,8,7
47100201,0,0,0
47100202,0,0,0
47100203,0,0,0
47100204,0,0,0
47100205,0,0,0
47100206,0,0,0
47100207,0,0,0
47100208,0,0,0
47100209,0,0,0
47100210,0,0,0
47100211,0,0,0
47100212,0,0,0
47100213,0,0,0
47100214,0,0,0
47100215,0,0,0
47100216,0,0,0
47100217,147,144,3
47100218,0,0,0
47100219,0,0,0
47100220,4,2,2
47100221,0,0,0
47100222,0,0,0
47100223,0,0,0
47100224,497,23,474
47100225,395,31,364
47100226,427,2,425
47100227,386,2,384
47100228,220,1,219
47100229,89,8,81
47100232,280,33,247
47100233,191,3,188
47100234,349,4,345
47100235,644,29,615
47100236,32,27,5
47100237,500,13,487
47100239,429,3,426
47110021,774,18,756
47110022,373,10,363
47110027,586,52,534
47110028,412,52,360
47110029,394,8,386
47110030,690,31,659
47110031,567,128,439
47110032,279,25,254
47110033,486,2,484
47110035,483,94,389
47110038,924,24,900
47110039,819,2,817
47110040,274,1,273
47110041,672,73,599
47110042,756,51,705
47110043,325,9,316
47110044,390,13,377
47110045,694,52,642
47110046,312,0,312
47110047,476,22,454
47110048,552,21,531
47110049,579,85,494
47110050,518,102,416
47110051,611,3,608
47110052,468,11,457
47110053,602,4,598
47110054,450,156,294
47110055,562,83,479
47110056,507,29,478
47110057,568,41,527
47110058,554,7,547
47110059,681,6,675
47110060,519,9,510
47110061,509,86,423
47110062,727,43,684
47110063,437,25,412
47110064,405,21,384
47110065,531,43,488
47110066,727,12,715
47110067,237,13,224
47110068,348,176,172
47110069,481,119,362
47110070,613,142,471
47110074,733,27,706
47110075,513,55,458
47110076,571,120,451
47110077,718,75,643
47110078,479,33,446
47110079,707,102,605
47110080,593,23,570
47110081,607,44,563
47110082,581,6,575
47110083,631,42,589
47110084,582,18,564
47110085,484,3,481
47110086,569,51,518
47110087,543,55,488
47110088,608,30,578
47110089,521,8,513
47110090,435,15,420
47110091,1183,40,1143
47110092,665,3,662
47110093,466,26,440
47110094,666,25,641
47110095,751,58,693
47110096,403,3,400
47110097,479,6,473
47110098,451,46,405
47110099,543,18,525
47110100,752,48,704
47110101,574,13,561
47110102,771,33,738
47110103,543,75,468
47110104,514,15,499
47110105,582,74,508
47110106,491,11,480
47110107,45,0,45
47110108,879,2,877
47110109,716,1,715
47110110,584,51,533
47110111,481,124,357
47110112,837,45,792
47110113,267,2,265
47110114,313,2,311
47110116,464,41,423
47110123,966,2,964
47110126,433,6,427
47110127,516,9,507
47110128,571,53,518
47110129,705,47,658
47110130,1018,46,972
47110131,284,6,278
47110132,1009,49,960
47110133,268,1,267
47110134,1180,75,1105
47110143,311,2,309
47110144,821,19,802
47110145,556,61,495
47110146,419,32,387
47110147,744,3,741
47110148,644,16,628
47110149,446,44,402
47110151,489,31,458
47110152,393,44,349
47110153,592,108,484
47110154,331,17,314
47110155,295,56,239
47110157,581,1,580
47110160,729,38,691
47110161,606,1,605
47110162,302,3,299
47110163,600,3,597
47110164,502,52,450
47110165,469,84,385
47110166,296,8,288
47110167,415,24,391
47110168,452,45,407
47110169,610,19,591
47110170,468,21,447
47110179,664,95,569
47110180,566,100,466
47110181,556,69,487
47110182,673,42,631
47110183,544,43,501
47110184,526,56,470
47110185,773,35,738
47110186,484,12,472
47110187,657,20,637
47110188,697,184,513
47110189,670,63,607
47110190,498,122,376
47110191,637,87,550
47110193,314,19,295
47110194,7299,323,6976
47110287,304,2,302
47110288,485,41,444
47110290,552,13,539
47110291,534,24,510
47110292,500,22,478
47110293,738,37,701
47110295,626,130,496
47110296,771,82,689
47110297,430,82,348
47110299,337,10,327
47110300,498,4,494
47110301,421,23,398
47110302,418,41,377
47110303,537,102,435
47110304,375,139,236
47110305,509,70,439
47110306,1458,226,1232
47110307,592,17,575
47110308,656,50,606
47110309,645,17,628
47110310,860,13,847
47110311,697,42,655
47110313,917,42,875
47110314,860,2,858
47110315,1108,31,1077
47110316,300,1,299
47110317,319,1,318
47110318,631,13,618
47110319,232,0,232
47110323,675,104,571
47110324,572,0,572
47110325,597,27,570
47110326,270,18,252
47110327,895,47,848
47110328,994,40,954
47110329,605,19,586
47110330,491,27,464
47110331,571,11,560
47110338,1249,137,1112
47110339,432,1,431
47110340,760,76,684
47110341,1017,26,991
47110342,322,24,298
47110343,280,0,280
47110344,855,215,640
47110347,327,43,284
47110348,714,231,483
47110349,307,15,292
47110350,415,150,265
47110351,361,1,360
47110353,414,39,375
47110354,966,41,925
47110355,787,132,655
47110356,1266,87,1179
47110357,610,98,512
47110358,797,19,778
47110359,447,26,421
47110362,345,66,279
47110363,1367,195,1172
47110365,495,139,356
47110367,393,87,306
47110368,403,67,336
47110369,808,61,747
47110370,559,19,540
47110371,1080,118,962
47110372,560,55,505
47110373,532,71,461
47110374,5906,735,5171
47110375,472,85,387
47110376,519,107,412
47110377,587,1,586
47110378,600,78,522
47110379,886,46,840
47110380,443,99,344
47110381,359,8,351
47110382,429,71,358
47110383,587,71,516
47110384,580,93,487
47110385,486,71,415
47110386,535,77,458
47110387,798,238,560
47110388,729,188,541
47110389,565,58,507
47110390,512,49,463
47110391,441,91,350
47110392,382,112,270
47110394,440,104,336
47110395,568,17,551
47110396,484,6,478
47110397,67,65,2
47110401,5863,476,5387
47110402,806,20,786
47110403,503,50,453
47110404,567,106,461
47110405,539,81,458
47110406,511,11,500
47110407,456,56,400
47110408,306,119,187
47110409,309,30,279
47110410,283,55,228
47110411,419,272,147
47110412,283,44,239
47110413,554,157,397
47110434,1053,280,773
47110435,234,41,193
47110436,552,90,462
47110439,687,43,644
47110440,686,225,461
47110441,381,134,247
47110442,939,98,841
47110443,415,9,406
47110444,667,11,656
47110445,549,26,523
47110446,484,53,431
47110447,492,28,464
47110448,722,69,653
47110449,754,174,580
47110450,868,11,857
47110451,1336,4,1332
47110452,791,89,702
47110453,531,8,523
47110455,1566,95,1471
47110456,1478,92,1386
47110457,1400,353,1047
47110460,1184,127,1057
47110461,1657,58,1599
47110463,1000,324,676
47110466,577,30,547
47110467,589,88,501
47110468,997,213,784
47110469,757,137,620
47110470,1428,62,1366
47110471,1302,423,879
47110472,922,125,797
47110473,452,116,336
47110474,576,242,334
47110475,955,100,855
47110476,539,4,535
47110477,1061,136,925
47110478,525,104,421
47110479,480,19,461
47110480,562,60,502
47110481,563,19,544
47110482,829,111,718
47110483,508,15,493
47110484,1105,3,1102
47110485,568,6,562
47110486,341,14,327
47110487,866,12,854
47110488,2139,95,2044
47110489,474,7,467
47110490,425,27,398
47110491,3389,237,3152
47110492,1701,10,1691
47110495,506,33,473
47110496,533,5,528
47110497,5435,571,4864
47110498,478,20,458
47110500,887,69,818
47110502,532,3,529
47110503,695,30,665
47110504,676,28,648
47110506,2211,141,2070
47110507,725,8,717
47110508,1204,3,1201
47110509,775,20,755
47110510,524,49,475
47110511,446,48,398
47110512,1189,59,1130
47110513,506,16,490
47110514,333,20,313
47110515,491,105,386
47110516,324,30,294
47110517,556,34,522
47110518,386,40,346
47110519,367,39,328
47110520,546,48,498
47110521,504,9,495
47110522,432,4,428
47110523,788,56,732
47110524,5991,187,5804
47110525,810,24,786
47110526,458,34,424
47110527,416,23,393
47110528,565,4,561
47110531,453,67,386
47110532,569,31,538
47110533,486,2,484
47110534,562,39,523
47110535,500,2,498
47110536,508,107,401
47110537,507,41,466
47110538,642,43,599
47110539,607,81,526
47110540,631,344,287
47110541,510,158,352
47110542,519,126,393
47110543,483,127,356
47110544,507,3,504
47110545,553,244,309
47110546,492,287,205
47110547,479,112,367
47110548,430,58,372
47110549,391,341,50
47110550,379,25,354
47110551,375,189,186
47110552,463,3,460
47110553,520,22,498
47110554,712,59,653
47110555,310,92,218
47110556,1091,146,945
47110557,553,21,532
47110558,550,72,478
47110559,624,128,496
47110560,434,154,280
47110561,467,179,288
47110562,548,189,359
47110563,610,212,398
47110564,671,163,508
47110565,503,133,370
47110566,409,189,220
47110567,378,163,215
47110568,438,223,215
47110569,428,234,194
47110570,585,131,454
47110571,607,58,549
47110572,579,175,404
47110573,557,154,403
47110574,521,114,407
47110575,559,10,549
47110576,1218,150,1068
47110577,484,34,450
47110579,470,2,468
47110581,2451,284,2167
47110583,1856,64,1792
47110584,320,2,318
47110585,158,5,153
47110586,652,2,650
47110587,501,491,10
47110588,560,0,560
47110589,175,10,165
47110590,708,123,585
47110591,86,6,80
47110592,837,25,812
47110593,455,6,449
47110594,722,123,599
47110595,270,16,254
47110596,109,2,107
47110597,474,1,473
47110598,353,3,350
47110599,62,2,60
47110600,184,15,169
47110601,308,12,296
47110602,38,34,4
47110603,0,0,0
47110604,267,2,265
47110605,622,3,619
47110606,482,2,480
47110607,498,53,445
47110608,424,0,424
47110609,333,28,305
47110610,559,1,558
47110611,208,6,202
47110612,525,2,523
47110613,435,1,434
47110614,531,57,474
47110615,500,14,486
47110616,143,7,136
47110617,412,46,366
47110618,297,2,295
47110619,86,7,79
47110620,202,8,194
47110621,198,15,183
47110622,82,4,78
47110623,370,5,365
47110624,33,7,26
47110625,271,2,269
47110626,576,39,537
47110627,536,1,535
47110628,277,19,258
47110629,335,18,317
47110630,70,45,25
47110631,300,1,299
47110632,442,49,393
47110633,185,7,178
47110634,562,84,478
47110635,505,55,450
47110636,78,2,76
47110637,95,12,83
47110638,672,12,660
47110639,533,45,488
47110640,510,5,505
47110641,618,3,615
47110642,334,1,333
47110643,45,1,44
47110644,57,41,16
47110645,117,8,109
47110646,365,2,363
47110647,243,12,231
47110648,137,6,131
47110649,461,29,432
47110650,525,25,500
47110651,665,12,653
47110652,668,70,598
47110653,16,15,1
47110654,9204,560,8644
47110655,687,81,606
47110656,532,38,494
47110657,1329,44,1285
47110658,1363,141,1222
47110659,836,40,796
47110660,785,13,772
47110661,621,22,599
47110662,1056,33,1023
47110663,958,4,954
47110664,6681,310,6371
47110665,686,25,661
47110666,1282,52,1230
47110667,253,13,240
47110668,1713,69,1644
47110669,1468,26,1442
47110670,7454,332,7122
47110679,1751,116,1635
47110680,836,27,809
47110682,2966,222,2744
47110683,516,32,484
47110686,774,76,698
47110689,52,1,51
47110690,735,19,716
47110691,543,125,418
47110692,640,57,583
47110694,727,110,617
47110695,450,22,428
47110699,1316,12,1304
47120078,484,105,379
47120079,0,0,0
47120080,1,0,1
47120081,1,0,1
47120082,0,0,0
47120083,673,673,0
47120084,724,8,716
47120085,815,45,770
47120086,604,253,351
47120087,554,52,502
47120088,490,136,354
47120089,532,287,245
47120090,501,73,428
47120091,702,66,636
47120092,371,37,334
47120093,67,67,0
47120094,495,495,0
47120095,525,522,3
47120096,253,1,252
47120097,212,4,208
47120098,394,22,372
47120099,595,47,548
47120100,634,44,590
47120101,514,4,510
47120102,486,133,353
47120103,271,12,259
47120104,9,1,8
47120105,249,0,249
47120106,29,4,25
47120107,305,1,304
47120108,443,1,442
47120109,437,4,433
47120110,477,2,475
47120111,610,14,596
47120112,455,3,452
47120113,489,11,478
47120114,80,1,79
47120115,318,10,308
47120116,194,5,189
47120117,25,14,11
47120118,196,9,187
47120119,347,54,293
47120120,66,35,31
47120121,346,1,345
47120122,353,2,351
47120124,656,19,637
47120126,522,20,502
47120127,565,18,547
47120128,496,11,485
47120129,462,22,440
47120130,646,29,617
47120131,586,25,561
47120132,709,1,708
47120133,470,33,437
47120134,166,6,160
47120135,73,31,42
47120136,246,1,245
47120137,173,1,172
47120138,283,1,282
47120139,81,43,38
47120140,643,77,566
47120142,574,1,573
47130085,584,18,566
47130086,297,17,280
47130087,380,20,360
47130088,443,8,435
47130089,356,15,341
47130090,565,198,367
47130091,546,520,26
47130092,719,719,0
47130093,10,0,10
47130094,516,2,514
47130095,351,4,347
47130096,448,41,407
47130097,364,16,348
47130098,263,17,246
47130099,155,15,140
47130100,75,41,34
47130101,191,6,185
47130102,61,4,57
47130103,206,21,185
47130104,515,58,457
47130105,467,31,436
47130106,272,4,268
47130107,629,9,620
47130108,408,6,402
47130109,599,18,581
47130110,149,1,148
47130111,56,1,55
47130112,333,121,212
47130113,616,0,616
47130114,386,3,383
47130115,219,3,216
47130116,43,1,42
47130117,435,4,431
47130118,709,3,706
47130119,560,8,552
47130120,751,39,712
47130121,568,18,550
47130122,244,1,243
47130123,33,3,30
47130124,136,1,135
47130125,62,37,25
47130126,257,2,255
47130127,309,1,308
47130128,606,18,588
47130129,131,1,130
47130130,505,4,501
47130131,387,9,378
47130132,426,3,423
47130133,452,1,451
47130134,478,33,445
47130135,451,31,420
47130136,929,18,911
47130137,470,3,467
47130138,343,60,283
47130139,394,1,393
47130140,25,15,10
47130141,148,4,144
47130142,351,18,333
47130143,221,1,220
47130144,173,1,172
47130145,213,18,195
47130146,5,2,3
47130147,19,2,17
47130148,129,1,128
47130149,116,4,112
47130150,201,16,185
47130151,128,4,124
47140142,453,155,298
47140143,363,9,354
47140144,170,32,138
47140145,521,1,520
47140146,51,20,31
47140147,493,55,438
47140148,357,139,218
47140149,390,28,362
47140150,501,4,497
47140151,590,6,584
47140152,444,62,382
47140153,396,33,363
47140154,462,79,383
47140155,534,1,533
47140156,458,38,420
47140157,282,13,269
47140158,467,37,430
47140159,593,105,488
47140160,205,48,157
47140161,328,11,317
47140162,336,14,322
47140163,308,0,308
47140164,604,17,587
47140165,68,1,67
47140166,53,24,29
47140167,199,0,199
47140168,333,6,327
47140169,284,1,283
47140170,651,167,484
47140171,505,93,412
47140172,433,50,383
47140173,364,42,322
47140174,92,2,90
47140175,360,37,323
47140176,886,879,7
47140177,430,421,9
47140178,344,335,9
47140179,298,286,12
47140180,423,46,377
47140181,372,0,372
47140182,338,16,322
47140183,289,0,289
47140184,419,29,390
47140185,380,11,369
47140186,308,46,262
47140187,41,18,23
47140188,426,8,418
47140189,418,23,395
47140190,476,6,470
47140191,450,4,446
47140192,383,15,368
47140193,211,41,170
47140194,110,0,110
47140195,459,3,456
47140196,461,3,458
47140197,561,3,558
47140198,447,45,402
47140199,479,4,475
47140200,747,42,705
47140201,576,137,439
47140202,443,21,422
47140203,16,5,11
47140204,378,0,378
47140205,387,39,348
47140206,474,31,443
47140207,569,23,546
47140208,689,22,667
47140209,538,11,527
47140210,507,19,488
47140211,550,41,509
47140212,559,15,544
47140213,419,40,379
47140214,598,22,576
47140215,628,8,620
47140216,629,111,518
47140217,423,23,400
47140218,569,53,516
47140219,79,5,74
47140220,673,3,670
47140221,463,68,395
47140222,255,39,216
47140224,43,21,22
47140225,269,0,269
47140227,449,441,8
47140228,421,2,419
47140229,422,57,365
47140230,426,9,417
47140231,166,11,155
47140232,337,328,9
47140233,389,1,388
47140234,1,0,1
47140235,0,0,0
47140236,0,0,0
47140238,420,0,420
47140239,0,0,0
47140241,49,2,47
47150225,593,76,517
47150226,388,361,27
47150227,481,477,4
47150228,465,83,382
47150229,388,83,305
47150230,334,333,1
47150231,509,106,403
47150232,629,116,513
47150233,521,208,313
47150234,472,224,248
47150235,558,382,176
47150236,533,277,256
47150237,582,546,36
47150238,395,312,83
47150239,437,286,151
47150240,462,275,187
47150241,281,170,111
47150242,463,55,408
47150243,426,88,338
47150244,442,121,321
47150245,428,165,263
47150246,496,126,370
47150247,551,394,157
47150248,151,106,45
47150249,684,217,467
47150250,492,147,345
47150254,855,72,783
47150255,485,479,6
47150256,497,269,228
47150257,521,191,330
47150258,0,0,0
47150259,423,244,179
47150260,922,250,672
47150261,409,54,355
47150262,794,345,449
47150263,469,230,239
47150264,376,92,284
47150265,468,207,261
47150266,464,278,186
47150267,289,72,217
47150268,577,87,490
47150270,488,100,388
47150271,754,459,295
47150272,464,93,371
47150273,499,140,359
47150274,1644,270,1374
47150275,1392,593,799
47150276,518,162,356
47150277,334,27,307
47150278,394,57,337
47150279,540,67,473
47150280,747,328,419
47150281,632,348,284
47150282,432,179,253
47150283,480,333,147
47150284,485,208,277
47150285,559,378,181
47150286,538,288,250
47150287,514,126,388
47150288,487,353,134
47150289,512,165,347
47150290,479,173,306
47150291,504,372,132
47150292,554,279,275
47150293,441,119,322
47150294,606,122,484
47150295,513,88,425
47150296,553,156,397
47150297,562,78,484
47150298,913,353,560
47150299,570,267,303
47150300,549,329,220
47150301,555,339,216
47150302,492,279,213
47150303,588,164,424
47150305,361,120,241
47150306,385,140,245
47150307,419,110,309
47150308,646,297,349
47150309,13,13,0
47150310,2,2,0
47150311,722,720,2
47150312,0,0,0
47150313,372,43,329
47150314,10,6,4
47150315,9,4,5
47150316,0,0,0
47150317,65,1,64
47150318,341,32,309
47150319,435,1,434
47150321,79,39,40
47150322,444,98,346
47150323,434,26,408
47150324,392,53,339
47150325,101,56,45
47150326,418,288,130
47150329,590,177,413
47150331,672,594,78
47150332,304,16,288
47150333,515,78,437
47150334,258,41,217
47150335,189,0,189
47150336,622,79,543
47150337,328,70,258
47150338,320,315,5
47150339,800,800,0
47150340,374,12,362
47150341,62,1,61
47150342,393,1,392
47150343,617,1,616
47150344,687,42,645
47150345,554,30,524
47150346,88,1,87
47150347,253,0,253
47150348,68,54,14
47150349,349,0,349
47150350,633,18,615
47150351,1060,9,1051
47150352,583,70,513
47150353,599,26,573
47150354,500,2,498
47150355,572,17,555
47150356,492,33,459
47150357,324,3,321
47150358,627,31,596
47150359,691,57,634
47150360,535,4,531
47150361,453,1,452
47150362,438,16,422
47150363,103,4,99
47150364,300,25,275
47150365,302,0,302
47150366,377,0,377
47150367,212,8,204
47150368,498,23,475
47150369,602,95,507
47150370,178,0,178
47150371,497,17,480
47150372,411,62,349
47150373,918,109,809
47150374,663,6,657
47150375,584,12,572
47150376,407,5,402
47150377,979,61,918
47150378,916,12,904
47150379,484,0,484
47150380,468,84,384
47150381,637,110,527
47150382,620,53,567
47150383,285,16,269
47150384,480,12,468
47150385,0,0,0
47150386,0,0,0
47150387,447,447,0
47150388,28,26,2
47150389,5,4,1
47150390,919,913,6
47150391,0,0,0
47150392,0,0,0
47150393,2,1,1
47150394,509,138,371
47150395,569,423,146
47150396,566,197,369
47150397,533,27,506
47150398,555,27,528
47150399,634,163,471
47150400,898,2,896
47150401,740,30,710
47150402,525,52,473
47150403,44,5,39
47150404,771,36,735
47150405,179,26,153
47150406,51,41,10
47150407,350,17,333
47150408,871,17,854
47150409,163,1,162
47150410,389,42,347
47150411,87,10,77
47150412,422,61,361
47150413,652,167,485
47150414,586,159,427
47150415,381,27,354
47150416,320,26,294
47150418,522,38,484
47150420,362,92,270
47150421,476,35,441
47150422,675,194,481
47150424,436,56,380
47150425,379,26,353
47150427,297,3,294
47150428,660,188,472
47160155,414,45,369
47160156,725,213,512
47160157,521,61,460
47160158,451,116,335
47160159,331,87,244
47160160,861,854,7
47160161,792,788,4
47160163,5,5,0
47160165,379,99,280
47160166,11,11,0
47160167,6,6,0
47160168,0,0,0
47160169,0,0,0
47160170,0,0,0
47160171,0,0,0
47160172,0,0,0
47160173,0,0,0
47160174,0,0,0
47160175,5,3,2
47160176,0,0,0
47160177,5,5,0
47160178,1,1,0
47160179,508,128,380
47160180,0,0,0
47160182,1,1,0
47160183,0,0,0
47160184,0,0,0
47160185,0,0,0
47160186,0,0,0
47160187,6,3,3
47160189,368,33,335
47160190,378,15,363
47160191,434,91,343
47160192,190,83,107
47160193,40,22,18
47160194,51,41,10
47160196,0,0,0
47160197,128,1,127
47160198,379,77,302
47160199,0,0,0
47160200,5,5,0
47160201,0,0,0
47160202,280,259,21
47160203,5,4,1
47160204,21,21,0
47160205,160,91,69
47160206,306,6,300
47160207,529,59,470
47160208,354,32,322
47160209,404,2,402
47160210,16,10,6
47160211,534,7,527
47160212,287,45,242
47160213,547,63,484
47160214,401,22,379
47160215,98,43,55
47160216,146,9,137
47160217,22,11,11
47160218,0,0,0
47160219,363,29,334
47160220,59,2,57
47160221,20,15,5
47160222,353,3,350
47160223,390,73,317
47160224,469,53,416
47160225,527,180,347
47160226,538,53,485
47160227,534,48,486
47160228,511,73,438
47160229,538,65,473
47160230,550,323,227
47160231,646,317,329
47160232,382,52,330
47160233,587,183,404
47160234,531,86,445
47160235,648,42,606
47160236,625,46,579
47160237,533,50,483
47160238,570,54,516
47160239,614,314,300
47160240,507,65,442
47160241,506,18,488
47160242,531,277,254
47160243,439,231,208
47160244,8,2,6
47160245,393,2,391
47160246,803,360,443
47160247,686,117,569
47160248,1258,119,1139
47160249,724,54,670
47160250,288,1,287
47160251,70,0,70
47160252,321,4,317
47160253,0,0,0
47160254,20,20,0
47160255,0,0,0
47160256,530,15,515
47160257,30,29,1
47160258,137,13,124
47160259,48,1,47
47160260,584,54,530
47160261,698,687,11
47160262,322,27,295
47160263,404,43,361
47160264,599,59,540
47160265,843,839,4
47160266,382,381,1
47160267,582,126,456
47160268,466,118,348
47160269,449,15,434
47160270,623,98,525
47160271,414,5,409
47160272,5,5,0
47160273,187,31,156
47160274,771,752,19
47160275,796,795,1
47160276,0,0,0
47160277,882,882,0
47160278,0,0,0
47160279,139,46,93
47160280,0,0,0
47160281,0,0,0
47160282,0,0,0
47160283,0,0,0
47160284,15,15,0
47160285,0,0,0
47160286,0,0,0
47160287,0,0,0
47160288,361,17,344
47160289,194,9,185
47160290,496,74,422
47160292,10,3,7
47160293,0,0,0
47160295,0,0,0
47160296,9,7,2
47160297,335,335,0
47160298,27,27,0
47160299,0,0,0
47170149,660,42,618
47170150,647,238,409
47170151,239,239,0
47170152,871,848,23
47170153,658,8,650
47170154,290,42,248
47170155,408,39,369
47170156,146,41,105
47170157,737,254,483
47170158,2,0,2
47170159,9,7,2
47170160,4,4,0
47170161,0,0,0
47170162,0,0,0
47170163,0,0,0
47170164,0,0,0
47170165,0,0,0
47170166,711,710,1
47170167,620,608,12
47170168,608,334,274
47170169,527,37,490
47170170,581,261,320
47170171,537,224,313
47170172,718,244,474
47170176,3,2,1
47170177,429,50,379
47170178,329,15,314
47170179,87,0,87
47170180,0,0,0
47170181,0,0,0
47170182,461,1,460
47170183,0,0,0
47170184,0,0,0
47170185,0,0,0
47170186,0,0,0
47170187,633,631,2
47170188,4,4,0
47170189,341,339,2
47170190,0,0,0
47170191,12,12,0
47170192,286,40,246
47170193,735,730,5
47170194,0,0,0
47170195,0,0,0
47170196,10,2,8
47170197,464,5,459
47170198,719,72,647
47170199,428,0,428
47170200,512,8,504
47170201,671,49,622
47170202,510,0,510
47170203,536,536,0
47170204,948,947,1
47170205,564,562,2
47170206,20,1,19
47170207,1280,1279,1
47170208,0,0,0
47170209,800,35,765
47170210,856,8,848
47170211,302,16,286
47170212,487,33,454
47170213,492,5,487
47170214,247,1,246
47170215,442,26,416
47170216,369,20,349
47170217,424,60,364
47170218,508,121,387
47170219,491,2,489
47170220,484,29,455
47170221,433,29,404
47170222,426,74,352
47170223,419,117,302
47170224,409,20,389
47170225,521,75,446
47170226,6105,432,5673
47170227,429,161,268
47170228,570,3,567
47170229,606,33,573
47170230,599,49,550
47170231,0,0,0
47170232,599,28,571
47170233,579,75,504
47170234,477,1,476
47170235,390,0,390
47170236,156,1,155
47170237,728,5,723
47170238,513,4,509
47170239,405,141,264
47170240,269,0,269
47170241,0,0,0
47170242,0,0,0
47170243,160,0,160
47170244,0,0,0
47170245,365,6,359
47170246,509,26,483
47170247,429,11,418
47170248,175,3,172
47170249,529,14,515
47170250,729,718,11
47170251,562,29,533
47170252,344,6,338
47170253,89,1,88
47170254,34,34,0
47170255,644,42,602
47170256,419,169,250
47170257,0,0,0
47170258,777,774,3
47170259,0,0,0
47170260,513,512,1
47170261,158,116,42
47170262,569,46,523
47170263,421,26,395
47170264,329,1,328
47170265,84,0,84
47170266,119,74,45
47170268,101,95,6
47170269,0,0,0
47170270,514,243,271
47170271,491,261,230
47170272,528,247,281
47170275,793,272,521
47170276,573,239,334
47170279,893,384,509
47180159,0,0,0
47180160,1007,985,22
47180162,1525,1523,2
47180163,638,638,0
47180164,0,0,0
47180165,5,5,0
47180166,5,5,0
47180167,494,281,213
47180168,415,411,4
47180169,744,508,236
47180170,1812,1791,21
47180172,91,91,0
47180173,0,0,0
47180174,1011,1004,7
47180175,378,378,0
47180176,89,81,8
47180177,4,3,1
47180178,462,446,16
47180179,70,70,0
47180180,0,0,0
47180181,0,0,0
47180183,664,392,272
47180184,422,211,211
47180185,766,303,463
47180186,657,656,1
47180187,632,469,163
47180188,467,203,264
47180189,454,450,4
47180190,1619,1592,27
47180191,487,480,7
47180192,657,635,22
47180193,675,668,7
47180194,2072,2064,8
47180197,610,152,458
47180198,230,9,221
47180199,664,184,480
47180200,215,1,214
47180201,312,52,260
47180202,503,225,278
47180203,723,718,5
47180204,885,883,2
47180205,47,18,29
47180206,286,173,113
47180207,0,0,0
47180208,1170,1160,10
47180209,0,0,0
47180210,464,384,80
47180211,0,0,0
47180212,34,0,34
47180213,0,0,0
47180214,0,0,0
47180215,0,0,0
47180216,56,53,3
47180217,0,0,0
47180218,0,0,0
47180219,40,38,2
47180220,0,0,0
47180221,763,651,112
47180222,586,551,35
47180223,525,475,50
47180224,679,587,92
47180225,0,0,0
47180226,867,852,15
47180227,63,63,0
47180228,148,91,57
47180229,630,625,5
47180230,80,78,2
47180231,165,162,3
47180232,284,225,59
47180233,407,348,59
47180234,162,138,24
47180235,1024,1024,0
47180236,180,168,12
47180237,163,124,39
47180238,532,517,15
47180239,39,34,5
47180240,671,624,47
47180241,921,913,8
47180242,974,920,54
47180243,925,909,16
47180244,831,831,0
47180245,408,403,5
47180246,3,3,0
47180247,0,0,0
47180248,5,5,0
47180249,0,0,0
47180250,0,0,0
47180251,1530,1517,13
47180252,50,48,2
47180253,292,266,26
47180255,141,102,39
47180257,530,523,7
47180258,767,756,11
47180259,134,89,45
47180260,710,283,427
48010135,399,4,395
48010136,1669,106,1563
48010137,1068,20,1048
48010138,423,34,389
48010139,530,37,493
48010140,329,12,317
48010141,708,32,676
48010142,647,2,645
48010143,510,23,487
48010144,508,35,473
48010145,674,65,609
48010146,582,17,565
48010147,640,116,524
48010148,494,55,439
48010149,538,33,505
48010150,564,26,538
48010151,519,18,501
48010152,653,9,644
48010153,577,36,541
48010154,536,13,523
48010155,719,4,715
48010156,730,7,723
48010157,875,76,799
48010158,505,5,500
48010159,465,14,451
48010160,508,158,350
48010161,616,48,568
48010163,729,21,708
48010165,366,19,347
48010166,3497,3,3494
48010167,696,12,684
48010168,456,0,456
48010169,680,30,650
48010170,446,18,428
48010171,649,9,640
48010172,489,15,474
48010173,518,37,481
48010174,456,17,439
48010175,579,105,474
48010176,448,8,440
48010177,365,2,363
48010178,469,2,467
48010179,527,3,524
48010180,543,98,445
48010181,511,127,384
48010182,447,74,373
48010183,422,12,410
48010184,607,139,468
48010185,538,59,479
48010186,577,67,510
48010187,479,4,475
48010188,472,14,458
48010189,635,18,617
48010190,773,6,767
48010191,622,43,579
48010192,383,2,381
48010193,369,8,361
48010194,617,0,617
48010195,496,1,495
48010196,534,0,534
48010197,512,5,507
48010198,700,97,603
48010199,647,141,506
48010200,457,26,431
48010201,614,26,588
48010202,663,38,625
48010203,608,63,545
48010204,418,6,412
48010205,521,105,416
48010206,661,43,618
48010207,670,4,666
48010208,716,28,688
48010209,1081,57,1024
48010210,495,46,449
48010211,516,62,454
48010212,490,10,480
48010213,567,8,559
48010215,608,6,602
48010216,744,5,739
48010217,515,33,482
48010218,821,1,820
48010219,591,6,585
48010220,913,1,912
48010221,429,13,416
48010222,282,3,279
48010223,902,9,893
48010224,679,13,666
48010225,588,20,568
48010226,661,10,651
48010227,228,9,219
48010228,565,2,563
48010229,336,59,277
48010230,1148,33,1115
48010231,737,47,690
48010232,475,29,446
48010233,390,10,380
48010234,983,110,873
48010235,1510,72,1438
48010236,707,32,675
48010237,623,45,578
48010238,377,2,375
48010239,420,35,385
48010240,531,47,484
48010241,493,3,490
48010242,501,36,465
48010243,414,10,404
48010244,498,47,451
48010245,666,15,651
48010246,639,13,626
48010247,538,7,531
48010248,745,53,692
48010249,662,47,615
48010250,2912,53,2859
48010251,640,85,555
48010252,623,167,456
48010253,1668,61,1607
48010254,565,38,527
48010255,645,2,643
48010256,690,17,673
48010257,856,43,813
48010258,2112,146,1966
48010259,1074,5,1069
48010260,388,1,387
48010261,302,6,296
48010262,787,50,737
48010263,539,38,501
48020060,544,0,544
48020061,609,4,605
48020062,688,75,613
48020063,506,28,478
48020064,534,66,468
48020065,440,56,384
48020066,558,35,523
48020067,448,4,444
48020068,597,46,551
48020069,282,7,275
48020070,548,46,502
48020071,517,30,487
48020072,501,32,469
48020073,531,22,509
48020074,769,24,745
48020075,331,18,313
48020076,430,86,344
48020077,622,47,575
48020078,342,16,326
48020080,600,7,593
48020081,3335,19,3316
48020082,1332,31,1301
48020083,436,15,421
48020084,433,18,415
48020085,508,3,505
48020086,551,32,519
48020087,494,9,485
48020088,823,49,774
48020089,757,147,610
48020090,531,6,525
48020091,436,65,371
48020092,529,7,522
48020093,565,63,502
48020094,562,16,546
48020095,471,21,450
48020096,400,30,370
48020097,435,46,389
48020098,501,77,424
48020099,691,1,690
48020100,518,17,501
48020101,552,48,504
48020102,453,31,422
48020103,448,5,443
48020104,426,52,374
48020105,455,18,437
48020106,465,6,459
48020107,524,32,492
48020108,500,25,475
48020109,441,33,408
48020110,510,13,497
48020111,472,2,470
48020112,470,22,448
48020113,492,15,477
48020114,595,47,548
48020115,520,96,424
48020116,579,39,540
48020117,605,0,605
48020118,584,54,530
48020119,501,128,373
48020120,586,33,553
48020121,501,29,472
48020122,439,12,427
48020123,507,37,470
48020124,435,15,420
48020125,591,32,559
48020126,558,50,508
48020127,303,42,261
48020128,414,34,380
48020129,414,41,373
48020130,456,10,446
48020131,538,4,534
48020132,643,30,613
48020133,685,211,474
48020134,543,6,537
48020135,577,2,575
48020136,540,66,474
48020137,370,10,360
48020138,667,36,631
48020139,923,7,916
48020140,369,103,266
48020141,326,59,267
48020142,1289,9,1280
48020143,360,38,322
48020145,1582,47,1535
48020149,466,15,451
48020150,686,58,628
48020151,511,174,337
48020152,338,10,328
48020155,552,3,549
48020156,1147,96,1051
48020157,861,60,801
48020159,313,11,302
48020160,584,40,544
48020161,675,4,671
48020162,586,68,518
48020163,512,83,429
48020165,940,27,913
48020166,750,131,619
48020167,481,21,460
48020169,1416,31,1385
48020170,2051,103,1948
48020171,249,0,249
48020172,487,0,487
48020173,237,12,225
48020203,859,8,851
48020204,300,53,247
48020205,852,13,839
48020207,365,22,343
48020239,797,59,738
48020240,752,64,688
48020241,264,10,254
48020242,648,120,528
48020243,560,2,558
48020244,595,25,570
48020245,425,81,344
48020246,542,26,516
48020247,1149,7,1142
48020248,597,128,469
48020249,575,30,545
48020250,1185,109,1076
48020251,697,61,636
48020252,695,16,679
48020253,1011,69,942
48020254,428,12,416
48020255,905,2,903
48020256,668,48,620
48020257,1285,9,1276
48020258,1476,97,1379
48020259,486,18,468
48020260,491,26,465
48020261,516,45,471
48020262,614,14,600
48020263,327,24,303
48020264,654,31,623
48020265,433,8,425
48020266,1247,3,1244
48020267,744,22,722
48020268,688,21,667
48020269,1035,162,873
48020270,918,57,861
48020271,737,5,732
48020272,390,92,298
48020273,419,4,415
48020274,454,4,450
48020275,254,18,236
48020276,658,15,643
48020277,681,43,638
48020278,491,21,470
48020279,701,8,693
48020280,584,1,583
48020281,800,9,791
48020283,705,10,695
48020285,492,13,479
48020286,520,25,495
48020287,847,62,785
48020288,476,3,473
48020289,548,116,432
48020291,604,37,567
48020293,506,26,480
48020295,261,17,244
48020296,365,44,321
48020297,673,64,609
48020299,24,19,5
48020301,459,58,401
48020302,500,2,498
48020303,675,51,624
48020304,45,6,39
48020305,625,16,609
48020306,579,1,578
48020307,1993,116,1877
48020308,606,41,565
48020309,768,52,716
48020310,551,97,454
48020311,682,49,633
48020312,1233,6,1227
48020313,460,68,392
48020314,934,19,915
48020317,793,42,751
48020318,596,47,549
48020319,387,17,370
48020320,359,9,350
48020321,704,4,700
48020322,1014,22,992
48020323,456,15,441
48020324,464,5,459
48020325,1424,51,1373
48020326,557,60,497
48020327,581,11,570
48020328,691,51,640
48020329,623,59,564
48020330,917,91,826
48020331,437,2,435
48020332,592,5,587
48020333,684,62,622
48020334,703,6,697
48020335,562,5,557
48020336,781,23,758
48020337,400,8,392
48020338,1044,12,1032
48020339,246,7,239
48020340,501,1,500
48020341,514,36,478
48020342,846,67,779
48020343,471,0,471
48020344,610,76,534
48020345,605,81,524
48020346,580,19,561
48020347,384,23,361
48020348,808,32,776
48020349,730,30,700
48020350,214,9,205
48020351,0,0,0
48020352,358,2,356
48020353,390,2,388
48020355,404,1,403
48020356,405,1,404
48020358,239,10,229
48020359,586,20,566
48020360,770,2,768
48020361,765,6,759
48020362,2369,7,2362
48020364,2385,120,2265
48020365,493,2,491
48020366,502,15,487
48020367,861,28,833
48020368,1423,71,1352
48020369,530,12,518
48020370,1634,241,1393
48020371,684,37,647
48020372,672,20,652
48020373,571,8,563
48020374,647,47,600
48020375,924,20,904
48020376,665,5,660
48020377,1302,78,1224
48020378,394,7,387
48020379,717,12,705
48020382,490,41,449
48020383,515,16,499
48020384,552,14,538
48020385,507,2,505
48020387,6368,153,6215
48020388,883,18,865
48020390,649,1,648
48020391,616,1,615
48020393,426,11,415
48020394,469,7,462
48020395,309,5,304
48020396,182,4,178
48020397,158,5,153
48020398,194,1,193
48020399,234,9,225
48020401,1591,29,1562
48020402,524,6,518
48020403,567,3,564
48020404,685,22,663
48020406,1382,2,1380
48020407,663,9,654
48020409,1958,35,1923
48030087,833,10,823
48030088,355,31,324
48030089,395,3,392
48030090,503,25,478
48030091,466,38,428
48030092,549,11,538
48030093,407,0,407
48030094,569,2,567
48030095,450,0,450
48030096,450,22,428
48030097,536,7,529
48030098,488,36,452
48030099,505,3,502
48030100,637,4,633
48030101,498,2,496
48030102,504,21,483
48030103,337,8,329
48030104,421,60,361
48030105,437,6,431
48030106,555,6,549
48030107,342,10,332
48030108,618,194,424
48030109,499,62,437
48030110,440,67,373
48030111,593,15,578
48030112,398,64,334
48030113,402,6,396
48030114,350,0,350
48030115,156,63,93
48030116,577,560,17
48030117,446,446,0
48030118,438,437,1
48030119,1091,1091,0
48030120,343,4,339
48030121,337,48,289
48030122,583,582,1
48030123,597,597,0
48030124,534,534,0
48030125,444,149,295
48030126,442,12,430
48030127,437,1,436
48030128,869,39,830
48030129,462,63,399
48030130,400,71,329
48030131,342,47,295
48030132,222,8,214
48030133,414,30,384
48030134,73,5,68
48030135,320,7,313
48030136,531,0,531
48030137,563,0,563
48030138,566,8,558
48030139,762,76,686
48030140,511,32,479
48030141,635,635,0
48030142,548,50,498
48030143,0,0,0
48030144,0,0,0
48030145,0,0,0
48030146,0,0,0
48030147,694,69,625
48030148,459,1,458
48030149,415,5,410
48030150,165,35,130
48030151,432,29,403
48030152,463,49,414
48030153,402,117,285
48030154,454,77,377
48030155,616,42,574
48030156,512,38,474
48030157,736,32,704
48030158,458,4,454
48030159,400,46,354
48030160,359,22,337
48030161,2,1,1
48030162,529,526,3
48030163,606,605,1
48030164,515,510,5
48030165,0,0,0
48030166,217,12,205
48030167,515,22,493
48030168,568,55,513
48030169,371,49,322
48030170,93,2,91
48030171,0,0,0
48040039,329,4,325
48040040,687,1,686
48040041,474,1,473
48040042,204,18,186
48040043,337,0,337
48040044,270,0,270
48040045,106,15,91
48040046,390,0,390
48040047,152,3,149
48040048,280,21,259
48040049,414,30,384
48040050,456,33,423
48040051,412,3,409
48040052,414,1,413
48040053,456,11,445
48040054,353,8,345
48040055,337,7,330
48040056,366,21,345
48040057,344,24,320
48040058,276,34,242
48040059,127,4,123
48040060,371,0,371
48040061,309,5,304
48040062,440,32,408
48040063,449,73,376
48050129,409,27,382
48050130,352,16,336
48050131,594,17,577
48050132,450,10,440
48050133,552,4,548
48050134,604,65,539
48050136,359,0,359
48050137,596,57,539
48050139,337,0,337
48050141,568,4,564
48050142,763,8,755
48050143,317,3,314
48050144,415,3,412
48050145,665,58,607
48050146,514,9,505
48050147,360,2,358
48050148,447,7,440
48050149,448,3,445
48050150,392,26,366
48050151,515,106,409
48050152,344,16,328
48050153,706,24,682
48050154,338,18,320
48050155,497,64,433
48050156,392,28,364
48050157,711,45,666
48050158,550,41,509
48050159,295,4,291
48050160,627,5,622
48050161,389,4,385
48050162,112,112,0
48050163,251,3,248
48050164,441,10,431
48050165,429,19,410
48050166,150,8,142
48050167,294,20,274
48050168,196,9,187
48050169,335,8,327
48050170,327,12,315
48050171,855,853,2
48050172,368,368,0
48050173,658,658,0
48050174,692,31,661
48050177,2092,6,2086
48050178,391,3,388
48050179,330,37,293
48050180,335,3,332
48050181,568,26,542
48050182,449,50,399
48050183,563,30,533
48050184,472,4,468
48050186,502,12,490
48050187,907,63,844
48050190,550,60,490
48050191,396,12,384
48050192,519,40,479
48050195,887,41,846
48050196,877,45,832
48050197,575,6,569
48050198,507,22,485
48050199,422,0,422
48050200,219,5,214
48050201,2,2,0
48050202,1354,1352,2
48050203,474,473,1
48050204,323,4,319
48050205,0,0,0
48050206,0,0,0
48050207,0,0,0
48050208,199,2,197
48050209,92,6,86
48050210,381,19,362
48050211,173,14,159
48050212,530,3,527
48050213,230,1,229
48050214,394,17,377
48050215,355,11,344
48050216,869,14,855
48050217,389,6,383
48050218,429,1,428
48050219,325,4,321
48050220,237,19,218
48050221,155,10,145
48050222,407,6,401
48050223,198,15,183
48050224,323,4,319
48050225,500,6,494
48050226,357,18,339
48050227,354,24,330
48050228,199,0,199
48050229,250,27,223
48050230,411,22,389
48050231,208,12,196
48050232,309,4,305
48050233,228,4,224
48050234,281,9,272
48050235,550,14,536
48050238,615,7,608
48050241,688,35,653
48050243,535,90,445
48050244,798,60,738
48050245,3682,38,3644
48050246,1032,145,887
48050249,406,27,379
48050250,667,3,664
48050251,612,1,611
48060056,522,39,483
48060057,455,6,449
48060058,550,6,544
48060059,418,6,412
48060060,727,8,719
48060061,493,4,489
48060062,667,49,618
48060063,809,99,710
48060064,543,29,514
48060065,406,17,389
48060066,624,5,619
48060067,701,22,679
48060068,477,176,301
48060069,410,8,402
48060070,423,3,420
48060071,641,8,633
48060072,403,3,400
48060073,569,18,551
48060074,304,8,296
48060075,428,4,424
48060076,977,11,966
48060077,437,33,404
48060078,669,10,659
48060079,716,92,624
48060080,278,1,277
48060085,586,9,577
48060086,502,9,493
48060087,594,0,594
48060088,471,14,457
48060089,608,4,604
48060090,688,56,632
48060091,608,36,572
48060092,765,11,754
48060093,576,4,572
48060094,478,18,460
48060095,510,8,502
48060096,704,21,683
48060097,649,8,641
48060098,737,30,707
48060099,630,35,595
48060100,412,3,409
48060101,508,16,492
48060102,764,27,737
48060103,699,25,674
48060104,767,11,756
48060105,652,9,643
48060106,794,3,791
48060107,546,4,542
48060108,526,14,512
48060109,1156,0,1156
48060110,851,32,819
48060112,603,48,555
48060113,447,4,443
48060114,561,11,550
48060115,833,8,825
48060116,711,65,646
48060117,666,26,640
48060118,798,16,782
48060119,692,0,692
48060120,533,3,530
48060121,704,17,687
48060122,581,14,567
48060123,433,2,431
48060124,531,2,529
48060125,690,7,683
48060126,643,4,639
48060127,518,15,503
48060128,486,23,463
48060129,570,17,553
48060130,630,21,609
48060131,365,26,339
48060132,454,36,418
48060133,729,10,719
48060134,644,7,637
48060135,684,3,681
48060136,602,8,594
48060137,543,26,517
48060138,816,5,811
48060139,715,6,709
48060140,1047,5,1042
48060142,599,4,595
48060143,904,4,900
48060144,506,148,358
48060145,653,7,646
48060146,644,32,612
48060147,608,65,543
48060148,596,22,574
48060149,643,2,641
48060150,591,48,543
48060151,610,1,609
48060152,339,1,338
48060153,637,47,590
48060154,522,11,511
48060155,435,1,434
48060156,366,1,365
48060157,574,2,572
48060158,1105,68,1037
48060160,852,7,845
48060161,290,1,289
48060162,458,17,441
48060163,817,3,814
48060165,763,29,734
48060166,667,3,664
48060167,466,9,457
48060168,808,24,784
48060169,358,2,356
48060171,457,6,451
48060172,1232,1,1231
48060173,1735,151,1584
48060174,486,1,485
48060175,668,2,666
48060177,720,47,673
48060178,421,7,414
48060179,675,57,618
48060180,609,3,606
48060181,528,3,525
48060183,279,15,264
48060184,667,87,580
48060185,372,9,363
48060186,394,21,373
48060187,403,6,397
48060188,339,5,334
48060189,492,16,476
48060190,454,22,432
48060191,518,49,469
48060192,458,77,381
48060193,464,276,188
48060194,522,95,427
48060195,634,12,622
48060196,461,30,431
48060197,608,17,591
48060198,627,28,599
48060199,488,9,479
48060200,621,250,371
48060201,439,68,371
48060202,60,12,48
48060203,1402,157,1245
48060205,996,6,990
48060206,326,1,325
48060207,420,1,419
48060208,883,36,847
48060209,898,36,862
48060210,794,10,784
48060211,564,13,551
48060212,302,21,281
48060214,576,1,575
48060215,1260,3,1257
48060216,1332,11,1321
48060229,550,72,478
48060230,649,4,645
48060232,380,3,377
48060233,518,14,504
48060234,396,21,375
48060235,441,10,431
48060237,681,17,664
48060238,346,6,340
48060239,1125,6,1119
48060240,399,4,395
48060241,235,8,227
48060242,572,7,565
48060243,483,1,482
48060244,320,13,307
48060245,679,9,670
48060246,283,6,277
48060252,543,4,539
48060254,791,1,790
48060256,604,5,599
48060261,401,8,393
48060264,725,1,724
48060265,545,42,503
48060267,547,0,547
48060268,380,2,378
48060269,454,0,454
48060270,478,0,478
48060271,364,5,359
48060272,501,5,496
48060273,622,9,613
48060274,634,17,617
48060275,427,24,403
48060276,377,14,363
48060277,433,35,398
48060278,516,26,490
48060281,1022,33,989
48060282,1364,44,1320
48060283,506,17,489
48060284,417,9,408
48060286,404,4,400
48060289,536,45,491
48060290,664,40,624
48060291,437,6,431
48060293,372,7,365
48060294,402,17,385
48060295,392,36,356
48060298,412,49,363
48060299,477,19,458
48060300,493,16,477
48060301,435,11,424
48060302,508,0,508
48060303,555,7,548
48060304,599,4,595
48060305,552,3,549
48060306,664,29,635
48060307,468,27,441
48060308,567,18,549
48060309,860,24,836
48060310,546,8,538
48060311,645,42,603
48060312,475,14,461
48060314,722,33,689
48060315,1661,55,1606
48060316,604,10,594
48060317,549,7,542
48060318,509,23,486
48060319,528,8,520
48060320,455,8,447
48060321,693,4,689
48060322,711,8,703
48060323,506,10,496
48060324,412,23,389
48060325,303,15,288
48060326,491,11,480
48060327,687,23,664
48060328,643,8,635
48060329,364,44,320
48060331,712,14,698
48060334,557,0,557
48060339,414,4,410
48060340,317,0,317
48060341,437,1,436
48060349,572,5,567
48060355,1069,3,1066
48060356,562,10,552
48060357,1611,2,1609
48060358,958,39,919
48060370,1202,12,1190
48060373,1011,88,923
48060374,534,4,530
48060375,469,6,463
48060377,326,10,316
48060378,641,7,634
48060379,807,16,791
48060380,482,28,454
48060381,536,9,527
48060382,361,3,358
48060383,420,12,408
48060384,607,9,598
48060385,718,8,710
48060386,307,3,304
48060387,646,55,591
48060388,480,2,478
48060389,414,4,410
48060390,325,20,305
48060391,392,4,388
48060392,854,64,790
48060393,691,27,664
48060394,272,60,212
48060395,887,38,849
48060396,236,10,226
48060397,310,8,302
48060398,623,26,597
48060399,763,32,731
48060400,659,12,647
48060401,492,37,455
48060402,980,312,668
48060403,569,126,443
48060404,382,1,381
48060405,656,104,552
48060406,377,41,336
48060407,433,13,420
48060408,516,7,509
48060409,395,6,389
48060410,645,4,641
48060411,633,17,616
48060412,797,46,751
48060413,600,2,598
48060414,871,10,861
48060415,678,20,658
48060416,635,32,603
48060417,703,60,643
48060418,534,3,531
48060419,584,18,566
48060420,682,113,569
48060421,465,3,462
48060422,452,7,445
48060423,557,6,551
48060424,474,14,460
48060425,467,12,455
48060426,512,15,497
48060427,587,1,586
48060428,634,8,626
48060429,450,5,445
48060430,840,32,808
48060431,648,35,613
48060432,557,4,553
48060433,536,6,530
48060434,666,27,639
48060435,716,16,700
48060436,561,12,549
48060437,615,16,599
48060438,430,4,426
48060439,920,2,918
48060440,576,14,562
48060441,656,6,650
48060442,592,62,530
48060443,709,53,656
48060444,828,6,822
48060445,458,6,452
48060446,891,29,862
48060447,810,69,741
48060448,478,16,462
48060450,473,14,459
48060452,394,21,373
48060453,287,10,277
48060454,834,12,822
48060455,788,17,771
48060456,809,59,750
48060457,544,3,541
48060458,594,16,578
48060492,857,30,827
48060493,248,15,233
48060494,652,18,634
48060495,598,5,593
48060496,678,6,672
48060497,434,14,420
48060498,440,13,427
48060499,1554,28,1526
48060500,1302,1,1301
48060501,453,1,452
48060502,542,7,535
48060505,562,71,491
48060506,617,4,613
48060508,601,187,414
48060509,462,3,459
48060510,322,37,285
48060511,552,12,540
48060512,457,1,456
48060513,1191,33,1158
48060514,758,37,721
48060516,336,196,140
48060518,990,9,981
48060519,401,19,382
48060520,764,44,720
48060521,481,2,479
48060522,299,8,291
48060523,925,5,920
48060524,592,2,590
48060525,467,2,465
48060526,1427,4,1423
48060527,297,25,272
48060528,437,5,432
48060529,478,20,458
48060530,508,55,453
48060531,441,14,427
48060532,860,9,851
48060533,628,116,512
48060534,393,6,387
48060535,403,25,378
48060536,487,35,452
48060538,1568,42,1526
48060539,681,68,613
48060540,432,25,407
48060541,425,14,411
48060542,575,2,573
48060543,748,18,730
48060544,315,3,312
48060545,471,2,469
48060546,465,1,464
48060547,397,10,387
48060548,406,0,406
48060549,682,2,680
48060550,603,1,602
48060551,560,12,548
48060552,453,11,442
48060553,599,14,585
48060554,649,17,632
48060555,752,33,719
48060556,640,25,615
48060557,774,48,726
48060558,634,24,610
48060559,720,7,713
48060560,650,5,645
48060561,783,26,757
48060562,1265,17,1248
48060563,569,5,564
48060564,571,18,553
48060565,431,4,427
48060566,622,21,601
48060567,700,7,693
48060568,592,31,561
48060569,699,13,686
48060570,979,23,956
48060571,667,31,636
48060572,777,29,748
48060573,704,7,697
48060574,742,40,702
48060575,714,19,695
48060576,496,11,485
48060577,587,36,551
48060578,700,10,690
48060579,585,5,580
48060580,706,4,702
48060581,433,6,427
48060582,637,8,629
48060583,769,4,765
48060584,653,8,645
48060585,530,7,523
48060586,531,6,525
48060587,716,13,703
48060588,625,5,620
48060589,728,6,722
48060590,521,19,502
48060591,496,8,488
48060592,580,0,580
48060593,516,12,504
48060594,686,45,641
48060595,1344,25,1319
48060596,389,15,374
48060597,650,12,638
48060598,1083,9,1074
48060599,455,12,443
48060600,606,4,602
48060601,455,6,449
48060602,575,38,537
48060603,647,5,642
48060604,1499,67,1432
48060605,273,5,268
48060606,2077,24,2053
48060607,2117,15,2102
48060608,1112,11,1101
48060609,869,15,854
48060610,471,9,462
48060611,688,8,680
48060612,1001,3,998
48060613,611,1,610
48060614,445,0,445
48060615,731,0,731
48060616,627,0,627
48060617,446,0,446
48060618,457,0,457
48060619,597,0,597
48060620,539,15,524
48060621,647,3,644
48060622,714,5,709
48060623,561,7,554
48060624,547,19,528
48060625,1025,8,1017
48060626,583,5,578
48060627,638,33,605
48060628,1381,6,1375
48060629,864,12,852
48060630,589,29,560
48060631,566,31,535
48060632,666,3,663
48060633,596,36,560
48060634,239,7,232
48060635,633,1,632
48060636,431,1,430
48060637,1021,13,1008
48060638,457,11,446
48060639,551,7,544
48060640,1134,3,1131
48060643,1735,10,1725
48060644,421,4,417
48060645,1002,13,989
48060646,363,18,345
48060647,691,18,673
48060648,330,11,319
48060649,663,19,644
48060650,793,22,771
48060651,459,10,449
48060652,2354,35,2319
48060654,845,30,815
48060655,838,57,781
48060656,633,4,629
48060660,1015,1,1014
48060661,1206,7,1199
48060662,440,18,422
48060663,567,19,548
48060664,535,20,515
48060665,580,19,561
48060666,612,22,590
48060667,536,13,523
48060668,475,25,450
48060669,449,3,446
48060670,700,4,696
48060671,628,46,582
48060672,643,1,642
48060673,647,51,596
48060677,681,12,669
48060678,818,96,722
48060679,675,13,662
48060680,615,7,608
48060681,449,15,434
48060682,437,13,424
48060683,490,54,436
48060684,473,12,461
48060685,499,8,491
48060686,525,33,492
48060687,633,2,631
48060688,609,7,602
48060689,559,93,466
48060690,518,4,514
48060691,1232,63,1169
48060692,387,40,347
48060693,492,12,480
48060694,582,9,573
48060695,618,10,608
48060696,379,45,334
48060697,473,2,471
48060698,804,12,792
48060699,595,2,593
48060700,1094,78,1016
48060701,498,46,452
48060702,656,50,606
48060703,441,9,432
48060704,569,7,562
48060705,622,14,608
48060707,334,9,325
48060708,683,128,555
48060710,648,24,624
48060711,1916,96,1820
48060712,723,1,722
48060716,1021,14,1007
48060717,811,3,808
48060719,1437,1,1436
48060727,707,14,693
48060728,539,18,521
48060730,435,1,434
48060731,349,1,348
48060732,449,2,447
48060733,1407,50,1357
48060734,633,7,626
48060735,319,1,318
48060736,602,31,571
48060737,603,32,571
48060738,539,23,516
48060739,507,17,490
48060740,491,12,479
48060741,450,13,437
48060742,667,24,643
48060743,1031,6,1025
48060744,1116,56,1060
48060745,859,55,804
48060746,1069,33,1036
48060747,891,13,878
48060748,661,26,635
48060749,835,32,803
48060750,885,19,866
48060751,930,70,860
48060752,664,4,660
48060753,759,25,734
48060754,561,11,550
48060755,760,3,757
48060758,815,183,632
48060759,676,29,647
48060760,626,47,579
48060761,680,86,594
48060763,1582,5,1577
48060764,1981,226,1755
48060767,605,1,604
48060768,967,21,946
48060769,567,2,565
48060770,512,47,465
48060771,530,2,528
48060774,904,7,897
48060775,380,4,376
48060776,493,16,477
48060777,411,3,408
48060778,466,10,456
48060779,326,17,309
48060780,738,1,737
48060781,579,9,570
48060783,464,1,463
48060784,390,33,357
48060785,391,52,339
48060786,339,8,331
48060787,741,31,710
48060789,311,7,304
48060790,652,57,595
48060791,409,19,390
48060792,537,3,534
48060793,584,16,568
48060794,293,11,282
48060795,442,4,438
48060796,395,4,391
48060797,830,25,805
48060798,651,36,615
48060799,476,3,473
48060800,746,4,742
48060801,247,13,234
48060802,507,14,493
48060803,395,10,385
48060804,498,4,494
48060805,471,6,465
48060806,539,9,530
48060807,765,14,751
48060808,289,22,267
48060810,822,6,816
48060811,408,7,401
48060812,343,4,339
48060813,364,2,362
48060814,399,18,381
48060815,472,7,465
48060816,502,22,480
48060817,358,13,345
48060818,380,8,372
48060820,410,4,406
48060821,398,1,397
48060830,402,5,397
48060831,374,8,366
48060832,404,23,381
48060833,468,1,467
48060834,594,7,587
48060835,477,3,474
48060836,298,1,297
48060837,554,12,542
48060838,571,6,565
48060839,772,9,763
48060841,491,12,479
48060842,632,18,614
48060843,468,15,453
48060844,715,60,655
48060845,887,40,847
48060846,814,6,808
48060847,771,6,765
48060848,653,31,622
48060849,768,6,762
48060850,736,5,731
48060851,768,47,721
48060852,1181,23,1158
48060853,1063,26,1037
48060855,744,49,695
48060856,667,18,649
48060857,524,3,521
48060858,635,23,612
48060859,590,10,580
48060860,552,6,546
48060861,1118,43,1075
48060862,517,40,477
48060863,614,23,591
48060864,630,3,627
48060865,757,5,752
48060866,448,8,440
48060867,576,11,565
48060868,659,12,647
48060869,467,9,458
48060870,762,52,710
48060871,653,4,649
48060872,628,4,624
48060873,669,28,641
48060874,824,19,805
48060875,1057,39,1018
48060876,814,4,810
48060877,660,23,637
48060878,676,9,667
48060879,589,16,573
48060880,441,43,398
48060881,590,73,517
48060882,441,62,379
48060884,516,26,490
48060885,533,12,521
48060886,673,7,666
48060887,582,116,466
48060888,603,44,559
48060889,509,44,465
48060890,665,6,659
48060891,673,45,628
48060892,526,9,517
48060893,250,22,228
48060894,1187,13,1174
48060895,494,3,491
48060896,621,8,613
48060897,721,31,690
48060898,757,10,747
48060899,729,6,723
48060900,1116,20,1096
48060901,1751,119,1632
48060902,537,21,516
48060903,615,12,603
48060904,1035,33,1002
48060905,406,64,342
48060906,532,15,517
48060907,283,28,255
48060908,386,26,360
48060909,845,53,792
48060910,607,10,597
48060911,510,38,472
48060912,495,35,460
48060913,474,27,447
48060914,459,1,458
48060915,401,77,324
48060916,462,88,374
48060917,631,14,617
48060918,195,12,183
48060919,507,18,489
48060920,475,51,424
48060921,497,21,476
48060922,871,5,866
48060923,643,38,605
48060924,728,4,724
48060925,455,11,444
48060926,476,15,461
48060927,391,14,377
48060928,986,45,941
48060929,643,2,641
48060930,449,2,447
48060931,491,2,489
48060932,413,1,412
48060933,473,66,407
48060934,977,28,949
48060935,393,46,347
48060936,646,13,633
48060937,405,5,400
48060938,442,2,440
48060943,487,3,484
48060944,637,3,634
48060945,389,31,358
48060946,564,9,555
48060947,1272,31,1241
48060948,599,7,592
48060949,488,3,485
48060950,693,29,664
48060952,499,1,498
48060953,1047,36,1011
48060954,852,1,851
48060956,884,4,880
48060957,757,3,754
48060958,696,200,496
48060959,504,14,490
48060960,681,1,680
48060961,955,2,953
48060962,731,1,730
48060963,570,117,453
48060965,338,22,316
48060966,498,2,496
48060967,576,14,562
48060968,662,17,645
48060969,491,5,486
48060970,564,6,558
48060971,498,15,483
48060972,252,10,242
48060973,571,8,563
48060974,459,34,425
48060975,693,6,687
48060976,359,10,349
48060977,444,18,426
48060978,796,15,781
48060979,734,35,699
48060980,330,14,316
48060981,408,28,380
48060982,1121,10,1111
48060983,651,54,597
48060984,1021,18,1003
48060985,834,44,790
48060986,507,27,480
48060987,447,26,421
48060988,632,3,629
48060989,498,44,454
48060990,589,20,569
48060991,313,6,307
48060992,697,39,658
48060993,321,5,316
48060994,724,13,711
48060995,477,9,468
48060996,534,8,526
48060997,593,150,443
48060998,756,61,695
48060999,678,47,631
48061000,1445,98,1347
48061001,363,14,349
48061005,552,4,548
48061006,1006,81,925
48061007,363,21,342
48061008,265,4,261
48061009,588,6,582
48061010,431,8,423
48061011,574,7,567
48061012,410,30,380
48061013,971,5,966
48061014,501,29,472
48061015,524,16,508
48061016,499,11,488
48061017,317,6,311
48061018,595,29,566
48061019,531,20,511
48061020,702,19,683
48061021,587,64,523
48061022,684,211,473
48061023,709,8,701
48061024,461,13,448
48061025,591,11,580
48061026,624,45,579
48061027,430,65,365
48061028,501,13,488
48061029,449,17,432
48061030,395,51,344
48061031,655,48,607
48061032,615,16,599
48061033,678,56,622
48061034,560,3,557
48061035,694,8,686
48061036,681,4,677
48061038,728,7,721
48061039,981,5,976
48061040,700,7,693
48061041,897,37,860
48061042,505,11,494
48061043,568,104,464
48061044,410,5,405
48061045,321,13,308
48061046,394,34,360
48061047,394,39,355
48061048,309,13,296
48061049,405,3,402
48061050,943,9,934
48061051,443,53,390
48061052,440,43,397
48061053,592,11,581
48061054,380,12,368
48061055,724,24,700
48061056,456,26,430
48061057,415,4,411
48061058,288,6,282
48061059,457,17,440
48061060,1325,27,1298
48061061,619,11,608
48061062,672,4,668
48061063,607,18,589
48061064,627,77,550
48061065,550,19,531
48061067,880,43,837
48061068,643,19,624
48061069,1099,174,925
48061070,433,15,418
48061071,373,33,340
48061072,579,11,568
48061073,495,70,425
48061076,999,108,891
48061077,1308,0,1308
48061078,424,9,415
48061079,378,4,374
48061080,981,33,948
48061081,1006,39,967
48061082,336,3,333
48061083,836,20,816
48061084,573,16,557
48061085,605,16,589
48061086,595,16,579
48061091,637,178,459
48061092,307,29,278
48061093,529,62,467
48061094,562,22,540
48061095,879,91,788
48061096,888,15,873
48061097,686,2,684
48061098,366,35,331
48061099,713,115,598
48061100,419,20,399
48061106,629,15,614
48061108,713,29,684
48061115,554,4,550
48061116,416,105,311
48061117,614,2,612
48061118,259,18,241
48061119,683,8,675
48061120,824,22,802
48061121,682,3,679
48061122,405,8,397
48061123,498,3,495
48061124,809,34,775
48061125,702,1,701
48061128,1413,4,1409
48061131,998,7,991
48061132,1370,215,1155
48061133,572,21,551
48061134,289,7,282
48061135,493,2,491
48061136,621,70,551
48061137,486,13,473
48061138,578,12,566
48061139,505,42,463
48061140,597,4,593
48061141,1081,73,1008
48061142,724,47,677
48061143,454,26,428
48061145,1330,32,1298
48061146,765,150,615
48061150,326,21,305
48061153,593,3,590
48061154,412,11,401
48061155,387,28,359
48061156,378,2,376
48061157,498,21,477
48061159,454,40,414
48061160,468,70,398
48061161,409,5,404
48061162,419,4,415
48061163,593,53,540
48061164,736,5,731
48061165,563,77,486
48061166,1099,218,881
48061167,512,101,411
48061168,338,5,333
48061169,315,2,313
48061170,571,42,529
48061171,425,16,409
48061172,1516,108,1408
48061173,320,66,254
48061174,518,4,514
48061175,525,6,519
48061176,716,4,712
48061177,890,141,749
48061178,454,51,403
48061179,328,24,304
48061180,753,1,752
48061181,582,10,572
48061182,1580,119,1461
48061183,527,1,526
48061184,333,4,329
48061185,385,1,384
48061186,973,24,949
48061187,349,1,348
48061188,797,5,792
48061189,600,45,555
48061190,700,105,595
48061191,1620,181,1439
48061192,741,3,738
48061193,667,21,646
48061201,662,0,662
48061202,169,0,169
48061203,1040,1,1039
48061204,452,61,391
48061205,445,64,381
48061206,361,109,252
48061207,405,4,401
48061208,594,58,536
48061209,475,53,422
48061210,655,1,654
48061211,686,6,680
48061212,552,3,549
48061213,482,24,458
48061214,384,2,382
48061215,625,38,587
48061216,620,98,522
48061217,395,30,365
48061218,570,23,547
48061220,663,4,659
48061221,411,8,403
48061222,858,12,846
48061225,365,11,354
48061226,741,45,696
48061227,1544,78,1466
48061228,227,13,214
48061230,1031,15,1016
48061231,1191,18,1173
48061232,452,7,445
48061233,599,2,597
48061234,823,27,796
48061235,668,9,659
48061236,1107,29,1078
48061240,491,15,476
48061241,672,5,667
48061242,253,5,248
48061243,482,42,440
48061244,827,65,762
48061245,392,47,345
48061246,456,30,426
48061247,1123,34,1089
48061248,1363,13,1350
48061249,766,46,720
48061250,951,6,945
48061252,462,3,459
48061253,581,36,545
48061256,270,20,250
48061257,540,3,537
48061258,992,19,973
48061259,502,36,466
48061260,628,2,626
48061261,275,6,269
48061262,478,0,478
48061263,467,28,439
48061264,390,3,387
48061265,522,16,506
48061266,545,12,533
48061267,373,29,344
48061268,806,19,787
48061269,461,5,456
48061271,348,19,329
48061272,704,9,695
48061273,333,2,331
48061274,371,8,363
48061275,417,22,395
48061276,369,24,345
48061277,440,30,410
48061278,586,15,571
48061279,532,1,531
48061280,452,45,407
48061281,455,13,442
48061282,726,6,720
48061283,566,9,557
48061284,456,24,432
48061285,351,4,347
48061286,613,7,606
48061287,598,15,583
48061288,618,38,580
48061289,1032,80,952
48061290,618,13,605
48061295,832,3,829
48061296,606,41,565
48061297,738,3,735
48061298,622,38,584
48061299,441,54,387
48061300,669,5,664
48061301,686,15,671
48061302,659,62,597
48061303,658,3,655
48061304,567,9,558
48061305,520,8,512
48061306,495,6,489
48061307,446,20,426
48061308,363,5,358
48061309,447,1,446
48061310,418,1,417
48061311,445,15,430
48061312,356,7,349
48061313,395,5,390
48061314,628,5,623
48061315,415,4,411
48061316,293,6,287
48061317,609,44,565
48061318,564,25,539
48061319,382,19,363
48061320,587,38,549
48061321,771,20,751
48061322,246,7,239
48061323,1083,102,981
48061324,537,9,528
48061325,1178,10,1168
48061326,340,20,320
48061327,361,4,357
48061328,644,34,610
48061329,563,55,508
48061330,460,2,458
48061331,859,15,844
48061332,566,2,564
48061333,569,8,561
48061334,603,1,602
48061335,631,8,623
48061336,399,1,398
48061337,458,13,445
48061338,407,6,401
48061339,675,3,672
48061340,448,51,397
48061341,394,11,383
48061342,369,1,368
48061343,384,2,382
48061344,543,2,541
48061345,426,19,407
48061346,540,0,540
48061347,393,8,385
48061348,1133,28,1105
48061349,346,32,314
48061350,862,20,842
48061351,935,19,916
48061353,644,11,633
48061354,382,4,378
48061355,623,23,600
48061356,513,26,487
48061357,540,32,508
48061358,292,0,292
48061359,650,6,644
48061360,986,28,958
48061362,950,45,905
48061363,469,50,419
48061364,344,9,335
48061365,672,20,652
48061367,1613,44,1569
48061368,375,12,363
48061370,963,28,935
48061372,455,41,414
48061373,442,7,435
48061374,836,4,832
48061375,547,14,533
48061376,713,9,704
48061377,796,10,786
48061378,643,55,588
48061379,568,19,549
48061380,449,6,443
48061385,1354,10,1344
48061390,409,1,408
48061391,536,26,510
48061392,511,32,479
48061393,383,1,382
48061397,940,65,875
48061460,605,5,600
48061461,229,13,216
48061462,629,77,552
48061463,356,35,321
48061465,1258,103,1155
48061466,839,2,837
48061467,2116,65,2051
48061472,633,9,624
48061473,942,24,918
48061474,1042,1,1041
48061475,1272,174,1098
48061476,592,15,577
48061477,575,27,548
48061478,550,13,537
48061479,602,4,598
48061480,540,4,536
48061481,501,4,497
48061482,373,20,353
48061483,300,11,289
48061484,479,29,450
48061485,0,0,0
48061486,507,25,482
48061487,709,4,705
48061488,729,32,697
48061489,445,8,437
48061490,512,8,504
48061491,697,13,684
48061492,754,33,721
48061493,924,23,901
48061494,453,0,453
48061495,293,0,293
48061496,590,0,590
48061497,419,83,336
48061501,777,11,766
48061502,298,9,289
48061503,590,27,563
48061504,550,9,541
48061506,1118,4,1114
48061508,533,13,520
48061513,1811,8,1803
48061516,481,2,479
48061517,910,5,905
48061518,524,3,521
48061522,687,20,667
48061523,661,4,657
48061556,1241,60,1181
48061557,530,14,516
48061559,1534,12,1522
48061560,1418,4,1414
48061561,1373,9,1364
48061564,1009,51,958
48061565,1084,9,1075
48061566,1703,20,1683
48061567,1465,10,1455
48061568,1141,137,1004
48061569,977,9,968
48061570,1511,95,1416
48061571,1606,75,1531
48061572,1306,127,1179
48061573,1235,19,1216
48061574,1361,16,1345
48061575,863,5,858
48061576,1613,170,1443
48061577,1386,11,1375
48061578,1251,16,1235
48061579,1758,8,1750
48061580,981,5,976
48061581,1661,45,1616
48061582,1556,3,1553
48061583,2128,46,2082
48061584,1711,205,1506
48061585,1236,65,1171
48061586,1259,49,1210
48061588,711,30,681
48061589,1312,52,1260
48061597,683,2,681
48061598,561,16,545
48061599,662,1,661
48061600,1288,7,1281
48061601,275,0,275
48061602,737,16,721
48061603,335,29,306
48061604,510,12,498
48061605,1086,9,1077
48061606,443,16,427
48061607,594,11,583
48061608,323,19,304
48061609,1004,1,1003
48061610,277,0,277
48061613,947,33,914
48061614,255,2,253
48061615,516,6,510
48061616,1089,5,1084
48061617,835,1,834
48061618,292,1,291
48061619,809,53,756
48061620,1306,83,1223
48061621,455,3,452
48061622,1455,59,1396
48061624,932,2,930
48061625,769,1,768
48061627,406,5,401
48061628,1205,19,1186
48061629,521,32,489
48061630,1699,13,1686
48061631,912,31,881
48061632,1034,1,1033
48061633,552,2,550
48061635,1167,41,1126
48061636,872,5,867
48061637,640,10,630
48061638,786,11,775
48061639,740,3,737
48061641,576,2,574
48061642,989,88,901
48061643,662,8,654
48061645,1725,45,1680
48061648,1099,4,1095
48061649,1297,5,1292
48061650,338,17,321
48061652,2760,48,2712
48061654,303,4,299
48061655,409,8,401
48061656,1702,21,1681
48061658,416,4,412
48061659,486,3,483
48061663,1364,18,1346
48061664,1186,46,1140
48061665,276,8,268
48061666,1253,39,1214
48061667,250,11,239
48061668,915,9,906
48061669,972,65,907
48061670,1370,19,1351
48061671,1445,133,1312
48061672,453,9,444
48061674,766,93,673
48061675,474,27,447
48061676,733,11,722
48061677,718,50,668
48061678,731,35,696
48061679,658,4,654
48061680,650,102,548
48061681,536,26,510
48061682,583,27,556
48061683,486,37,449
48061684,562,8,554
48061685,630,23,607
48061686,1433,67,1366
48061687,618,110,508
48061688,446,2,444
48061689,494,39,455
48061690,454,2,452
48061691,540,4,536
48061692,511,3,508
48061693,521,12,509
48061694,778,117,661
48061695,517,2,515
48061696,516,2,514
48061697,424,10,414
48061698,574,9,565
48061699,565,20,545
48061700,1324,155,1169
48061701,488,10,478
48061704,627,50,577
48061705,540,46,494
48061706,456,16,440
48061708,650,5,645
48061710,485,9,476
48061713,632,38,594
48061714,1269,2,1267
48061715,883,79,804
48061716,1662,10,1652
48061718,444,6,438
48061721,382,5,377
48061722,408,5,403
48061723,484,26,458
48061726,2290,83,2207
48061727,417,2,415
48061730,550,4,546
48061732,243,6,237
48061733,996,61,935
48061734,374,14,360
48061735,419,4,415
48061738,3743,329,3414
48061739,1103,29,1074
48061740,289,8,281
48061741,373,12,361
48061742,358,17,341
48061743,267,4,263
48061744,666,48,618
48061746,515,18,497
48061747,470,49,421
48061748,409,2,407
48061749,517,13,504
48061750,471,23,448
48061751,455,12,443
48061752,1658,68,1590
48061754,299,11,288
48061755,381,38,343
48061756,820,59,761
48061760,7286,170,7116
48061762,1051,21,1030
48061763,636,11,625
48061764,857,19,838
48061765,435,53,382
48061766,437,40,397
48061767,1247,27,1220
48061768,576,22,554
48061769,838,7,831
48061770,2036,4,2032
48061771,1166,2,1164
48061772,1044,10,1034
48061773,929,8,921
48061774,1428,63,1365
48061775,589,2,587
48061776,790,3,787
48061777,1440,9,1431
48061778,403,2,401
48061779,428,7,421
48061780,1194,28,1166
48061781,1739,7,1732
48061782,6239,90,6149
48061785,396,1,395
48061786,277,1,276
48061789,404,11,393
48061790,1568,3,1565
48061792,710,12,698
48061793,696,11,685
48061795,1740,9,1731
48061796,502,7,495
48061797,589,37,552
48061798,16380,23,16357
48061800,1398,28,1370
48061801,458,20,438
48061802,228,16,212
48061803,1493,71,1422
48061804,1270,10,1260
48061805,553,3,550
48061806,599,30,569
48061807,634,8,626
48061808,1342,13,1329
48061809,1035,15,1020
48061811,785,22,763
48061812,1693,96,1597
48061813,2732,7,2725
48061814,1814,107,1707
48061815,4293,59,4234
48061816,830,8,822
48061817,650,2,648
48061818,499,10,489
48061819,823,2,821
48061821,482,8,474
48061822,608,23,585
48061823,649,1,648
48061824,652,39,613
48061825,479,40,439
48061826,952,142,810
48061827,516,2,514
48061828,756,20,736
48061829,482,28,454
48061830,3039,348,2691
48061831,372,59,313
48061832,391,23,368
48061833,430,8,422
48061834,3390,28,3362
48061835,353,2,351
48061836,382,12,370
48061837,365,3,362
48061838,252,2,250
48061839,574,6,568
48061840,7171,193,6978
48061841,480,53,427
48061842,728,22,706
48061843,791,17,774
48061844,410,4,406
48061847,602,7,595
48061848,332,12,320
48061849,761,0,761
48061850,455,11,444
48061851,329,0,329
48061852,976,0,976
48061853,854,2,852
48061854,571,19,552
48061855,1761,0,1761
48061858,719,44,675
48061860,497,12,485
48061861,2212,40,2172
48061864,1081,5,1076
48061865,1969,75,1894
48061868,598,3,595
48061869,9841,114,9727
48061870,1004,16,988
48061871,1419,46,1373
48061872,309,20,289
48061873,1332,13,1319
48061874,970,16,954
48061875,855,26,829
48061876,367,16,351
48061877,1496,52,1444
48061878,1707,8,1699
48061879,3511,1,3510
48061880,1278,19,1259
48061881,1538,17,1521
48061882,1359,1,1358
48061883,528,9,519
48061884,1600,76,1524
48061885,243,0,243
48061886,526,1,525
48061887,993,0,993
48061888,444,0,444
48061889,549,0,549
48061890,406,1,405
48061892,688,19,669
48061893,1673,20,1653
48061894,644,7,637
48061899,764,52,712
48061900,713,169,544
48061901,402,222,180
48061902,883,55,828
48061903,582,168,414
48061904,562,19,543
48061905,1269,58,1211
48061906,947,24,923
48061907,373,13,360
48061908,647,629,18
48061909,0,0,0
48061911,332,87,245
48061912,467,21,446
48061913,532,6,526
48061914,580,10,570
48061915,970,12,958
48061916,682,72,610
48061917,1581,82,1499
48061918,694,3,691
48061919,915,13,902
48061920,2600,164,2436
48061921,884,67,817
48061922,425,5,420
48061923,346,2,344
48061924,705,3,702
48061925,5595,460,5135
48061926,383,21,362
48061927,1131,62,1069
48061928,748,19,729
48061929,749,65,684
48061930,2385,94,2291
48061931,7544,331,7213
48061932,427,28,399
48061933,589,1,588
48061934,426,2,424
48061935,557,29,528
48061936,497,49,448
48061937,1337,65,1272
48061938,877,8,869
48061939,922,13,909
48061940,974,29,945
48061941,1135,5,1130
48061942,3463,72,3391
48061945,2467,76,2391
48061946,1629,19,1610
48061947,348,20,328
48061949,671,68,603
48061951,377,43,334
48061953,329,55,274
48061956,587,40,547
48061957,630,11,619
48061958,581,6,575
48061959,663,2,661
48061963,2447,5,2442
48061964,1137,0,1137
48061965,2199,78,2121
48061966,490,10,480
48061967,627,8,619
48061969,1825,110,1715
48061971,1083,1,1082
48061972,596,74,522
48061974,245,17,228
48061980,1413,162,1251
48061981,9366,158,9208
48061982,847,16,831
48061986,819,18,801
48061987,1625,12,1613
48061988,1698,2,1696
48061989,1298,8,1290
48061990,686,3,683
48061991,458,2,456
48061992,1478,4,1474
48061993,1122,2,1120
48061994,977,6,971
48061995,780,2,778
48061996,769,48,721
48061997,1308,2,1306
48061999,6184,37,6147
48062001,1006,9,997
48062002,1247,1,1246
48062003,904,0,904
48062004,1943,9,1934
48062005,1256,2,1254
48062006,992,0,992
48062008,2029,22,2007
48062009,1160,60,1100
48062010,293,21,272
48062011,403,21,382
48062012,640,1,639
48062013,478,1,477
48062014,681,52,629
48062015,548,15,533
48062016,402,1,401
48062017,642,1,641
48062018,681,19,662
48062019,481,6,475
48062020,461,44,417
48062021,426,23,403
48062022,561,96,465
48062023,591,29,562
48062024,523,33,490
48062026,1526,5,1521
48062027,334,4,330
48062028,291,2,289
48062029,366,3,363
48062030,1205,155,1050
48062031,1744,34,1710
48062033,524,4,520
48062034,959,165,794
48062038,713,6,707
48062039,596,5,591
48062040,569,26,543
48062041,2342,248,2094
48062042,498,24,474
48062043,409,12,397
48062044,359,39,320
48062045,354,20,334
48062046,333,13,320
48062047,156,2,154
48062048,1048,27,1021
48062049,908,14,894
48062052,329,17,312
48062053,322,4,318
48062054,220,21,199
48062055,352,6,346
48062056,290,19,271
48062057,356,12,344
48062058,621,5,616
48062059,441,18,423
48062060,256,8,248
48062061,310,8,302
48062062,351,35,316
48062063,495,1,494
48062064,972,6,966
48062065,609,10,599
48062067,686,22,664
48062068,1420,51,1369
48062069,1363,88,1275
48062070,470,7,463
48062071,391,8,383
48062072,1606,1,1605
48062074,461,7,454
48062076,336,7,329
48062077,676,34,642
48062078,747,23,724
48062080,1129,89,1040
48062083,802,5,797
48062084,865,5,860
48062085,452,20,432
48062086,390,20,370
48062087,800,37,763
48062088,1179,71,1108
48062089,5607,390,5217
48062090,1410,215,1195
48062091,651,7,644
48062092,581,30,551
48062093,590,21,569
48062094,715,26,689
48062095,457,1,456
48062096,791,12,779
48062097,795,27,768
48062098,529,74,455
48062099,658,13,645
48062100,507,49,458
48062101,683,25,658
48062102,480,41,439
48062103,638,5,633
48062104,618,87,531
48062105,396,7,389
48062106,442,8,434
48062107,415,26,389
48062108,418,5,413
48062109,374,14,360
48062110,571,29,542
48062111,683,19,664
48062112,408,45,363
48062113,459,25,434
48062114,911,5,906
48062115,408,28,380
48062116,387,45,342
48062117,1342,69,1273
48062118,481,18,463
48062119,1107,164,943
48062120,615,39,576
48062121,281,10,271
48062122,589,13,576
48062123,1393,15,1378
48062124,272,22,250
48062125,409,9,400
48062126,542,3,539
48062127,536,2,534
48062128,595,77,518
48062129,668,19,649
48062130,712,2,710
48062131,624,6,618
48062132,575,3,572
48062133,629,2,627
48062134,490,0,490
48062135,603,10,593
48062136,1099,66,1033
48062137,619,15,604
48062138,977,199,778
48062139,911,24,887
48062140,493,57,436
48062141,1720,37,1683
48062142,2280,22,2258
48062143,1931,41,1890
48062144,1493,17,1476
48062145,939,39,900
48062146,735,22,713
48062147,1002,51,951
48062148,1186,10,1176
48062149,1008,22,986
48062150,638,38,600
48062151,870,61,809
48062152,1034,15,1019
48062153,524,15,509
48062154,1719,62,1657
48062155,1289,15,1274
48062156,1410,12,1398
48062157,1295,7,1288
48062158,233,18,215
48062159,993,10,983
48062160,1089,3,1086
48062161,861,8,853
48062162,825,3,822
48062163,719,3,716
48062164,626,34,592
48062165,485,18,467
48062166,3041,6,3035
48062167,984,17,967
48062168,1023,23,1000
48062169,700,4,696
48062170,2183,4,2179
48062171,2948,107,2841
48062172,2301,7,2294
48062173,3028,122,2906
48062174,2489,53,2436
48062175,430,0,430
48062176,527,26,501
48062177,714,14,700
48062178,1186,15,1171
48062179,2395,101,2294
48062180,1626,15,1611
48062181,654,14,640
48062182,969,31,938
48062183,888,10,878
48062184,642,0,642
48062185,403,0,403
48062186,997,1,996
48062187,865,36,829
48062188,622,3,619
48062189,1114,13,1101
48062190,846,44,802
48062191,1089,29,1060
48062192,558,27,531
48062193,1011,148,863
48062194,2897,196,2701
48062195,2405,40,2365
48062196,1598,16,1582
48062197,1253,15,1238
48062198,752,9,743
48062199,1110,9,1101
48062200,11826,255,11571
48062201,1158,2,1156
48062202,705,3,702
48062203,537,0,537
48062204,457,0,457
48062205,1099,5,1094
48062206,631,6,625
48062207,692,5,687
48062208,624,3,621
48062209,831,4,827
48062210,1023,55,968
48062211,813,4,809
48062212,529,7,522
48062213,1021,14,1007
48062214,1069,0,1069
48062215,1131,15,1116
48062216,736,18,718
48062217,502,0,502
48062218,943,10,933
48062219,914,1,913
48062220,724,4,720
48062221,1230,14,1216
48062222,1316,22,1294
48062223,2809,102,2707
48062224,1642,83,1559
48062225,1110,18,1092
48062226,680,56,624
48062227,737,32,705
48062228,861,13,848
48062229,640,0,640
48062230,834,1,833
48062231,1260,4,1256
48062232,636,1,635
48062233,835,2,833
48062234,1094,3,1091
48062235,520,0,520
48062236,720,1,719
48062237,446,6,440
48062238,721,7,714
48062239,399,3,396
48062240,909,2,907
48062241,1814,4,1810
48062242,2155,37,2118
48062243,620,3,617
48062244,506,18,488
48062245,3301,27,3274
48062246,309,9,300
48062247,1725,35,1690
48062248,2031,47,1984
48062250,703,6,697
48062252,1613,2,1611
48062254,1548,58,1490
48062256,1172,38,1134
48062258,722,24,698
48062259,1013,60,953
48062260,991,32,959
48062261,670,21,649
48062262,1313,24,1289
48062263,367,4,363
48062264,753,12,741
48062265,905,50,855
48062267,7958,286,7672
48062268,976,22,954
48062269,984,4,980
48062270,2277,159,2118
48062271,1120,20,1100
48062273,1509,18,1491
48062274,3467,412,3055
48062275,643,21,622
48062276,1467,24,1443
48062277,1008,1,1007
48062278,1024,13,1011
48062279,1406,21,1385
48062280,1379,26,1353
48062281,593,17,576
48062282,1109,54,1055
48062283,1090,56,1034
48062286,944,43,901
48062287,615,51,564
48062288,1734,116,1618
48062289,20164,532,19632
48062290,1455,4,1451
48062293,1035,2,1033
48062294,988,9,979
48062295,1761,54,1707
48062296,1448,29,1419
48062297,2744,25,2719
48062298,3509,97,3412
48062299,4341,52,4289
48062300,4276,7,4269
48062301,1339,39,1300
48062302,1768,46,1722
48062303,5851,35,5816
48062304,10281,134,10147
48062305,826,28,798
48062306,438,14,424
48062307,969,43,926
48062308,824,13,811
48062309,727,6,721
48062310,555,29,526
48062311,404,11,393
48062312,1002,8,994
48062313,612,37,575
48062314,654,28,626
48062315,695,33,662
48062316,907,61,846
48062317,1882,33,1849
48062318,704,20,684
48062319,456,50,406
48062324,1036,12,1024
48062325,1181,50,1131
48062326,494,30,464
48062327,1318,11,1307
48062328,2484,38,2446
48062329,1537,96,1441
48062330,1064,56,1008
48062331,11240,429,10811
48062334,1016,133,883
48062335,319,21,298
48062336,456,17,439
48062337,745,20,725
48062338,1046,6,1040
48062339,1500,90,1410
48062340,942,18,924
48062341,3376,237,3139
48062343,11535,56,11479
48062344,658,115,543
48062345,978,98,880
48062346,2489,37,2452
48062347,1303,23,1280
48062348,1225,88,1137
48062349,7431,216,7215
48062351,24489,1014,23475
48062353,494,55,439
48062354,459,21,438
48062355,2435,16,2419
48062356,1252,2,1250
48062358,1603,63,1540
48062360,1053,25,1028
48062363,1359,18,1341
48062364,905,4,901
48062366,3660,3,3657
48062367,1103,11,1092
48062368,371,10,361
48062370,391,18,373
48062371,1281,27,1254
48062372,1263,45,1218
48062373,1327,34,1293
48062374,1556,36,1520
48062375,1063,38,1025
48062376,2018,39,1979
48062378,902,146,756
48062379,432,47,385
48062380,778,96,682
48062382,521,31,490
48062383,1172,10,1162
48062384,692,59,633
48062385,627,14,613
48062386,858,36,822
48062387,511,30,481
48062388,527,35,492
48062389,903,1,902
48062390,27,13,14
48062393,72,8,64
48062394,446,71,375
48062395,15,3,12
48062396,1834,27,1807
48062398,1053,11,1042
48062399,110,1,109
48062400,941,0,941
48062402,378,20,358
48062403,332,8,324
48062404,465,11,454
48062405,479,19,460
48062407,632,7,625
48062408,290,1,289
48062409,181,1,180
48062410,307,0,307
48062411,165,5,160
48062412,298,0,298
48062413,11,8,3
48062414,652,21,631
48062415,1402,79,1323
48062416,329,11,318
48062417,340,31,309
48062419,1178,4,1174
48062421,1009,127,882
48062422,2013,79,1934
48062423,1411,28,1383
48062424,1543,74,1469
48062425,2337,25,2312
48062427,1299,24,1275
48062428,2270,74,2196
48062429,862,26,836
48062430,3767,111,3656
48062431,1265,29,1236
48062432,2615,82,2533
48062433,2166,57,2109
48062434,2038,62,1976
48062440,724,16,708
48062441,1181,23,1158
48062444,26,26,0
48062445,0,0,0
48062446,0,0,0
48062447,485,14,471
48062449,556,47,509
48062452,293,20,273
48062454,894,23,871
48062455,874,9,865
48062456,3425,225,3200
48062457,707,7,700
48062459,522,13,509
48062461,282,4,278
48062464,483,38,445
48062466,527,1,526
48062468,492,3,489
48062469,583,72,511
48062470,4776,248,4528
48062471,6639,151,6488
48062472,3819,255,3564
48062473,3993,175,3818
48062475,5012,113,4899
48062476,998,43,955
48062477,107,107,0
48062479,446,446,0
48070101,417,10,407
48070102,272,1,271
48070103,0,0,0
48070104,363,4,359
48070105,356,0,356
48070106,456,0,456
48070107,457,0,457
48070108,478,58,420
48070109,503,7,496
48070110,449,13,436
48070111,369,0,369
48070112,527,1,526
48070113,262,10,252
48070114,527,1,526
48070115,326,4,322
48070116,529,39,490
48070117,508,1,507
48070118,557,13,544
48070119,385,31,354
48070120,392,0,392
48070121,496,13,483
48070122,509,3,506
48070123,437,31,406
48070124,448,75,373
48070125,499,0,499
48070126,472,14,458
48070127,1555,84,1471
48070128,440,27,413
48070129,487,108,379
48070130,656,59,597
48070131,410,23,387
48070132,449,67,382
48070133,209,1,208
48070134,381,21,360
48070135,247,2,245
48070136,214,1,213
48070137,445,30,415
48070138,428,64,364
48070139,532,30,502
48070140,510,10,500
48070141,409,15,394
48070142,434,1,433
48070143,403,34,369
48070144,458,13,445
48070145,339,1,338
48070146,617,2,615
48070147,396,1,395
48070148,450,3,447
48070149,480,50,430
48070150,361,0,361
48070151,156,3,153
48070152,427,16,411
48070153,380,22,358
48070154,462,4,458
48070155,498,12,486
48070156,112,14,98
48070157,345,1,344
48070158,43,35,8
48070159,333,8,325
48070160,555,9,546
48070161,512,7,505
48070162,453,7,446
48070163,484,8,476
48070164,471,16,455
48070165,323,31,292
48070167,533,36,497
48070168,933,8,925
48070169,436,24,412
48070170,439,5,434
48070172,365,4,361
48070173,627,19,608
48070175,123,1,122
48070176,90,1,89
48070177,441,7,434
48070178,217,37,180
48070179,476,13,463
48070180,211,4,207
48070181,306,30,276
48070182,349,28,321
48070183,263,11,252
48070184,371,32,339
48070185,398,0,398
48070186,482,0,482
48070187,413,0,413
48070188,163,0,163
48070190,94,0,94
48070193,455,3,452
48070196,592,41,551
48070198,1009,93,916
48070199,504,4,500
48070203,418,0,418
48070204,424,2,422
48080072,339,10,329
48080073,488,3,485
48080074,316,15,301
48080075,675,7,668
48080076,508,40,468
48080077,412,5,407
48080078,429,13,416
48080079,489,38,451
48080080,474,7,467
48080081,599,25,574
48080082,563,20,543
48080083,541,18,523
48080084,759,9,750
48080087,1838,3,1835
48080088,463,3,460
48080089,561,1,560
48080090,496,13,483
48080091,494,96,398
48080092,552,4,548
48080093,441,10,431
48080094,650,25,625
48080095,691,10,681
48080096,380,30,350
48080097,524,26,498
48080098,553,184,369
48080099,608,12,596
48080100,615,8,607
48080101,339,1,338
48080102,702,46,656
48080103,384,1,383
48080104,616,10,606
48080105,569,46,523
48080106,553,9,544
48080107,215,5,210
48080109,296,44,252
48080110,449,81,368
48080111,554,217,337
48080112,474,49,425
48080113,428,30,398
48080114,487,106,381
48080115,478,110,368
48080116,746,207,539
48080117,406,5,401
48080118,453,48,405
48080119,530,35,495
48080122,468,25,443
48080123,707,56,651
48080124,287,2,285
48080125,413,32,381
48080126,340,40,300
48080127,514,44,470
48080128,473,2,471
48080135,2505,43,2462
48080136,433,40,393
48080137,502,1,501
48080138,467,31,436
48080139,393,1,392
48080140,819,6,813
48080141,360,12,348
48080142,736,7,729
48080143,362,37,325
48080144,1091,2,1089
48080145,775,80,695
48080146,462,33,429
48080147,557,14,543
48080148,553,28,525
48080149,693,17,676
48080150,463,32,431
48080151,373,62,311
48080152,607,72,535
48080153,932,248,684
48080154,292,19,273
48080155,932,210,722
48080156,345,6,339
48080157,413,24,389
48080158,842,106,736
48080159,1190,13,1177
48080160,541,22,519
48080161,649,4,645
48080162,585,75,510
48080163,433,75,358
48080164,3270,20,3250
48080165,253,9,244
48080167,365,30,335
48080168,380,11,369
48080169,399,21,378
48080235,2848,404,2444
48080236,554,118,436
48080238,418,5,413
48080239,302,44,258
48080240,364,51,313
48080243,667,62,605
48080244,660,48,612
48080245,511,44,467
48080246,551,15,536
48080247,558,5,553
48080248,473,8,465
48080249,439,17,422
48080250,445,158,287
48080251,632,37,595
48080254,405,3,402
48080255,569,3,566
48080269,994,96,898
48080271,360,2,358
48080272,477,26,451
48080273,498,26,472
48080274,493,9,484
48080275,515,19,496
48080276,634,29,605
48080277,465,46,419
48080278,747,31,716
48080279,731,99,632
48080280,774,21,753
48080281,161,10,151
48080283,447,17,430
48080285,490,22,468
48080286,557,16,541
48080287,186,2,184
48080290,458,2,456
48080291,1169,50,1119
48080292,811,3,808
48080298,387,4,383
48080299,542,40,502
48080300,654,14,640
48080301,479,24,455
48080303,601,2,599
48080305,1153,78,1075
48080308,553,5,548
48080309,789,121,668
48080310,697,79,618
48080312,448,72,376
48080313,520,33,487
48080317,422,35,387
48080318,408,53,355
48080319,2448,158,2290
48080320,402,1,401
48080321,469,15,454
48080322,341,3,338
48080323,449,0,449
48080324,533,2,531
48080325,405,12,393
48080328,597,44,553
48080331,427,2,425
48080332,548,31,517
48080333,226,3,223
48080335,289,11,278
48080336,43,6,37
48080337,390,3,387
48080338,539,3,536
48080339,474,3,471
48080340,474,17,457
48080341,406,33,373
48080343,515,22,493
48080344,479,14,465
48080345,595,33,562
48080346,640,1,639
48080347,681,58,623
48080351,389,19,370
48080352,1082,141,941
48080353,687,3,684
48080355,350,34,316
48080356,395,9,386
48080357,403,34,369
48080358,673,125,548
48080359,329,19,310
48080360,405,57,348
48080361,329,5,324
48080362,532,27,505
48080363,455,10,445
48080364,428,44,384
48080365,532,22,510
48080366,494,3,491
48080367,636,0,636
48080368,583,46,537
48080369,354,2,352
48080370,518,5,513
48080371,533,4,529
48080372,312,45,267
48080373,441,2,439
48080374,942,102,840
48080375,404,3,401
48080376,457,8,449
48080377,341,14,327
48080378,418,13,405
48080379,568,28,540
48080380,547,8,539
48080381,559,3,556
48080382,762,4,758
48080383,619,5,614
48080384,415,8,407
48080386,1062,35,1027
48080387,1276,227,1049
48080388,1373,19,1354
48080389,442,13,429
48080390,311,14,297
48080391,457,2,455
48080392,475,2,473
48080393,415,29,386
48080394,404,2,402
48080395,431,33,398
48080398,384,2,382
48080399,411,2,409
48080400,1207,98,1109
48080401,460,41,419
48080402,319,2,317
48080403,519,2,517
48080405,456,4,452
48080406,864,68,796
48080407,636,2,634
48080408,390,4,386
48080409,383,20,363
48080410,794,4,790
48080413,536,4,532
48080414,511,87,424
48080415,942,198,744
48080416,436,71,365
48080417,535,72,463
48080418,373,94,279
48080419,461,19,442
48080420,559,25,534
48080421,531,96,435
48080422,483,4,479
48080423,379,34,345
48080424,678,60,618
48080425,463,58,405
48080426,308,3,305
48080427,654,34,620
48080428,663,663,0
48080429,26,26,0
48080430,529,524,5
48080431,412,411,1
48080432,314,314,0
48080433,900,893,7
48080434,419,419,0
48080435,586,586,0
48080436,531,21,510
48080437,609,27,582
48080438,295,292,3
48080439,520,82,438
48080440,421,2,419
48080442,343,5,338
48080443,357,0,357
48080444,544,11,533
48080445,693,4,689
48080446,445,0,445
48080447,467,3,464
48080448,487,29,458
48080449,758,18,740
48080450,84,5,79
48080451,124,4,120
48080452,420,23,397
48080453,492,47,445
48080454,633,14,619
48080455,518,4,514
48080456,502,54,448
48080457,395,7,388
48080458,750,43,707
48080459,510,44,466
48080460,1196,49,1147
48080461,442,10,432
48080462,532,5,527
48080463,891,2,889
48080464,698,30,668
48080465,1002,23,979
48080466,841,26,815
48080467,290,13,277
48080468,222,5,217
48080469,273,8,265
48080470,385,4,381
48080471,1780,281,1499
48080472,604,0,604
48080473,646,28,618
48080474,691,87,604
48080475,622,3,619
48080476,2120,67,2053
48080477,1083,99,984
48080478,979,102,877
48080479,541,44,497
48080480,523,0,523
48080481,947,1,946
48080482,609,24,585
48080483,552,2,550
48080484,1226,85,1141
48080485,1585,19,1566
48080486,1987,52,1935
48080487,1154,3,1151
48080489,2287,106,2181
48080490,975,326,649
48080491,1001,25,976
48080492,621,81,540
48080493,1201,60,1141
48080495,1272,136,1136
48080496,769,3,766
48080497,940,24,916
48080500,724,163,561
48080503,340,22,318
48080504,2560,293,2267
48080505,534,73,461
48080506,255,2,253
48080507,4410,357,4053
48080508,356,1,355
48080509,416,3,413
48080514,1071,34,1037
48080516,1395,158,1237
48080517,441,11,430
48080518,550,4,546
48080520,691,43,648
48080521,148,5,143
48080522,546,2,544
48080523,5758,466,5292
48080524,610,29,581
48080525,417,16,401
48080526,63,7,56
48080529,998,97,901
48080530,1826,0,1826
48080531,428,71,357
48080533,1041,35,1006
48080534,394,3,391
48080535,185,2,183
48080536,788,43,745
48080537,619,49,570
48080538,325,25,300
48080540,490,3,487
48080541,536,29,507
48080542,544,4,540
48080544,676,95,581
48080545,450,3,447
48080547,537,18,519
48080548,506,3,503
48080551,1408,3,1405
48080552,447,20,427
48080556,1076,135,941
48080557,3467,259,3208
48080558,1420,61,1359
48090046,527,526,1
48090047,821,803,18
48090048,337,337,0
48090049,547,21,526
48090050,682,23,659
48090051,563,5,558
48090052,594,44,550
48090053,609,3,606
48090054,620,44,576
48090055,595,23,572
48090056,472,33,439
48090057,510,2,508
48090058,620,6,614
48090059,318,39,279
48090060,619,83,536
48090061,414,18,396
48090062,403,24,379
48090063,434,30,404
48090064,586,6,580
48090065,392,71,321
48090066,1246,186,1060
48090067,503,10,493
48090068,505,34,471
48090069,398,3,395
48090070,1071,90,981
48090071,710,58,652
48090072,523,14,509
48090073,408,16,392
48090074,561,23,538
48090075,599,20,579
48090076,499,27,472
48090077,460,27,433
48090078,535,20,515
48090079,468,13,455
48090080,471,21,450
48090081,565,6,559
48090082,460,5,455
48090083,346,9,337
48090084,6,3,3
48090085,536,25,511
48090086,275,274,1
48100195,390,48,342
48100196,471,18,453
48100200,2,0,2
48100201,957,8,949
48100202,590,15,575
48100203,734,86,648
48100204,457,30,427
48100205,431,5,426
48100206,360,1,359
48100207,694,21,673
48100208,385,5,380
48100209,670,16,654
48100210,543,30,513
48100211,464,33,431
48100212,290,15,275
48100213,413,86,327
48100214,373,0,373
48100215,618,55,563
48100216,172,16,156
48100217,395,50,345
48100218,381,13,368
48100219,376,45,331
48100220,606,6,600
48100221,344,7,337
48100222,373,11,362
48100223,276,14,262
48100224,413,12,401
48100225,578,6,572
48100226,561,53,508
48100227,561,32,529
48100228,628,32,596
48100229,564,14,550
48100230,668,37,631
48100231,630,5,625
48100232,612,5,607
48100233,497,10,487
48100234,1263,128,1135
48100235,1568,92,1476
48100236,602,24,578
48100237,581,11,570
48100238,1602,36,1566
48100239,401,7,394
48100240,587,66,521
48100241,911,20,891
48100242,423,7,416
48100243,670,23,647
48100244,582,28,554
48100245,228,1,227
48100246,515,8,507
48100249,598,7,591
48100250,151,4,147
48100251,212,8,204
48100252,639,12,627
48100253,390,1,389
48100254,403,33,370
48100255,557,30,527
48100256,451,15,436
48100257,402,8,394
48100258,196,9,187
48100259,441,5,436
48100260,590,13,577
48100261,546,49,497
48100262,387,13,374
48100263,379,17,362
48100264,325,21,304
48100265,401,18,383
48100266,482,32,450
48100267,424,1,423
48100268,570,27,543
48100269,410,1,409
48100270,399,25,374
48100271,453,26,427
48100272,590,48,542
48100273,638,2,636
48100274,575,3,572
48100275,538,27,511
48100276,488,2,486
48100277,391,4,387
48100278,543,2,541
48100279,583,100,483
48100280,421,32,389
48100281,847,50,797
48100282,497,40,457
48100283,630,24,606
48100284,309,38,271
48100285,386,4,382
48100286,429,40,389
48100287,697,8,689
48100288,781,2,779
48100289,499,11,488
48100290,706,2,704
48100291,577,1,576
48100292,331,15,316
48100293,539,47,492
48100294,102,1,101
48100295,580,51,529
48100296,519,2,517
48100297,393,13,380
48100298,227,46,181
48100299,478,11,467
48100300,590,106,484
48100301,430,36,394
48100302,460,2,458
48100303,517,32,485
48100304,604,2,602
48100305,621,22,599
48100306,961,18,943
48100307,860,73,787
48100308,731,3,728
48100309,0,0,0
48100310,313,0,313
48100311,36,1,35
48100312,376,42,334
48100313,429,0,429
48100314,393,0,393
48100315,409,33,376
48100316,413,25,388
48100317,380,8,372
48100318,346,23,323
48100319,973,1,972
48100320,5429,534,4895
48100321,413,8,405
48100322,371,7,364
48100323,450,66,384
48100324,399,33,366
48100325,443,26,417
48100326,603,49,554
48100327,401,0,401
48100328,410,22,388
48100329,480,5,475
48100330,423,34,389
48100331,412,4,408
48100332,502,30,472
48100333,3474,271,3203
48100334,792,4,788
48100335,703,27,676
48100336,186,0,186
48100337,500,73,427
48100338,279,6,273
48100339,126,111,15
48100340,403,28,375
48100341,197,4,193
48100342,326,40,286
48100343,402,42,360
48100344,372,3,369
48100345,291,3,288
48100346,459,1,458
48100347,529,50,479
48100348,369,0,369
48100349,300,1,299
48100350,429,0,429
48100351,822,64,758
48100352,428,85,343
48100353,403,54,349
48100354,254,0,254
48100355,727,183,544
48100356,0,0,0
48100357,541,17,524
48100358,494,39,455
48100359,586,28,558
48100360,361,19,342
48100361,217,214,3
48100362,600,52,548
48100363,191,12,179
48100364,387,2,385
48100365,484,30,454
48100366,625,45,580
48100367,677,59,618
48100368,977,73,904
48100369,519,11,508
48100371,611,33,578
48100372,652,33,619
48100377,604,7,597
48100380,459,4,455
48100382,280,1,279
48100383,657,70,587
48100384,447,0,447
48100388,726,18,708
48100389,645,97,548
48100390,876,81,795
48110083,829,135,694
48110084,16,15,1
48110085,587,64,523
48110086,412,2,410
48110087,252,2,250
48110088,333,25,308
48110089,574,73,501
48110090,438,49,389
48110091,420,15,405
48110092,398,137,261
48110093,467,28,439
48110094,572,83,489
48110095,519,11,508
48110096,497,116,381
48110097,467,21,446
48110098,460,30,430
48110099,463,81,382
48110100,401,13,388
48110101,469,26,443
48110102,466,102,364
48110103,524,34,490
48110104,501,47,454
48110105,481,75,406
48110106,619,66,553
48110107,656,15,641
48110108,474,110,364
48110109,529,242,287
48110110,614,96,518
48110111,536,61,475
48110112,585,190,395
48110113,705,16,689
48110114,775,6,769
48110115,527,13,514
48110116,525,213,312
48110117,610,9,601
48110118,560,48,512
48110119,539,69,470
48110120,968,21,947
48110121,747,99,648
48110122,472,77,395
48110123,598,84,514
48110124,666,12,654
48110125,783,19,764
48110126,741,19,722
48110127,561,111,450
48110130,525,89,436
48110131,1056,62,994
48110132,1469,61,1408
48110133,986,127,859
48110134,425,62,363
48110135,430,10,420
48110136,430,4,426
48110137,296,13,283
48110139,823,107,716
48110140,625,110,515
48110141,400,19,381
48110142,560,5,555
48110144,682,27,655
48110145,481,4,477
48110146,653,14,639
48110148,432,11,421
48110149,360,21,339
48110150,1297,48,1249
48110151,1426,49,1377
48110152,547,3,544
48110153,729,53,676
48110154,817,17,800
48110155,721,33,688
48110156,822,56,766
48110157,790,5,785
48110158,555,7,548
48110159,937,26,911
48110160,548,15,533
48110161,1289,59,1230
48110163,564,7,557
48110164,484,35,449
48110165,476,20,456
48110166,655,26,629
48110167,666,30,636
48110169,662,12,650
48110170,506,4,502
48110171,715,71,644
48110172,754,5,749
48110173,1002,79,923
48110174,690,2,688
48110176,558,4,554
48110177,531,7,524
48110178,535,3,532
48110179,514,3,511
48110180,473,12,461
48110181,548,34,514
48110182,512,27,485
48110183,562,34,528
48110184,549,84,465
48110185,300,55,245
48110186,725,35,690
48110187,454,21,433
48110188,495,17,478
48110189,662,51,611
48110190,664,38,626
48110191,713,10,703
48110192,719,56,663
48110193,470,78,392
48110194,516,4,512
48110195,680,5,675
48110196,687,212,475
48110197,1122,5,1117
48110198,702,29,673
48110199,626,19,607
48110200,1112,99,1013
48110201,1533,192,1341
48110202,913,118,795
48110203,565,16,549
48110205,853,158,695
48110206,461,1,460
48110207,543,13,530
48110208,1131,151,980
48110209,532,94,438
48110210,355,54,301
48110211,439,68,371
48110212,343,39,304
48110213,1208,285,923
48110214,556,86,470
48110215,471,10,461
48110216,567,12,555
48110217,929,389,540
48110218,592,31,561
48110219,505,32,473
48110220,423,14,409
48110221,476,141,335
48110222,399,44,355
48110223,437,115,322
48110224,804,4,800
48110225,414,23,391
48110226,625,146,479
48110227,465,124,341
48110228,607,89,518
48110229,625,48,577
48110230,725,147,578
48110231,663,130,533
48110232,559,106,453
48110233,561,58,503
48110234,746,180,566
48110235,615,56,559
48110236,561,20,541
48110237,471,78,393
48110238,843,90,753
48110239,731,85,646
48110240,575,25,550
48110241,565,183,382
48110242,549,99,450
48110243,580,174,406
48110244,489,2,487
48110245,521,52,469
48110246,517,1,516
48110247,763,78,685
48110248,459,34,425
48110249,574,91,483
48110250,518,80,438
48110251,560,83,477
48110252,485,15,470
48110253,487,9,478
48110254,467,6,461
48110255,578,87,491
48110256,550,55,495
48110257,451,123,328
48110258,406,2,404
48110259,556,29,527
48110260,451,2,449
48110261,817,93,724
48110262,462,4,458
48110263,472,40,432
48110264,554,31,523
48110265,562,4,558
48110266,1217,9,1208
48110267,259,7,252
48110268,1046,136,910
48110269,519,7,512
48110270,725,17,708
48110271,642,3,639
48110272,2383,210,2173
48110273,284,17,267
48110274,1026,127,899
48110277,724,87,637
48110280,1324,205,1119
48110281,670,41,629
48110284,453,6,447
48110286,618,0,618
48110287,339,0,339
48110288,1041,50,991
48110289,294,5,289
48110290,1060,4,1056
48110291,1144,107,1037
48110292,496,0,496
48110293,808,128,680
48110294,896,7,889
48110295,623,79,544
48110296,910,137,773
48110297,692,19,673
48110298,343,1,342
48110299,3946,293,3653
48110300,429,22,407
48110301,329,3,326
48110302,331,30,301
48110303,799,102,697
48110304,278,9,269
48110305,379,5,374
48110306,539,50,489
48110307,356,12,344
48110308,977,10,967
48110309,878,30,848
48110310,718,16,702
48110311,301,32,269
48110314,664,12,652
48110315,585,4,581
48110316,596,3,593
48110317,451,4,447
48110318,765,68,697
48110319,692,62,630
48110320,248,32,216
48110321,393,1,392
48110322,1085,257,828
48110323,500,10,490
48110324,249,4,245
48110325,674,167,507
48110326,681,37,644
48110327,431,27,404
48110328,410,19,391
48110329,640,92,548
48110330,490,12,478
48110331,528,54,474
48110332,584,169,415
48110333,516,4,512
48110334,442,2,440
48110335,415,53,362
48110336,617,92,525
48110337,534,55,479
48110338,558,139,419
48110339,541,22,519
48110340,435,26,409
48110341,510,32,478
48110342,651,13,638
48110343,473,50,423
48110344,473,11,462
48110345,345,21,324
48110346,333,6,327
48110347,280,7,273
48110348,1292,99,1193
48110349,711,223,488
48110350,577,8,569
48110351,394,7,387
48110352,389,34,355
48110353,549,92,457
48110354,529,43,486
48110355,539,183,356
48110356,504,31,473
48110357,513,33,480
48110358,563,5,558
48110359,713,96,617
48110360,495,8,487
48110361,596,7,589
48110362,523,54,469
48110363,594,47,547
48110364,519,44,475
48110365,620,5,615
48110366,498,6,492
48110367,604,166,438
48110368,775,112,663
48110369,750,100,650
48110370,468,15,453
48110371,588,43,545
48110372,434,33,401
48110373,544,52,492
48110374,490,37,453
48110375,1041,165,876
48110376,662,136,526
48110377,494,96,398
48110378,794,10,784
48110379,392,102,290
48110380,16,14,2
48110381,560,67,493
48110382,538,2,536
48110383,397,15,382
48110384,535,38,497
48110385,482,18,464
48110386,547,80,467
48110387,1767,321,1446
48110388,596,147,449
48110389,759,48,711
48110390,493,39,454
48110391,769,27,742
48110392,463,99,364
48110393,1317,243,1074
48110394,675,34,641
48110395,2022,249,1773
48110396,529,59,470
48110397,654,76,578
48110398,698,54,644
48110399,1057,165,892
48110400,1389,28,1361
48110401,1185,30,1155
48110402,429,37,392
48110403,1132,135,997
48110404,536,85,451
48110405,892,78,814
48110406,943,166,777
48110408,370,81,289
48110410,787,175,612
48110412,440,87,353
48110415,716,96,620
48110416,272,13,259
48110417,657,45,612
48110418,594,6,588
48110419,597,20,577
48110420,781,45,736
48110421,432,50,382
48110422,639,34,605
48110423,646,100,546
48110424,705,54,651
48110425,604,17,587
48110426,729,101,628
48110438,321,23,298
48110439,1720,81,1639
48110441,280,49,231
48110442,765,62,703
48110443,511,1,510
48110444,1211,18,1193
48110445,349,4,345
48110446,950,6,944
48110447,423,6,417
48110448,889,81,808
48110449,254,1,253
48110451,430,6,424
48110633,679,69,610
48110634,235,3,232
48110635,492,11,481
48110636,577,6,571
48110637,610,49,561
48110638,958,23,935
48110639,858,34,824
48110640,473,56,417
48110641,764,12,752
48110642,324,3,321
48110643,613,74,539
48110644,462,16,446
48110645,502,57,445
48110646,469,48,421
48110647,678,91,587
48110648,464,12,452
48110649,444,15,429
48110650,739,44,695
48110651,635,249,386
48110652,987,91,896
48110653,471,44,427
48110654,1082,191,891
48110655,306,39,267
48110657,743,32,711
48110658,1362,29,1333
48110659,414,19,395
48110660,355,42,313
48110661,534,0,534
48110663,960,81,879
48110664,438,0,438
48110666,608,147,461
48110667,1082,30,1052
48110668,275,0,275
48110669,279,7,272
48110674,955,43,912
48110675,530,27,503
48110676,291,5,286
48110677,251,29,222
48110679,1095,29,1066
48110681,613,5,608
48110682,792,63,729
48110683,506,52,454
48110684,747,6,741
48110685,993,114,879
48110687,832,24,808
48110688,617,7,610
48110689,661,1,660
48110692,272,6,266
48110693,672,92,580
48110694,1062,20,1042
48110695,1077,2,1075
48110698,637,0,637
48110699,472,0,472
48110700,639,11,628
48110701,529,24,505
48110702,786,13,773
48110703,844,6,838
48110705,656,13,643
48110706,544,96,448
48110707,389,41,348
48110708,751,29,722
48110709,611,58,553
48110711,1269,150,1119
48110712,293,6,287
48110713,399,50,349
48110714,483,42,441
48110715,558,9,549
48110716,779,6,773
48110717,773,19,754
48110718,348,3,345
48110719,1121,31,1090
48110720,363,9,354
48110721,266,11,255
48110722,356,4,352
48110726,771,3,768
48110727,1211,103,1108
48110728,388,17,371
48110729,707,23,684
48110730,695,1,694
48110731,551,9,542
48110732,356,8,348
48110733,606,39,567
48110735,889,70,819
48110736,1157,41,1116
48110737,1087,40,1047
48110738,493,38,455
48110742,523,10,513
48110743,848,212,636
48110744,701,38,663
48110745,600,11,589
48110746,612,4,608
48110747,473,3,470
48110748,540,82,458
48110749,536,21,515
48110750,663,23,640
48110751,1127,96,1031
48110752,816,63,753
48110753,542,49,493
48110754,540,24,516
48110755,376,7,369
48110756,504,9,495
48110757,508,55,453
48110758,622,53,569
48110759,802,146,656
48110760,549,16,533
48110765,853,23,830
48110767,563,49,514
48110768,456,8,448
48110769,394,22,372
48110770,513,46,467
48110771,477,53,424
48110772,505,15,490
48110773,468,11,457
48110774,410,23,387
48110775,304,30,274
48110776,468,19,449
48110777,725,5,720
48110778,723,17,706
48110779,559,19,540
48110780,754,7,747
48110785,485,7,478
48110786,417,34,383
48110787,516,39,477
48110788,524,14,510
48110789,599,33,566
48110790,514,28,486
48110791,384,5,379
48110792,471,38,433
48110793,399,22,377
48110794,260,12,248
48110795,696,255,441
48110796,628,38,590
48110797,703,108,595
48110798,628,45,583
48110799,535,58,477
48110800,395,96,299
48110801,542,31,511
48110802,625,33,592
48110803,586,25,561
48110804,449,88,361
48110805,481,21,460
48110806,576,44,532
48110807,550,30,520
48110808,751,14,737
48110809,565,2,563
48110810,480,23,457
48110811,578,45,533
48110812,542,24,518
48110813,468,45,423
48110814,489,35,454
48110815,504,38,466
48110818,503,5,498
48110819,434,42,392
48110820,441,21,420
48110821,688,67,621
48110822,501,22,479
48110823,446,27,419
48110824,448,138,310
48110825,385,5,380
48110826,534,55,479
48110827,735,15,720
48110828,753,17,736
48110829,656,1,655
48110830,719,26,693
48110831,751,104,647
48110832,492,40,452
48110833,478,11,467
48110834,587,15,572
48110835,675,89,586
48110836,601,12,589
48110837,789,20,769
48110838,602,23,579
48110839,541,49,492
48110840,474,32,442
48110841,577,12,565
48110842,625,23,602
48110843,777,129,648
48110844,408,3,405
48110845,707,55,652
48110846,22,16,6
48110847,1019,116,903
48110848,514,61,453
48110849,668,30,638
48110850,979,6,973
48110851,702,38,664
48110852,496,14,482
48110853,312,2,310
48110854,650,30,620
48110855,676,54,622
48110856,733,25,708
48110857,663,44,619
48110858,563,9,554
48110859,595,56,539
48110860,489,32,457
48110861,603,9,594
48110862,806,18,788
48110866,600,3,597
48110867,656,3,653
48110868,963,27,936
48110869,730,40,690
48110870,618,17,601
48110871,524,7,517
48110872,664,31,633
48110873,527,25,502
48110874,762,14,748
48110875,553,79,474
48110876,623,11,612
48110877,639,34,605
48110878,576,38,538
48110879,493,77,416
48110880,510,16,494
48110881,539,4,535
48110882,284,31,253
48110883,660,4,656
48110884,735,18,717
48110885,431,6,425
48110886,501,6,495
48110887,612,32,580
48110889,546,33,513
48110890,846,16,830
48110891,729,20,709
48110892,992,12,980
48110893,1270,15,1255
48110894,389,8,381
48110895,547,25,522
48110896,371,5,366
48110897,453,13,440
48110898,1041,6,1035
48110899,733,8,725
48110900,518,27,491
48110901,372,12,360
48110902,738,63,675
48110903,478,8,470
48110904,444,29,415
48110905,721,32,689
48110906,708,23,685
48110907,836,27,809
48110908,310,10,300
48110909,447,28,419
48110910,498,1,497
48110911,431,36,395
48110912,414,21,393
48110913,648,89,559
48110921,1687,4,1683
48110923,975,49,926
48110924,484,14,470
48110929,262,1,261
48110930,914,82,832
48110931,615,20,595
48110932,737,111,626
48110933,583,32,551
48110934,545,0,545
48110935,588,2,586
48110936,701,4,697
48110937,538,20,518
48110943,874,51,823
48110944,388,41,347
48110945,463,15,448
48110946,530,60,470
48110947,301,33,268
48110948,1152,16,1136
48110949,477,16,461
48110950,942,6,936
48110951,788,17,771
48110952,1003,32,971
48110953,493,48,445
48110954,497,30,467
48110955,293,10,283
48110956,781,10,771
48110957,1772,45,1727
48110958,367,8,359
48110960,678,54,624
48110961,282,5,277
48110962,1219,53,1166
48110965,461,3,458
48110966,381,10,371
48110967,443,10,433
48110968,355,7,348
48110971,1020,8,1012
48110974,569,1,568
48110975,501,4,497
48110977,672,3,669
48110978,470,6,464
48110979,1153,49,1104
48110980,412,7,405
48110981,506,1,505
48110982,588,28,560
48110983,718,3,715
48110984,406,8,398
48110985,342,2,340
48110986,656,36,620
48110987,1108,9,1099
48110989,801,16,785
48110991,567,8,559
48110992,729,7,722
48110993,400,2,398
48110994,1005,60,945
48110995,965,4,961
48110996,765,2,763
48110997,714,12,702
48110998,450,14,436
48110999,686,58,628
48111000,480,4,476
48111001,331,1,330
48111002,820,102,718
48111003,1875,83,1792
48111006,1019,194,825
48111007,855,133,722
48111008,582,4,578
48111009,519,9,510
48111010,530,4,526
48111013,528,23,505
48111014,1072,25,1047
48111016,672,6,666
48111017,283,0,283
48111021,438,4,434
48111022,463,7,456
48111023,287,73,214
48111024,248,4,244
48111025,1292,164,1128
48111026,449,8,441
48111027,511,52,459
48111028,1051,7,1044
48111029,736,20,716
48111030,1093,165,928
48111035,737,32,705
48111036,595,46,549
48111037,353,23,330
48111038,926,23,903
48111039,309,10,299
48111041,675,30,645
48111042,389,10,379
48111043,686,15,671
48111045,678,44,634
48111046,1277,37,1240
48111047,685,113,572
48111048,1005,6,999
48111049,371,1,370
48111050,366,4,362
48111051,529,1,528
48111052,445,9,436
48111053,409,24,385
48111054,310,5,305
48111055,304,0,304
48111056,611,18,593
48111057,570,2,568
48111058,615,22,593
48111059,484,16,468
48111060,534,1,533
48111061,524,39,485
48111062,399,25,374
48111063,1549,212,1337
48111064,769,32,737
48111065,473,18,455
48111066,646,126,520
48111067,672,37,635
48111068,569,39,530
48111069,337,8,329
48111070,450,10,440
48111071,527,3,524
48111072,524,71,453
48111073,536,44,492
48111074,678,50,628
48111075,532,18,514
48111076,589,33,556
48111077,556,9,547
48111078,488,115,373
48111079,761,31,730
48111080,837,60,777
48111081,595,25,570
48111082,527,4,523
48111083,550,3,547
48111084,506,31,475
48111086,439,15,424
48111087,535,15,520
48111088,581,9,572
48111089,480,92,388
48111090,686,11,675
48111091,710,64,646
48111092,716,29,687
48111093,612,13,599
48111094,558,11,547
48111095,430,142,288
48111096,616,114,502
48111097,704,101,603
48111098,530,50,480
48111099,445,33,412
48111100,490,45,445
48111101,586,20,566
48111102,752,2,750
48111103,577,10,567
48111104,581,76,505
48111106,0,0,0
48111107,1492,6,1486
48111108,676,5,671
48111109,745,36,709
48111110,593,34,559
48111111,1076,159,917
48111113,501,3,498
48111114,622,64,558
48111115,955,41,914
48111116,856,182,674
48111117,547,13,534
48111119,983,36,947
48111124,42,36,6
48111125,536,3,533
48111126,453,16,437
48111127,571,47,524
48111128,567,59,508
48111129,438,59,379
48111130,584,147,437
48111131,583,9,574
48111132,689,110,579
48111133,415,49,366
48111134,623,100,523
48111135,647,102,545
48111136,570,36,534
48111137,653,48,605
48111138,780,119,661
48111139,584,89,495
48111140,670,79,591
48111141,531,72,459
48111142,608,30,578
48111143,502,52,450
48111144,998,6,992
48111145,743,16,727
48111147,535,1,534
48111148,448,0,448
48111149,879,143,736
48111150,570,23,547
48111152,817,3,814
48111153,516,95,421
48111154,728,36,692
48111155,258,4,254
48111156,525,4,521
48111157,1361,2,1359
48111158,427,15,412
48111159,376,4,372
48111160,605,32,573
48111161,56,55,1
48111162,605,9,596
48111163,571,23,548
48111164,232,4,228
48111165,686,14,672
48111167,456,18,438
48111168,464,24,440
48111169,615,138,477
48111171,379,21,358
48111172,748,120,628
48111173,576,144,432
48111174,452,62,390
48111176,768,118,650
48111180,1216,31,1185
48111181,454,59,395
48111182,725,79,646
48111183,583,18,565
48111184,841,28,813
48111185,1107,43,1064
48111187,434,23,411
48111188,788,62,726
48111189,399,10,389
48111190,528,66,462
48111192,533,5,528
48111193,517,23,494
48111194,530,7,523
48111195,664,22,642
48111202,1771,17,1754
48111203,2537,16,2521
48111205,914,9,905
48111206,715,9,706
48111207,362,2,360
48111208,780,29,751
48111209,535,14,521
48111210,444,1,443
48111244,0,0,0
48111247,689,11,678
48111248,317,1,316
48111249,1024,149,875
48111250,490,70,420
48111251,607,42,565
48111260,195,6,189
48111261,672,44,628
48111262,496,1,495
48111263,452,28,424
48111265,615,53,562
48111266,637,8,629
48111268,679,7,672
48111269,489,46,443
48111270,445,63,382
48111271,375,5,370
48111272,412,28,384
48111273,785,83,702
48111275,427,8,419
48111276,445,11,434
48111277,469,12,457
48111278,592,55,537
48111279,539,23,516
48111280,746,16,730
48111281,441,12,429
48111282,650,2,648
48111283,475,1,474
48111284,543,4,539
48111285,418,45,373
48111286,213,1,212
48111287,876,4,872
48111288,907,4,903
48111294,1350,6,1344
48111295,308,9,299
48111296,401,12,389
48111297,465,3,462
48111298,560,1,559
48111299,1121,73,1048
48111300,340,3,337
48111301,506,23,483
48111302,499,5,494
48111303,444,69,375
48111304,810,6,804
48111305,656,55,601
48111306,530,23,507
48111307,1071,34,1037
48111308,663,16,647
48111309,984,26,958
48111310,444,3,441
48111311,664,20,644
48111312,863,35,828
48111313,790,83,707
48111314,334,3,331
48111315,807,43,764
48111316,541,69,472
48111317,859,56,803
48111318,1292,21,1271
48111319,914,11,903
48111320,554,2,552
48111321,713,1,712
48111322,462,32,430
48111323,635,42,593
48111324,679,9,670
48111325,574,13,561
48111326,614,5,609
48111327,1180,11,1169
48111328,862,22,840
48111329,376,1,375
48111330,462,6,456
48111331,405,7,398
48111332,488,0,488
48111333,501,0,501
48111334,456,17,439
48111335,399,40,359
48111336,1141,22,1119
48111371,575,40,535
48111372,448,2,446
48111373,449,13,436
48111433,683,12,671
48111434,281,27,254
48111435,865,114,751
48111436,977,117,860
48111438,640,44,596
48111442,633,32,601
48111443,254,15,239
48111444,1122,46,1076
48111445,315,46,269
48111446,718,89,629
48111447,691,61,630
48111448,538,79,459
48111449,564,20,544
48111451,509,7,502
48111452,473,7,466
48111453,497,30,467
48111454,484,15,469
48111455,933,30,903
48111456,694,73,621
48111457,608,76,532
48111458,563,54,509
48111459,580,13,567
48111460,340,13,327
48111461,424,46,378
48111462,766,17,749
48111463,474,22,452
48111464,524,22,502
48111465,478,19,459
48111466,408,2,406
48111467,763,85,678
48111468,493,66,427
48111469,500,34,466
48111471,658,17,641
48111475,1469,17,1452
48111476,462,155,307
48111477,660,1,659
48111478,1336,93,1243
48111479,428,18,410
48111480,219,16,203
48111495,892,42,850
48111496,991,100,891
48111497,1203,206,997
48111499,1033,66,967
48111500,1180,149,1031
48111501,1837,185,1652
48111502,1077,17,1060
48111503,1434,20,1414
48111504,1560,68,1492
48111505,833,108,725
48111506,450,8,442
48111507,686,25,661
48111508,1068,28,1040
48111509,366,3,363
48111510,268,6,262
48111511,908,34,874
48111512,595,1,594
48111513,821,10,811
48111514,764,54,710
48111515,413,44,369
48111516,365,16,349
48111517,309,24,285
48111518,1044,3,1041
48111519,410,98,312
48111520,254,6,248
48111521,528,19,509
48111522,458,94,364
48111523,270,1,269
48111524,252,3,249
48111525,367,3,364
48111526,366,4,362
48111527,380,3,377
48111528,889,76,813
48111529,668,28,640
48111530,942,136,806
48111531,823,113,710
48111532,398,58,340
48111533,269,62,207
48111534,1082,36,1046
48111536,1208,23,1185
48111537,1029,14,1015
48111538,606,25,581
48111539,803,57,746
48111540,1014,50,964
48111541,1432,16,1416
48111543,911,13,898
48111544,608,12,596
48111545,696,10,686
48111546,795,32,763
48111547,531,84,447
48111548,702,110,592
48111549,711,22,689
48111550,707,49,658
48111551,589,16,573
48111552,650,108,542
48111553,524,59,465
48111554,480,5,475
48111555,559,75,484
48111556,526,25,501
48111557,877,105,772
48111558,977,76,901
48111559,495,32,463
48111560,476,16,460
48111561,545,32,513
48111562,550,57,493
48111563,548,51,497
48111564,502,18,484
48111565,543,35,508
48111566,8068,529,7539
48111567,660,6,654
48111568,459,19,440
48111569,516,17,499
48111570,889,74,815
48111571,1067,111,956
48111572,656,58,598
48111573,472,6,466
48111574,601,41,560
48111575,912,8,904
48111576,433,8,425
48111577,597,60,537
48111578,468,12,456
48111579,543,12,531
48111580,545,16,529
48111581,6468,397,6071
48111582,772,71,701
48111583,383,5,378
48111585,560,7,553
48111586,422,34,388
48111587,1319,66,1253
48111588,1054,98,956
48111589,606,26,580
48111590,520,3,517
48111591,414,90,324
48111592,2376,337,2039
48111593,1570,8,1562
48111594,1181,16,1165
48111595,819,41,778
48111597,829,125,704
48111598,491,10,481
48111599,737,52,685
48111601,377,4,373
48111602,1182,62,1120
48111603,774,5,769
48111604,575,22,553
48111605,794,26,768
48111606,703,11,692
48111607,439,14,425
48111608,798,68,730
48111609,466,37,429
48111610,605,96,509
48111611,865,65,800
48111612,555,20,535
48111613,509,1,508
48111614,682,2,680
48111615,916,10,906
48111616,464,2,462
48111617,1021,115,906
48111618,863,31,832
48111619,864,28,836
48111620,1032,24,1008
48111621,435,26,409
48111622,1156,18,1138
48111624,534,54,480
48111625,461,38,423
48111626,464,19,445
48111627,496,44,452
48111628,493,46,447
48111629,495,8,487
48111630,551,27,524
48111631,483,16,467
48111632,465,2,463
48111633,466,48,418
48111634,1197,1,1196
48111635,520,4,516
48111636,389,4,385
48111637,408,6,402
48111638,964,6,958
48111639,550,12,538
48111640,292,33,259
48111641,723,30,693
48111642,487,3,484
48111643,556,54,502
48111644,473,51,422
48111645,523,40,483
48111646,613,3,610
48111647,846,54,792
48111648,1092,121,971
48111649,1526,22,1504
48111650,731,36,695
48111651,865,42,823
48111652,879,158,721
48111653,1213,45,1168
48111654,685,26,659
48111655,1153,16,1137
48111656,6051,192,5859
48111657,470,55,415
48111658,560,12,548
48111659,610,53,557
48111660,1002,59,943
48111661,637,32,605
48111662,414,18,396
48111663,376,13,363
48111664,429,9,420
48111665,674,39,635
48111666,612,6,606
48111667,731,43,688
48111668,575,6,569
48111669,1010,2,1008
48111670,538,38,500
48111671,456,23,433
48111672,521,44,477
48111673,586,72,514
48111674,625,6,619
48111675,391,10,381
48111676,1271,42,1229
48111677,691,32,659
48111678,644,49,595
48111679,432,13,419
48111680,529,7,522
48111681,478,9,469
48111682,375,6,369
48111683,439,32,407
48111684,478,43,435
48111685,646,14,632
48111686,763,53,710
48111687,660,71,589
48111688,726,31,695
48111689,458,35,423
48111690,778,77,701
48111691,773,34,739
48111692,781,37,744
48111693,924,79,845
48111694,579,51,528
48111695,649,11,638
48111696,972,43,929
48111697,1129,51,1078
48111698,600,4,596
48111699,1841,1,1840
48111700,607,1,606
48111701,471,1,470
48111702,595,9,586
48111703,487,59,428
48111704,440,26,414
48111705,398,18,380
48111708,383,19,364
48111709,1959,70,1889
48111710,1959,70,1889
48111711,803,80,723
48111712,390,2,388
48111713,748,91,657
48111714,503,67,436
48111715,611,33,578
48111716,1011,70,941
48111717,480,34,446
48111718,459,52,407
48111719,565,32,533
48111720,752,14,738
48111721,246,11,235
48111722,727,26,701
48111723,577,77,500
48111724,833,20,813
48111725,680,3,677
48111726,3714,187,3527
48111727,720,3,717
48111728,569,68,501
48111729,377,2,375
48111730,4517,76,4441
48111731,544,38,506
48111732,500,23,477
48111734,570,7,563
48111735,528,25,503
48111740,536,7,529
48111741,554,37,517
48111742,494,47,447
48111743,570,1,569
48111744,434,4,430
48111745,599,2,597
48111746,439,16,423
48111747,571,2,569
48111748,694,65,629
48111749,816,35,781
48111750,590,58,532
48111751,930,101,829
48111752,943,69,874
48111753,497,3,494
48111754,438,41,397
48111755,1047,91,956
48111756,747,65,682
48111757,457,13,444
48111758,678,128,550
48111759,708,57,651
48111760,505,4,501
48111761,480,2,478
48111762,605,127,478
48111763,535,70,465
48111764,368,11,357
48111765,792,3,789
48111766,445,47,398
48111767,340,67,273
48111768,509,34,475
48111769,559,155,404
48111770,554,49,505
48111771,643,0,643
48111772,870,19,851
48111773,2606,2594,12
48111774,204,204,0
48111775,1014,1008,6
48111776,501,31,470
48111777,496,51,445
48111778,825,7,818
48111779,442,442,0
48111780,114,1,113
48111781,526,103,423
48111782,70,41,29
48111783,30,23,7
48111784,172,2,170
48111785,25,22,3
48111786,561,12,549
48111787,75,1,74
48111788,627,22,605
48111789,1065,2,1063
48111790,603,4,599
48111791,531,16,515
48111792,551,78,473
48111793,558,48,510
48111794,789,110,679
48111795,544,21,523
48111796,525,39,486
48111797,721,16,705
48111798,613,2,611
48111799,573,1,572
48111802,688,79,609
48111803,561,68,493
48111804,547,23,524
48111805,441,45,396
48111806,452,13,439
48111807,641,29,612
48111808,493,0,493
48111809,581,64,517
48111810,364,33,331
48111811,691,32,659
48111812,683,8,675
48111813,633,52,581
48111814,1121,9,1112
48111815,532,38,494
48111816,452,34,418
48111817,1104,60,1044
48111818,828,36,792
48111819,495,10,485
48111820,483,6,477
48111821,625,30,595
48111822,418,35,383
48111823,548,81,467
48111825,1874,28,1846
48111826,385,92,293
48111827,461,3,458
48111828,382,27,355
48111829,442,28,414
48111830,442,140,302
48111831,617,30,587
48111833,481,52,429
48111835,733,24,709
48111836,482,1,481
48111837,1721,65,1656
48111838,555,17,538
48111839,477,38,439
48111840,695,5,690
48111841,462,46,416
48111842,763,112,651
48111843,663,96,567
48111844,695,8,687
48111845,574,28,546
48111846,603,36,567
48111847,885,32,853
48111848,836,79,757
48111849,1041,49,992
48111850,1140,66,1074
48111851,640,113,527
48111854,1244,48,1196
48111855,2169,230,1939
48111856,210,39,171
48111857,2840,72,2768
48111858,675,6,669
48111859,591,0,591
48111860,846,23,823
48111861,553,87,466
48111862,725,16,709
48111863,944,37,907
48111865,441,2,439
48111868,393,4,389
48111869,650,35,615
48111870,338,13,325
48111871,2125,4,2121
48111872,1321,70,1251
48111873,473,44,429
48111874,866,113,753
48111875,487,59,428
48111876,599,42,557
48111877,853,30,823
48111878,1797,175,1622
48111880,797,22,775
48111882,468,79,389
48111883,825,84,741
48111884,595,51,544
48111886,1655,32,1623
48111889,842,87,755
48111890,642,9,633
48111891,764,16,748
48111892,621,33,588
48111893,567,37,530
48111894,545,7,538
48111895,563,25,538
48111897,664,9,655
48111898,939,2,937
48111899,499,32,467
48111900,572,5,567
48111901,1178,3,1175
48111902,499,26,473
48111903,562,59,503
48111904,575,2,573
48111908,505,24,481
48111909,399,41,358
48111910,436,1,435
48111911,886,26,860
48111913,568,1,567
48111914,1511,271,1240
48111915,722,54,668
48111916,950,1,949
48111917,576,54,522
48111918,589,47,542
48111919,423,7,416
48111920,743,17,726
48111921,540,9,531
48111922,463,40,423
48111923,1122,85,1037
48111924,514,40,474
48111925,837,36,801
48111926,471,3,468
48111927,407,36,371
48111928,431,52,379
48111929,560,33,527
48111930,537,2,535
48111931,618,26,592
48111932,327,2,325
48111933,633,34,599
48111934,894,80,814
48111935,585,2,583
48111936,394,10,384
48111937,459,39,420
48111938,585,57,528
48111939,2107,87,2020
48111940,455,16,439
48111941,563,29,534
48111942,606,57,549
48111943,657,9,648
48111944,1266,23,1243
48111945,504,62,442
48111946,606,52,554
48111947,765,23,742
48111948,1203,3,1200
48111949,935,32,903
48111950,668,7,661
48111951,699,4,695
48111952,587,35,552
48111953,715,16,699
48111954,495,39,456
48111955,487,15,472
48111956,501,6,495
48111957,584,11,573
48111958,787,73,714
48111959,3006,353,2653
48111960,1841,88,1753
48111961,605,27,578
48111962,409,23,386
48111963,696,7,689
48111964,626,45,581
48111965,466,0,466
48111966,869,59,810
48111967,1095,105,990
48111968,500,22,478
48111970,7231,508,6723
48111972,1098,21,1077
48111974,866,19,847
48111975,1003,35,968
48111976,793,24,769
48111977,884,16,868
48111978,1295,152,1143
48111979,986,105,881
48111980,4363,60,4303
48111981,1188,1172,16
48111982,682,652,30
48111984,1032,7,1025
48111985,1773,92,1681
48111986,575,26,549
48111987,516,48,468
48111988,0,0,0
48111989,549,30,519
48111990,713,21,692
48111991,594,36,558
48111992,575,45,530
48111993,467,44,423
48111994,2658,58,2600
48111995,536,38,498
48111996,810,1,809
48111997,432,84,348
48111998,85,4,81
48111999,551,26,525
48112000,444,15,429
48112001,1153,115,1038
48112002,596,47,549
48112003,2721,141,2580
48112004,661,40,621
48112005,592,2,590
48112006,739,9,730
48112007,602,3,599
48112008,790,755,35
48112009,375,375,0
48112010,810,171,639
48112011,701,60,641
48112012,664,4,660
48112013,631,27,604
48112014,707,141,566
48112015,895,63,832
48112016,0,0,0
48112017,692,691,1
48112018,1037,1030,7
48112019,12,10,2
48112020,34,32,2
48112022,11,8,3
48112023,740,114,626
48112024,33,27,6
48112025,799,29,770
48112026,684,2,682
48112028,652,27,625
48112029,18,12,6
48112030,182,6,176
48112031,870,26,844
48112032,623,40,583
48112033,851,94,757
48112034,1290,53,1237
48112037,522,37,485
48112038,585,13,572
48112039,424,27,397
48112040,1719,77,1642
48112042,465,9,456
48112043,625,17,608
48112048,950,9,941
48112049,1003,133,870
48112050,1394,85,1309
48112051,1011,28,983
48112052,596,19,577
48112053,619,39,580
48112054,742,25,717
48112055,476,1,475
48112056,580,10,570
48112057,961,100,861
48112058,699,11,688
48112059,860,10,850
48112060,5,5,0
48112061,806,14,792
48112062,111,2,109
48112063,121,2,119
48112064,50,41,9
48112065,40,2,38
48112066,646,107,539
48112067,782,2,780
48112068,594,145,449
48112069,841,39,802
48112070,570,7,563
48112071,457,4,453
48112072,644,33,611
48112073,661,19,642
48112074,815,23,792
48112075,825,8,817
48112076,275,87,188
48112077,542,20,522
48112078,401,2,399
48112079,482,0,482
48112080,497,71,426
48112081,310,1,309
48112082,497,7,490
48112083,440,47,393
48112084,500,40,460
48112085,619,13,606
48112086,623,55,568
48112087,449,45,404
48112088,1204,63,1141
48112090,708,60,648
48112092,550,3,547
48112093,401,120,281
48112094,1053,60,993
48112095,1170,66,1104
48112096,512,29,483
48112097,624,28,596
48112099,493,34,459
48112100,932,26,906
48112101,528,7,521
48112102,444,7,437
48112103,494,9,485
48112104,650,2,648
48112105,1034,68,966
48112106,933,49,884
48112107,85,7,78
48112108,448,4,444
48112109,762,11,751
48112110,590,0,590
48112111,504,11,493
48112112,476,19,457
48112113,493,0,493
48112114,0,0,0
48112115,28,28,0
48112116,940,101,839
48112117,1366,112,1254
48112118,2705,35,2670
48112119,672,4,668
48112120,920,22,898
48112121,535,9,526
48112122,868,83,785
48112123,541,36,505
48112124,477,10,467
48112125,466,63,403
48112126,828,213,615
48112127,539,100,439
48112128,825,98,727
48112129,779,137,642
48112130,566,0,566
48112131,788,0,788
48112132,804,35,769
48112133,1640,10,1630
48112134,5808,117,5691
48112135,553,4,549
48112136,716,5,711
48112137,575,2,573
48112138,488,3,485
48112139,388,13,375
48112140,672,172,500
48112141,605,34,571
48112142,0,0,0
48112143,10,7,3
48112144,518,2,516
48112145,664,56,608
48112146,741,51,690
48112147,435,37,398
48112148,1062,124,938
48112149,1495,67,1428
48112150,556,48,508
48112151,669,114,555
48112152,505,21,484
48112153,625,28,597
48112154,555,5,550
48112155,512,0,512
48112156,624,53,571
48112157,579,14,565
48112158,469,14,455
48112159,600,1,599
48112160,1103,5,1098
48112161,100,0,100
48112162,1089,20,1069
48112163,983,3,980
48112164,1138,72,1066
48112165,662,14,648
48112166,682,6,676
48112167,873,123,750
48112168,931,2,929
48112169,472,1,471
48112170,982,64,918
48112171,464,1,463
48112172,3696,281,3415
48112175,6903,312,6591
48112176,1563,78,1485
48112178,6893,329,6564
48112180,751,37,714
48112182,470,9,461
48112183,371,11,360
48112184,472,14,458
48112185,2113,30,2083
48112186,2429,165,2264
48112196,640,57,583
48112197,398,48,350
48112199,2893,98,2795
48112200,1051,60,991
48112201,443,0,443
48112202,723,14,709
48112203,1514,7,1507
48112204,3339,66,3273
48112205,1423,30,1393
48112206,771,78,693
48112207,893,5,888
48112208,684,22,662
48112209,5248,37,5211
48112210,1163,53,1110
48112211,715,7,708
48112212,2110,59,2051
48112213,657,2,655
48112214,271,4,267
48112215,1503,150,1353
48112216,2472,118,2354
48112217,5844,66,5778
48112218,1919,35,1884
48112221,1295,3,1292
48112224,1465,2,1463
48112225,2202,34,2168
48112226,2262,56,2206
48112227,1187,74,1113
48112228,2918,40,2878
48112231,1991,149,1842
48112232,562,80,482
48112233,488,106,382
48112234,233,82,151
48112235,1765,27,1738
48112236,6658,11,6647
48112237,550,17,533
48112238,619,3,616
48112239,472,0,472
48112240,630,36,594
48112241,1849,4,1845
48112242,1818,96,1722
48112243,4656,213,4443
48112244,5940,136,5804
48112246,2105,46,2059
48112247,10823,360,10463
48112248,4898,26,4872
48112249,1147,83,1064
48112250,1532,67,1465
48112252,611,18,593
48112253,580,4,576
48112254,6758,219,6539
48112255,4112,31,4081
48112256,1264,29,1235
48112257,469,29,440
48112258,1952,7,1945
48112259,641,162,479
48112260,1246,20,1226
48112261,63,42,21
48112262,3527,183,3344
48112263,779,17,762
48112264,814,64,750
48112265,984,31,953
48112266,900,2,898
48112267,2285,47,2238
48112268,1452,30,1422
48112269,1870,66,1804
48112270,2578,43,2535
48112271,1094,47,1047
48112272,5410,5,5405
48112273,3312,158,3154
48112274,668,92,576
48112275,587,27,560
48112276,41,39,2
48112277,590,6,584
48112280,805,2,803
48112281,918,26,892
48112282,1496,7,1489
48112283,851,2,849
48112284,925,15,910
48112285,1264,39,1225
48112286,876,1,875
48112287,935,12,923
48112288,910,17,893
48112289,1052,11,1041
48112290,845,30,815
48112291,674,8,666
48112292,517,4,513
48112293,885,15,870
48112294,664,6,658
48112295,524,69,455
48112296,4895,336,4559
48112297,895,73,822
48112298,726,30,696
48112299,879,23,856
48112300,2479,130,2349
48112302,1994,82,1912
48112303,301,23,278
48112304,5606,18,5588
48112305,840,6,834
48112306,427,44,383
48112307,1465,5,1460
48112308,6919,53,6866
48112309,6943,414,6529
48112310,2536,39,2497
48112311,1051,31,1020
48112312,1477,132,1345
48112313,1292,59,1233
48112314,974,5,969
48112315,2665,83,2582
48112316,1183,84,1099
48112317,840,18,822
48112318,886,34,852
48112319,679,13,666
48112320,1148,12,1136
48112321,717,24,693
48112322,509,51,458
48112323,819,45,774
48112324,1706,75,1631
48112325,886,72,814
48112326,874,17,857
48112327,1382,35,1347
48112328,752,3,749
48112329,691,9,682
48112330,1200,6,1194
48112331,1907,87,1820
48112332,1080,6,1074
48112333,696,14,682
48112334,1174,7,1167
48112335,3306,17,3289
48112338,2501,148,2353
48112339,1009,126,883
48112340,726,21,705
48112341,1284,41,1243
48112342,996,96,900
48112343,949,32,917
48112344,5,4,1
48112345,1755,112,1643
48112350,714,130,584
48112352,653,72,581
48112354,749,112,637
48112357,1047,36,1011
48112358,702,98,604
48112359,750,59,691
48112360,653,27,626
48112362,786,80,706
48112367,543,4,539
48112369,568,20,548
48112371,2338,55,2283
48112372,2187,154,2033
48112373,1514,98,1416
48112374,988,72,916
48112375,2252,69,2183
48112376,758,34,724
48112377,4971,285,4686
48112378,6606,121,6485
48112379,8432,228,8204
48112380,9408,327,9081
48112382,787,81,706
48112383,4569,494,4075
48112384,6383,796,5587
48112385,1784,43,1741
48112386,1621,65,1556
48112387,798,21,777
48112388,2714,81,2633
48112389,5869,227,5642
48112390,799,37,762
48112392,11534,266,11268
48112393,5694,92,5602
48112394,13553,342,13211
48112395,4082,117,3965
48112396,1763,71,1692
48112397,971,21,950
48112398,2170,116,2054
48112399,376,7,369
48112400,2680,33,2647
48112401,650,8,642
48112402,2078,31,2047
48112403,4083,5,4078
48112404,3330,32,3298
48112405,1161,26,1135
48112406,481,5,476
48112407,746,25,721
48112408,1016,20,996
48112409,894,19,875
48112410,1797,40,1757
48112411,853,20,833
48112412,1088,23,1065
48112413,704,9,695
48112414,3588,76,3512
48112415,1282,11,1271
48112416,943,17,926
48112417,1938,42,1896
48112419,732,53,679
48112420,540,5,535
48112421,920,19,901
48112422,1955,7,1948
48112423,3060,253,2807
48112424,845,45,800
48112425,171,0,171
48112426,518,13,505
48112428,483,12,471
48120140,703,195,508
48120141,713,7,706
48120142,520,96,424
48120143,624,89,535
48120144,694,155,539
48120145,526,249,277
48120146,522,244,278
48120147,331,39,292
48120148,514,84,430
48120149,502,92,410
48120150,553,154,399
48120151,835,115,720
48120153,206,205,1
48120154,526,56,470
48120155,590,3,587
48120156,897,40,857
48120157,1381,146,1235
48120158,160,1,159
48120159,1000,212,788
48120160,86,1,85
48120161,260,1,259
48120162,238,5,233
48120163,750,237,513
48120164,491,247,244
48120165,420,33,387
48120166,363,30,333
48120167,512,21,491
48120168,1200,147,1053
48120169,636,52,584
48120170,316,32,284
48120171,876,20,856
48120172,519,90,429
48120173,560,123,437
48120174,749,67,682
48120175,636,85,551
48120176,606,113,493
48120177,1009,95,914
48120178,279,12,267
48120179,251,3,248
48120180,280,2,278
48120181,412,29,383
48120182,335,36,299
48120183,246,2,244
48120184,641,71,570
48120185,604,128,476
48120186,500,77,423
48120187,464,17,447
48120188,2613,292,2321
48120189,514,84,430
48120190,529,2,527
48120191,615,84,531
48120192,1185,24,1161
48120193,1034,35,999
48120194,516,83,433
48120195,174,172,2
48120196,2810,224,2586
48120197,532,79,453
48120198,552,38,514
48120199,541,54,487
48120200,966,77,889
48120201,742,72,670
48120202,998,68,930
48120203,636,114,522
48120204,43,43,0
48120205,878,206,672
48120206,732,707,25
48120207,483,470,13
48120208,485,371,114
48120209,584,582,2
48120210,994,962,32
48120211,525,102,423
48120212,537,29,508
48120213,612,32,580
48120214,359,44,315
48120215,623,0,623
48120216,462,97,365
48120217,589,32,557
48120219,654,175,479
48120220,522,57,465
48120221,415,29,386
48120222,491,133,358
48120223,596,137,459
48120224,498,94,404
48120225,1005,180,825
48120226,550,166,384
48120227,495,78,417
48120228,470,32,438
48120230,54,52,2
48120231,621,156,465
48120232,519,186,333
48120233,422,3,419
48120234,540,94,446
48120235,562,4,558
48120236,337,336,1
48120237,727,721,6
48120238,453,45,408
48120239,517,36,481
48120240,473,25,448
48120241,2277,2192,85
48120242,568,164,404
48120243,279,49,230
48120244,264,111,153
48120245,495,7,488
48120246,393,386,7
48120247,1012,1010,2
48120248,392,100,292
48120249,448,440,8
48120250,548,93,455
48120251,577,198,379
48120252,793,652,141
48120253,453,402,51
48120254,557,377,180
48120255,548,11,537
48120256,491,14,477
48120257,192,6,186
48120258,459,29,430
48120259,438,35,403
48120260,317,24,293
48120261,360,6,354
48120263,523,66,457
48120264,614,165,449
48120268,264,127,137
48120270,0,0,0
48130178,559,66,493
48130180,88,54,34
48130181,108,2,106
48130183,380,82,298
48130186,575,16,559
48130187,496,44,452
48130188,587,4,583
48130189,829,138,691
48130190,650,209,441
48130191,763,50,713
48130192,500,42,458
48130193,383,59,324
48130194,372,2,370
48130195,652,73,579
48130196,484,18,466
48130197,487,33,454
48130198,417,42,375
48130199,474,4,470
48130200,435,11,424
48130201,43,10,33
48130202,402,0,402
48130203,363,76,287
48130204,399,16,383
48130205,524,38,486
48130206,482,30,452
48130207,746,16,730
48130208,455,51,404
48130209,377,31,346
48130210,942,56,886
48130211,480,9,471
48130212,500,14,486
48130213,412,11,401
48130214,521,6,515
48130215,468,65,403
48130216,541,8,533
48130217,555,6,549
48130218,410,7,403
48130219,444,0,444
48130220,560,24,536
48130221,442,9,433
48130222,411,33,378
48130223,346,33,313
48130224,498,31,467
48130225,463,22,441
48130226,498,79,419
48130227,532,57,475
48130228,595,45,550
48130229,493,9,484
48130230,490,52,438
48130231,573,32,541
48130232,594,64,530
48130233,551,0,551
48130234,644,99,545
48130235,458,11,447
48130236,512,121,391
48130237,612,39,573
48130238,101,9,92
48130239,855,4,851
48130240,279,19,260
48130241,131,5,126
48130242,1254,100,1154
48130243,615,32,583
48130244,329,10,319
48130245,550,23,527
48130246,913,4,909
48130247,1032,3,1029
48130248,245,13,232
48130249,434,2,432
48130250,152,3,149
48130251,137,15,122
48130252,162,16,146
48130253,8,6,2
48130254,5,5,0
48130255,868,87,781
48130256,69,32,37
48130257,151,7,144
48130258,444,439,5
48130259,317,317,0
48130260,497,40,457
48130261,487,98,389
48130262,45,7,38
48130263,617,74,543
48130264,422,11,411
48130265,521,86,435
48130266,634,132,502
48130267,419,21,398
48130268,446,32,414
48130269,448,19,429
48130270,329,78,251
48130271,409,2,407
48130272,499,17,482
48130273,424,50,374
48130274,595,106,489
48130275,962,62,900
48130276,1026,113,913
48130277,639,48,591
48130278,630,64,566
48130279,407,54,353
48130280,499,92,407
48130281,679,181,498
48130282,492,124,368
48130283,350,72,278
48130284,530,76,454
48130285,335,32,303
48130286,458,94,364
48130287,518,135,383
48130288,1037,98,939
48130289,1253,321,932
48130290,1434,110,1324
48130291,356,34,322
48130292,556,4,552
48130293,506,145,361
48130294,825,22,803
48130295,555,45,510
48130296,314,3,311
48130297,384,36,348
48130298,466,17,449
48130299,286,17,269
48130300,521,94,427
48130301,166,7,159
48130302,401,130,271
48130303,575,74,501
48130304,496,141,355
48130305,465,0,465
48130306,429,8,421
48130307,562,87,475
48130308,436,31,405
48130309,504,29,475
48130310,497,40,457
48130311,442,15,427
48130312,424,9,415
48130313,476,8,468
48130314,429,2,427
48130315,439,51,388
48130316,66,42,24
48130317,371,18,353
48130318,59,28,31
48130319,451,44,407
48130320,146,14,132
48130321,34,2,32
48130322,227,11,216
48130323,47,1,46
48130324,429,97,332
48130327,607,89,518
48130330,426,66,360
48130331,416,52,364
48140055,0,0,0
48140056,387,12,375
48140058,434,28,406
48140059,645,46,599
48140060,604,39,565
48140061,432,17,415
48140062,434,95,339
48140063,847,97,750
48140064,404,43,361
48140067,1091,282,809
48140068,347,139,208
48140070,822,25,797
48140071,666,107,559
48140073,523,23,500
48140075,581,34,547
48140076,1207,119,1088
48140077,449,65,384
48140078,603,3,600
48140079,734,47,687
48140080,983,86,897
48140081,657,83,574
48140082,341,20,321
48140083,575,26,549
48140084,481,26,455
48140085,394,5,389
48140086,953,54,899
48140087,431,7,424
48140088,420,98,322
48140089,472,72,400
48140090,314,26,288
48140091,961,90,871
48140092,757,62,695
48140093,708,38,670
48140094,459,12,447
48140095,657,131,526
48140096,688,47,641
48140097,458,9,449
48140098,546,20,526
48140099,500,48,452
48140100,584,53,531
48140101,401,26,375
48140102,611,6,605
48140103,523,10,513
48140104,514,3,511
48140105,553,42,511
48142190,289,4,285
48142191,659,41,618
48142192,660,24,636
48142193,543,1,542
48142194,325,94,231
48142195,653,69,584
48142196,446,1,445
48150079,411,23,388
48150080,459,18,441
48150081,498,0,498
48150082,452,0,452
48150083,492,0,492
48150084,588,1,587
48150085,494,2,492
48150086,595,18,577
48150087,0,0,0
48150088,108,0,108
48150089,0,0,0
48150090,7,3,4
48150091,595,118,477
48150092,647,7,640
48150093,540,4,536
48150094,609,34,575
48150095,461,5,456
48150096,498,9,489
48150097,479,7,472
48150098,442,12,430
48150099,225,3,222
48150100,553,4,549
48150101,1039,4,1035
48150102,226,7,219
48150103,414,3,411
48150104,395,10,385
48150105,1711,150,1561
48150106,387,14,373
48150107,543,3,540
48150108,508,4,504
48150109,373,8,365
48150110,366,31,335
48150111,474,39,435
48150112,1122,90,1032
48150113,564,11,553
48150114,1543,8,1535
48150115,136,82,54
48150116,0,0,0
48150117,1117,1117,0
48150118,0,0,0
48150119,1479,1472,7
48150120,432,431,1
48150121,720,0,720
48150122,19,19,0
48150123,51,36,15
48150124,14,14,0
48150125,80,6,74
48150126,854,840,14
48150127,21,4,17
48150129,676,4,672
48150130,525,11,514
48150131,370,3,367
48150132,1461,23,1438
48150133,342,0,342
48150134,383,23,360
48150135,1867,3,1864
48150136,1294,19,1275
48150137,96,11,85
48150138,436,8,428
48150139,533,52,481
48150140,422,16,406
48150141,326,14,312
48150142,475,10,465
48150143,582,5,577
48150144,512,71,441
48150145,563,5,558
48150146,459,25,434
48150147,489,4,485
48150148,410,5,405
48150149,498,4,494
48150150,306,21,285
48150151,294,0,294
48160085,31,30,1
48160087,0,0,0
48160088,0,0,0
48160089,0,0,0
48160090,101,96,5
48160091,0,0,0
48160092,0,0,0
48160094,0,0,0
48160095,0,0,0
48160096,5,4,1
48160097,0,0,0
48160098,0,0,0
48160099,139,138,1
48160100,0,0,0
48160101,0,0,0
48160102,0,0,0
48160106,802,750,52
48160109,0,0,0
48160110,136,122,14
48160111,1342,188,1154
48160112,252,47,205
48160114,235,8,227
48160115,308,3,305
48160116,226,0,226
48160117,463,65,398
48160118,224,34,190
48160119,518,61,457
48160120,873,33,840
48160124,371,44,327
48160125,590,68,522
48160126,647,127,520
48160127,283,111,172
48160128,620,131,489
48160129,929,34,895
48160131,363,23,340
48160132,537,40,497
48160133,812,68,744
48160134,566,6,560
48160135,1055,20,1035
48160136,613,190,423
48160139,240,15,225
48160140,376,58,318
48160141,248,10,238
48160142,304,1,303
48160144,381,59,322
48160145,421,135,286
48160146,238,0,238
48160148,486,48,438
48160149,689,0,689
48160151,879,167,712
48160152,439,51,388
48160153,441,47,394
48160154,546,50,496
48160156,463,42,421
48160158,375,35,340
48160159,330,4,326
48160160,593,2,591
48160161,469,23,446
48160162,248,57,191
48160163,621,66,555
48160164,365,49,316
48160165,953,12,941
48160166,491,14,477
48160168,378,21,357
48160169,238,5,233
48160170,394,14,380
48160171,470,44,426
48160173,318,29,289
48160174,545,81,464
48160175,456,112,344
48160176,312,1,311
48160177,340,46,294
48160178,412,2,410
48160180,591,58,533
48160181,393,34,359
48160182,206,2,204
48160183,185,182,3
48160184,525,195,330
48160185,455,454,1
48160187,692,591,101
48160188,21,19,2
48160192,292,279,13
48160193,878,869,9
48160196,1247,110,1137
48160198,615,88,527
48160199,654,62,592
48160201,568,56,512
48160203,83,4,79
48160204,771,84,687
48160206,925,65,860
48160207,261,5,256
48160208,238,6,232
48160209,120,9,111
48160210,284,68,216
48160211,151,0,151
48160212,248,13,235
48160213,824,57,767
48160215,1327,173,1154
48160217,989,53,936
48160218,1359,85,1274
48160219,1389,21,1368
48160221,2288,83,2205
48160222,2926,156,2770
48160227,1380,142,1238
48160228,2482,117,2365
48160229,847,43,804
48160230,785,36,749
48160231,525,56,469
48160232,836,35,801
48160233,1151,319,832
48160234,1977,93,1884
48160235,455,27,428
48160236,96,1,95
48160237,2887,114,2773
48160238,477,29,448
48160239,1009,38,971
48160240,935,43,892
48160241,1152,32,1120
48160243,2778,6,2772
48160244,242,0,242
48160245,525,3,522
48160246,604,8,596
48160248,518,68,450
48160249,802,106,696
48160250,855,53,802
48160251,592,30,562
48160252,954,35,919
48160253,640,56,584
48160254,1009,110,899
48160255,329,23,306
48160256,478,39,439
48160257,550,27,523
48160258,1038,8,1030
48160259,647,29,618
48160260,870,24,846
48170203,312,312,0
48170204,150,10,140
48170205,1468,491,977
48170206,243,86,157
48170207,291,113,178
48170208,338,73,265
48170209,591,131,460
48170210,54,54,0
48170211,320,184,136
48170212,545,544,1
48170213,820,215,605
48170214,232,230,2
48170215,319,45,274
48170216,276,0,276
48170217,235,233,2
48170218,962,1,961
48170219,443,3,440
48170220,460,0,460
48170221,1889,2,1887
48170222,353,11,342
48170223,1382,18,1364
48170224,967,2,965
48170225,1009,4,1005
48170226,250,241,9
48170227,118,81,37
48170228,866,86,780
48170229,0,0,0
48170230,10,8,2
48170231,0,0,0
48170232,104,104,0
48170233,344,94,250
48170234,312,192,120
48170235,274,263,11
48170236,1305,2,1303
48170237,0,0,0
48170238,622,509,113
48170239,294,73,221
48170240,417,59,358
48170241,400,12,388
48170242,374,71,303
48170243,450,52,398
48170245,459,85,374
48170246,290,23,267
48170248,713,136,577
48170249,533,214,319
48170250,337,55,282
48170252,2,2,0
48170253,677,127,550
48170254,969,75,894
48170256,307,67,240
48170257,803,62,741
48170258,590,48,542
48170259,396,10,386
48170260,314,37,277
48170261,10,10,0
48170262,780,769,11
48170263,163,163,0
48170264,495,486,9
48170265,581,558,23
48170266,315,37,278
48170267,16,16,0
48170268,533,530,3
48170269,5,5,0
48170270,316,314,2
48170271,205,205,0
48170272,434,378,56
48170273,200,198,2
48170274,585,570,15
48170275,465,465,0
48170276,110,85,25
48170277,672,664,8
48170278,856,698,158
48170279,522,464,58
48170280,174,174,0
48170281,473,353,120
48170282,273,271,2
48170283,292,93,199
48170284,296,54,242
48170285,0,0,0
48170286,0,0,0
48170287,0,0,0
48170288,0,0,0
48170289,880,166,714
48170290,337,4,333
48170291,967,174,793
48170292,509,89,420
48170293,344,0,344
48170294,423,119,304
48170295,310,32,278
48170296,483,137,346
48170297,5,5,0
48170298,411,25,386
48170299,14,11,3
48170300,537,183,354
48170301,123,44,79
48170302,500,302,198
48170303,905,245,660
48170304,566,218,348
48170305,937,270,667
48170306,556,62,494
48170307,9,9,0
48170308,639,110,529
48170309,530,219,311
48170310,892,862,30
48170311,537,316,221
48170312,0,0,0
48170314,0,0,0
48170315,0,0,0
48170316,436,427,9
48170317,0,0,0
48170318,188,5,183
48170321,316,260,56
48170322,170,170,0
48170325,5,3,2
48170326,475,358,117
48170327,531,531,0
48170328,0,0,0
48170329,798,793,5
48170330,139,139,0
48170332,589,208,381
48170333,606,175,431
48170334,443,108,335
48170335,459,169,290
48170336,530,187,343
48170337,429,112,317
48170338,745,703,42
48170340,442,32,410
48170341,372,302,70
48170342,335,44,291
48170343,296,36,260
48170344,315,50,265
48170345,423,99,324
48170346,48,48,0
48170347,1280,1257,23
48170348,1782,1754,28
48170349,425,419,6
48170350,0,0,0
48170351,925,912,13
48170352,357,73,284
48170353,472,41,431
48170354,320,13,307
48170355,343,24,319
48170356,1015,124,891
48170358,700,80,620
48170360,605,123,482
48170361,559,35,524
48170363,325,5,320
48170364,542,355,187
48170365,432,284,148
48180036,541,4,537
48180037,790,82,708
48180038,635,25,610
48180039,755,64,691
48180040,63,62,1
48180041,757,740,17
48180042,860,830,30
48180043,756,135,621
48180044,728,188,540
48180045,704,59,645
48180046,460,43,417
48180047,635,21,614
48180048,593,31,562
48180049,543,51,492
48180050,515,3,512
48180051,458,102,356
48180052,578,45,533
48180053,982,132,850
48180054,482,30,452
48180055,377,4,373
48180056,329,22,307
48180057,407,82,325
48180058,605,75,530
48180059,541,59,482
48180060,652,59,593
48190148,344,32,312
48190149,510,1,509
48190150,519,66,453
48190151,354,1,353
48190152,377,1,376
48190153,658,39,619
48190154,346,22,324
48190155,459,32,427
48190156,537,9,528
48190157,555,31,524
48190158,429,42,387
48190159,388,10,378
48190160,620,3,617
48190163,1353,172,1181
48190164,968,59,909
48190165,546,46,500
48190166,1350,71,1279
48190168,626,17,609
48190169,1233,16,1217
48190170,431,27,404
48190171,939,88,851
48190172,1620,90,1530
48190175,3200,324,2876
48190176,736,41,695
48190177,474,70,404
48190178,528,46,482
48190179,623,3,620
48190180,775,132,643
48190181,593,82,511
48190182,544,65,479
48190183,567,202,365
48190184,595,36,559
48190187,503,21,482
48190190,742,3,739
48190191,1127,19,1108
48190197,410,82,328
48190199,535,45,490
48190204,491,51,440
48190205,960,207,753
48190206,418,4,414
48190208,735,130,605
48190210,406,103,303
48190211,603,52,551
48190212,438,56,382
48190213,578,41,537
48190214,1032,74,958
48190216,961,224,737
48190217,465,34,431
48190218,498,2,496
48190219,509,75,434
48190220,625,22,603
48190221,355,7,348
48190224,347,30,317
48190225,544,14,530
48190226,425,94,331
48190227,473,63,410
48190228,376,19,357
48190232,827,19,808
48190234,434,5,429
48190238,370,46,324
48190241,539,54,485
48190243,537,184,353
48190245,433,1,432
48190246,796,69,727
48190247,750,28,722
48190248,457,27,430
48190249,454,80,374
48190250,567,19,548
48190251,541,126,415
48190252,466,12,454
48190253,593,25,568
48190254,644,69,575
48190255,498,58,440
48190256,830,137,693
48190257,472,8,464
48190258,549,6,543
48190259,473,22,451
48190260,758,6,752
48190261,466,29,437
48190262,507,503,4
48190263,377,21,356
48190264,461,19,442
48190265,289,13,276
48190266,685,128,557
48190267,406,52,354
48190268,413,7,406
48190269,665,176,489
48190270,423,31,392
48190271,384,36,348
48190272,452,24,428
48190273,427,34,393
48190274,518,71,447
48190275,439,30,409
48190276,471,49,422
48190277,485,9,476
48190278,562,41,521
48190279,404,41,363
48190280,511,46,465
48190281,453,11,442
48190282,429,10,419
48190283,318,1,317
48190284,157,150,7
48190285,519,5,514
48190286,579,86,493
48190287,728,129,599
48190288,734,94,640
48190289,298,124,174
48190290,528,63,465
48190291,539,95,444
48190292,792,21,771
48190293,518,49,469
48190294,1283,108,1175
48190295,493,63,430
48190296,703,86,617
48190297,588,118,470
48190298,321,29,292
48190299,459,118,341
48190300,470,6,464
48190301,437,3,434
48190302,471,71,400
48190303,669,101,568
48190305,400,63,337
48190306,224,12,212
48190307,399,12,387
48190308,556,49,507
48190309,471,24,447
48190310,354,11,343
48190311,370,25,345
48190312,422,31,391
48190313,301,98,203
48190314,289,136,153
48190315,374,77,297
48190358,742,109,633
48190360,888,18,870
48190363,1756,33,1723
48190364,2007,93,1914
48190367,377,30,347
48190368,357,1,356
48190369,339,30,309
48190372,604,60,544
48190376,420,22,398
48190377,452,78,374
48190378,382,50,332
48190379,592,157,435
48190382,314,33,281
48190383,935,16,919
48190384,777,127,650
48190385,507,58,449
48190386,685,30,655
48190387,783,97,686
48190388,836,121,715
48190389,289,16,273
48190390,615,56,559
48190391,543,21,522
48190393,243,70,173
48190394,360,133,227
48190396,696,24,672
48190397,730,78,652
48190398,456,76,380
48190399,8,0,8
48190401,1085,74,1011
48190402,1612,115,1497
48190403,1179,97,1082
48190404,670,79,591
48190406,711,31,680
48190407,391,37,354
48190408,275,19,256
48190409,766,66,700
48190410,1154,71,1083
48190411,1169,81,1088
48190415,1837,80,1757
48190417,1158,60,1098
48190418,1347,89,1258
48190419,896,45,851
48190421,530,77,453
48190422,1041,119,922
48190423,476,43,433
48190424,1035,73,962
48190427,1256,151,1105
48190429,633,31,602
48190433,2277,239,2038
48190437,1166,93,1073
48190440,767,70,697
48190444,676,32,644
48190446,838,15,823
48190448,1883,202,1681
48190451,272,34,238
48190452,497,64,433
48190453,670,79,591
48190454,338,4,334
48190455,802,42,760
48190456,174,34,140
48190457,1438,161,1277
48190458,2178,7,2171
59010123,380,34,346
59010124,578,31,547
59010125,523,17,506
59010126,756,3,753
59010127,329,133,196
59010128,525,24,501
59010129,422,89,333
59010130,523,29,494
59010131,464,42,422
59010132,521,45,476
59010133,839,59,780
59010134,594,13,581
59010135,409,1,408
59010136,142,105,37
59010137,488,1,487
59010138,647,2,645
59010139,662,36,626
59010140,561,92,469
59010141,381,18,363
59010142,433,53,380
59010143,567,30,537
59010144,0,0,0
59010145,0,0,0
59010146,179,144,35
59010147,1,0,1
59010149,504,34,470
59010150,573,40,533
59010151,566,4,562
59010152,604,43,561
59010153,682,42,640
59010154,491,13,478
59010155,515,74,441
59010156,1251,166,1085
59010157,427,4,423
59010158,505,34,471
59010159,458,15,443
59010160,442,42,400
59010161,442,45,397
59010162,411,17,394
59010163,449,48,401
59010164,1064,84,980
59010165,800,48,752
59010166,430,11,419
59010167,498,21,477
59010168,418,25,393
59010169,643,17,626
59010170,481,4,477
59010171,507,56,451
59010172,409,1,408
59010173,398,20,378
59010174,410,47,363
59010175,413,31,382
59010176,1032,73,959
59010177,553,24,529
59010178,573,16,557
59010179,488,94,394
59010180,668,83,585
59010181,700,35,665
59010182,491,57,434
59010183,538,31,507
59010184,492,40,452
59010185,520,32,488
59010186,439,75,364
59010187,436,150,286
59010188,371,6,365
59010189,350,6,344
59010190,439,59,380
59010191,363,35,328
59010192,448,62,386
59010193,454,13,441
59010194,445,7,438
59010195,445,27,418
59010196,450,48,402
59010197,456,23,433
59010198,527,74,453
59010199,445,48,397
59010200,671,18,653
59010202,1004,66,938
59010203,5,5,0
59010204,556,5,551
59010205,545,39,506
59010206,564,17,547
59010207,948,3,945
59010208,572,21,551
59010209,437,6,431
59010210,383,27,356
59010211,461,24,437
59010212,504,16,488
59010213,562,26,536
59010214,77,75,2
59010216,2,1,1
59010217,467,0,467
59010218,652,7,645
59010219,417,1,416
59010220,573,2,571
59010221,467,33,434
59010222,498,35,463
59010223,562,13,549
59010224,490,28,462
59010226,397,63,334
59010227,585,9,576
59010228,353,4,349
59010229,509,24,485
59010230,450,27,423
59010231,277,24,253
59010232,809,122,687
59010233,815,7,808
59010234,613,31,582
59010236,0,0,0
59010237,0,0,0
59010238,479,46,433
59010239,422,7,415
59010240,371,1,370
59010241,569,11,558
59010242,676,2,674
59010244,504,12,492
59010245,1027,21,1006
59010247,0,0,0
59010248,436,36,400
59010249,0,0,0
59010254,434,25,409
59010255,1233,7,1226
59030128,443,5,438
59030129,451,24,427
59030130,485,77,408
59030131,653,27,626
59030132,457,31,426
59030133,0,0,0
59030134,421,4,417
59030135,447,9,438
59030136,198,3,195
59030137,571,4,567
59030138,271,10,261
59030139,448,7,441
59030140,404,13,391
59030141,602,21,581
59030142,423,40,383
59030143,448,23,425
59030144,663,50,613
59030145,705,35,670
59030146,540,13,527
59030147,539,27,512
59030148,462,5,457
59030149,547,23,524
59030150,473,52,421
59030151,501,5,496
59030152,479,12,467
59030153,504,40,464
59030154,459,4,455
59030155,468,4,464
59030156,781,39,742
59030157,540,33,507
59030158,596,48,548
59030159,522,11,511
59030160,555,34,521
59030161,522,15,507
59030162,547,11,536
59030163,828,20,808
59030164,528,19,509
59030165,345,11,334
59030166,731,36,695
59030167,559,42,517
59030168,0,0,0
59030169,596,18,578
59030170,677,40,637
59030171,428,0,428
59030172,835,29,806
59030173,393,17,376
59030174,411,3,408
59030175,705,5,700
59030176,825,97,728
59030177,446,32,414
59030178,732,22,710
59030179,67,55,12
59030180,413,62,351
59030181,395,53,342
59030182,409,25,384
59030183,438,55,383
59030184,394,10,384
59030185,457,137,320
59030186,404,30,374
59030187,883,66,817
59030188,527,1,526
59030189,461,8,453
59030190,505,15,490
59030191,761,77,684
59030192,774,19,755
59030193,979,5,974
59030194,595,14,581
59030195,651,66,585
59030196,0,0,0
59030197,717,56,661
59030198,464,40,424
59030199,567,36,531
59030200,563,22,541
59030201,571,94,477
59030202,528,6,522
59030203,529,18,511
59030204,509,35,474
59030205,523,37,486
59030206,114,97,17
59030207,506,29,477
59030208,553,24,529
59030209,525,6,519
59030210,497,6,491
59030211,475,13,462
59030212,573,60,513
59030213,853,53,800
59030214,333,19,314
59030215,620,18,602
59030216,482,13,469
59030217,597,12,585
59030218,194,21,173
59030219,450,19,431
59030220,660,36,624
59030221,372,13,359
59030222,896,17,879
59030223,662,7,655
59030224,548,30,518
59030225,473,17,456
59030226,478,0,478
59030227,475,1,474
59030228,467,0,467
59030229,421,7,414
59030230,547,4,543
59030231,447,6,441
59030232,410,6,404
59030233,463,11,452
59030234,380,56,324
59030235,614,22,592
59030237,447,11,436
59030238,403,23,380
59030239,475,1,474
59030241,447,22,425
59030242,300,11,289
59030243,418,38,380
59030244,459,63,396
59030246,462,2,460
59050062,606,13,593
59050063,568,28,540
59050064,659,41,618
59050065,598,1,597
59050066,536,0,536
59050067,519,2,517
59050068,497,37,460
59050069,520,51,469
59050070,644,106,538
59050071,463,19,444
59050072,466,44,422
59050073,733,75,658
59050074,736,2,734
59050075,693,5,688
59050076,479,27,452
59050077,425,6,419
59050078,401,2,399
59050079,571,1,570
59050080,701,10,691
59050081,584,13,571
59050082,649,26,623
59050083,527,8,519
59050084,638,37,601
59050085,532,13,519
59050086,797,37,760
59050087,754,15,739
59050088,347,4,343
59050089,582,24,558
59050090,628,33,595
59050091,420,23,397
59050092,515,36,479
59050093,574,43,531
59050094,492,12,480
59050095,525,4,521
59050096,827,88,739
59050097,582,3,579
59050098,690,46,644
59050099,642,13,629
59050100,914,50,864
59050101,499,4,495
59050102,458,32,426
59050103,544,5,539
59050105,651,37,614
59050106,738,5,733
59050108,504,21,483
59050109,387,1,386
59050110,515,3,512
59050111,461,111,350
59050112,603,96,507
59050113,650,23,627
59050114,306,38,268
59050115,860,27,833
59050118,487,1,486
59070135,445,27,418
59070136,402,42,360
59070137,482,55,427
59070138,15,1,14
59070139,383,23,360
59070140,844,24,820
59070141,458,46,412
59070142,616,17,599
59070144,0,0,0
59070145,509,88,421
59070146,574,38,536
59070147,58,52,6
59070148,85,71,14
59070149,673,72,601
59070150,10,6,4
59070151,407,22,385
59070152,563,120,443
59070153,642,2,640
59070154,809,14,795
59070155,417,11,406
59070156,59,56,3
59070157,621,2,619
59070158,83,79,4
59070159,26,15,11
59070160,493,18,475
59070161,369,21,348
59070162,578,33,545
59070163,531,62,469
59070164,523,14,509
59070165,794,68,726
59070166,551,14,537
59070167,568,45,523
59070168,375,2,373
59070169,734,15,719
59070170,410,22,388
59070171,511,48,463
59070172,619,16,603
59070173,507,1,506
59070174,596,8,588
59070175,426,12,414
59070176,482,2,480
59070177,373,11,362
59070178,609,28,581
59070180,485,8,477
59070181,812,2,810
59070182,320,6,314
59070183,569,28,541
59070184,517,10,507
59070185,487,48,439
59070186,591,4,587
59070187,384,4,380
59070188,496,37,459
59070189,570,21,549
59070190,382,38,344
59070191,472,3,469
59070192,582,4,578
59070193,552,17,535
59070194,496,0,496
59070195,518,3,515
59070196,565,37,528
59070197,648,22,626
59070198,544,31,513
59070199,434,12,422
59070200,272,2,270
59070201,442,2,440
59070202,486,17,469
59070203,750,29,721
59070204,449,44,405
59070205,385,13,372
59070206,799,13,786
59070207,305,2,303
59070208,357,75,282
59070209,350,9,341
59070210,360,12,348
59070211,417,6,411
59070212,575,121,454
59070213,410,15,395
59070214,783,24,759
59070215,565,10,555
59070216,431,6,425
59070217,381,81,300
59070218,331,18,313
59070219,449,20,429
59070220,473,23,450
59070221,426,17,409
59070222,394,18,376
59070223,541,9,532
59070224,412,21,391
59070225,509,52,457
59070226,440,3,437
59070227,334,7,327
59070228,1073,85,988
59070229,1206,15,1191
59070230,359,128,231
59070231,423,5,418
59070232,468,52,416
59070233,456,24,432
59070234,470,19,451
59070235,521,25,496
59070236,602,49,553
59070237,557,5,552
59070238,522,6,516
59070239,456,29,427
59070240,568,18,550
59070241,522,95,427
59070242,914,44,870
59070243,482,10,472
59070244,667,79,588
59070245,472,108,364
59070246,494,57,437
59070247,571,59,512
59070248,501,5,496
59070249,707,55,652
59070250,351,68,283
59070251,0,0,0
59070252,952,29,923
59070253,533,26,507
59070254,436,12,424
59070255,669,5,664
59070256,421,16,405
59070257,612,6,606
59070258,674,6,668
59070259,431,19,412
59070260,751,139,612
59070261,251,28,223
59070264,439,5,434
59070266,496,2,494
59070267,863,22,841
59070268,661,25,636
59070269,890,17,873
59070270,492,33,459
59070271,369,4,365
59070272,327,4,323
59070273,400,6,394
59070274,651,7,644
59070275,480,3,477
59070276,329,2,327
59070277,603,59,544
59070279,357,12,345
59070280,339,13,326
59070281,451,8,443
59070282,360,5,355
59070283,379,7,372
59070284,457,14,443
59070285,361,2,359
59070286,779,12,767
59070287,299,4,295
59070288,564,22,542
59070289,386,18,368
59070290,693,24,669
59070291,590,13,577
59070292,527,11,516
59070293,519,11,508
59070294,765,10,755
59070296,729,11,718
59070297,545,6,539
59070298,630,19,611
59070299,249,2,247
59070301,0,0,0
59070302,525,55,470
59070303,594,487,107
59070304,179,37,142
59070305,0,0,0
59070306,221,78,143
59070307,77,34,43
59070308,950,593,357
59090049,601,34,567
59090051,753,84,669
59090052,616,7,609
59090054,667,9,658
59090055,1195,5,1190
59090056,1517,63,1454
59090057,298,78,220
59090058,967,44,923
59090059,307,12,295
59090060,577,27,550
59090061,892,29,863
59090062,851,98,753
59090063,1255,110,1145
59090064,487,36,451
59090065,629,19,610
59090066,678,14,664
59090067,1372,128,1244
59090068,523,6,517
59090069,1013,44,969
59090070,981,4,977
59090071,713,25,688
59090072,964,71,893
59090073,673,18,655
59090074,439,7,432
59090075,1041,177,864
59090076,1005,54,951
59090078,1160,66,1094
59090080,931,24,907
59090081,744,5,739
59090082,461,16,445
59090083,335,3,332
59090084,547,44,503
59090085,819,35,784
59090086,638,34,604
59090087,444,12,432
59090088,682,48,634
59090089,1051,99,952
59090090,392,4,388
59090091,427,31,396
59090092,838,16,822
59090093,574,14,560
59090094,712,39,673
59090095,516,22,494
59090096,544,46,498
59090097,354,15,339
59090098,650,53,597
59090099,682,12,670
59090100,405,8,397
59090101,419,42,377
59090102,534,33,501
59090103,1153,70,1083
59090104,369,6,363
59090105,855,18,837
59090106,682,35,647
59090107,992,89,903
59090108,731,61,670
59090109,784,44,740
59090110,469,11,458
59090111,278,13,265
59090112,811,238,573
59090113,1134,22,1112
59090114,313,0,313
59090115,800,22,778
59090116,291,2,289
59090117,353,8,345
59090118,681,61,620
59090119,685,57,628
59090120,60,1,59
59090121,657,4,653
59090122,564,3,561
59090123,1242,102,1140
59090124,976,21,955
59090125,778,67,711
59090126,413,13,400
59090127,416,7,409
59090128,540,8,532
59090129,1879,48,1831
59090131,1113,62,1051
59090133,991,0,991
59090134,694,15,679
59090135,693,9,684
59090136,871,5,866
59090137,602,4,598
59090140,573,6,567
59090141,883,7,876
59090144,1117,48,1069
59090145,769,3,766
59090146,502,16,486
59090147,772,8,764
59090148,1252,96,1156
59090149,346,29,317
59090150,668,32,636
59090151,840,5,835
59090152,637,19,618
59090153,639,3,636
59090154,485,1,484
59090155,243,16,227
59090156,447,3,444
59090157,573,10,563
59090158,562,22,540
59090159,771,41,730
59090161,1585,120,1465
59090163,874,17,857
59090164,926,17,909
59090165,854,24,830
59090166,1114,25,1089
59090168,864,33,831
59090169,351,22,329
59090170,698,41,657
59090171,430,56,374
59090172,381,4,377
59090374,537,90,447
59090375,561,59,502
59090376,508,20,488
59090377,799,8,791
59090378,429,28,401
59090379,460,13,447
59090380,912,43,869
59090381,707,51,656
59090382,337,16,321
59090383,732,27,705
59090384,616,75,541
59090385,773,6,767
59090386,1495,38,1457
59090387,925,36,889
59090388,1093,52,1041
59090390,1112,33,1079
59090391,506,12,494
59090392,509,14,495
59090393,546,6,540
59090394,727,111,616
59090395,414,13,401
59090396,699,2,697
59090397,1714,22,1692
59090398,2699,237,2462
59090399,1391,5,1386
59090400,600,13,587
59090401,662,9,653
59090402,630,24,606
59090403,604,4,600
59090404,521,56,465
59090424,704,4,700
59090425,543,7,536
59090428,529,10,519
59090429,905,45,860
59090439,1076,16,1060
59090444,863,65,798
59090445,359,0,359
59090446,865,21,844
59090447,416,35,381
59090449,10,6,4
59090450,983,89,894
59090451,572,564,8
59090452,122,122,0
59090453,88,88,0
59090454,11,10,1
59090455,0,0,0
59090456,80,77,3
59090457,8,7,1
59090458,0,0,0
59090459,0,0,0
59090460,84,82,2
59090461,737,252,485
59090462,653,1,652
59090463,566,1,565
59090464,512,75,437
59090465,653,1,652
59090466,511,12,499
59090467,460,25,435
59090468,509,26,483
59090469,538,39,499
59090470,424,59,365
59090471,594,100,494
59090472,509,3,506
59090473,294,26,268
59090474,602,5,597
59090475,544,2,542
59090476,691,5,686
59090477,471,19,452
59090478,445,13,432
59090479,609,5,604
59090480,742,97,645
59090481,1223,32,1191
59090482,1541,94,1447
59090483,1362,53,1309
59090484,447,24,423
59090485,2054,23,2031
59090486,859,101,758
59090487,446,17,429
59090488,509,139,370
59090489,458,38,420
59090490,458,119,339
59090491,469,10,459
59090492,412,12,400
59090493,700,5,695
59090494,500,5,495
59090495,666,15,651
59090496,464,17,447
59090497,415,4,411
59090498,594,7,587
59090499,593,7,586
59090500,495,37,458
59090501,497,28,469
59090502,480,83,397
59090503,524,26,498
59090504,538,82,456
59090505,1132,4,1128
59090506,458,15,443
59090507,366,24,342
59090508,461,84,377
59090509,336,10,326
59090510,465,14,451
59090511,566,91,475
59090512,393,9,384
59090513,509,38,471
59090514,461,29,432
59090515,252,11,241
59090516,672,14,658
59090517,439,145,294
59090518,420,32,388
59090519,277,11,266
59090520,582,18,564
59090521,415,33,382
59090522,182,52,130
59090523,208,18,190
59090524,491,58,433
59090525,303,77,226
59090526,1591,20,1571
59090527,22,10,12
59090528,87,83,4
59090530,849,36,813
59090531,538,113,425
59090532,484,18,466
59090533,738,30,708
59090534,485,18,467
59090535,1375,117,1258
59090536,395,3,392
59090537,359,3,356
59090538,394,8,386
59090539,771,232,539
59090540,785,5,780
59090541,397,0,397
59090542,1252,160,1092
59090543,381,3,378
59090544,344,4,340
59090545,625,61,564
59090546,721,18,703
59090547,454,121,333
59090550,870,25,845
59090551,550,23,527
59090552,638,125,513
59090553,645,159,486
59090554,533,103,430
59090555,636,104,532
59090556,684,39,645
59090557,560,46,514
59090559,441,83,358
59090564,627,137,490
59090565,522,53,469
59090566,489,20,469
59090567,514,56,458
59090568,488,4,484
59090569,504,7,497
59090570,576,8,568
59090571,415,0,415
59090576,0,0,0
59090577,539,18,521
59090578,575,5,570
59090579,476,125,351
59090580,519,70,449
59090581,700,72,628
59090582,501,73,428
59090583,558,9,549
59090584,727,66,661
59090585,1074,39,1035
59090586,695,78,617
59090590,10,10,0
59090591,199,195,4
59090592,491,13,478
59090593,434,23,411
59090594,409,7,402
59090595,10,10,0
59090596,440,6,434
59090597,530,45,485
59090598,587,83,504
59090599,203,192,11
59090600,939,50,889
59090601,639,35,604
59090602,11,10,1
59090603,363,22,341
59090604,25,18,7
59090605,1029,42,987
59090606,445,74,371
59090607,664,6,658
59090608,507,10,497
59090609,930,116,814
59090610,405,21,384
59090611,823,803,20
59090612,427,1,426
59090613,536,39,497
59090614,520,7,513
59090615,512,18,494
59090616,62,56,6
59090617,501,28,473
59090618,10,10,0
59090619,18,17,1
59090620,27,13,14
59090622,96,96,0
59090623,197,197,0
59090624,2,2,0
59090625,0,0,0
59090626,5,4,1
59090627,53,31,22
59090629,10,9,1
59090630,0,0,0
59090631,0,0,0
59090632,41,38,3
59090633,21,16,5
59090634,0,0,0
59090635,32,17,15
59090636,415,40,375
59090637,513,2,511
59090638,437,73,364
59090639,481,20,461
59090640,136,136,0
59090641,0,0,0
59090642,0,0,0
59090643,0,0,0
59090644,489,27,462
59090645,449,97,352
59090646,536,2,534
59090647,385,84,301
59090648,504,2,502
59090649,606,85,521
59090650,487,2,485
59090651,997,52,945
59090652,0,0,0
59090653,0,0,0
59090655,1110,2,1108
59090656,677,90,587
59090657,371,3,368
59090660,1979,75,1904
59090661,399,28,371
59090662,377,1,376
59090664,620,63,557
59090665,458,41,417
59090666,668,56,612
59090670,711,81,630
59090671,903,245,658
59090680,626,11,615
59090681,456,99,357
59090682,462,0,462
59090683,472,13,459
59090684,583,51,532
59090687,447,6,441
59090688,449,3,446
59090689,957,4,953
59090690,760,19,741
59090691,333,76,257
59090692,494,46,448
59090694,484,15,469
59090696,1321,25,1296
59090699,47,43,4
59090700,645,325,320
59090701,223,10,213
59090702,478,227,251
59090703,939,101,838
59090704,125,120,5
59090705,126,126,0
59090706,15,10,5
59090707,426,25,401
59090708,450,17,433
59090709,547,5,542
59090710,661,21,640
59090711,449,4,445
59090713,603,83,520
59090714,410,7,403
59090716,506,10,496
59090717,500,8,492
59090718,554,28,526
59090719,470,15,455
59090720,596,3,593
59090721,425,19,406
59090722,187,164,23
59090723,457,25,432
59090724,420,37,383
59090725,361,20,341
59090727,338,2,336
59090729,213,5,208
59090730,512,37,475
59090731,261,250,11
59090733,777,16,761
59090734,483,3,480
59090735,418,4,414
59090736,425,22,403
59090737,564,11,553
59090738,515,52,463
59090739,113,110,3
59090740,477,56,421
59090741,397,38,359
59090742,446,29,417
59090743,447,37,410
59090744,498,88,410
59090745,428,53,375
59090746,508,66,442
59090747,351,86,265
59090748,479,35,444
59090749,446,67,379
59090750,382,16,366
59090751,582,21,561
59090752,433,105,328
59090753,501,36,465
59090754,1005,3,1002
59090755,477,1,476
59090756,370,1,369
59090757,943,0,943
59090758,327,0,327
59090759,253,0,253
59090760,799,19,780
59090761,939,0,939
59090762,1873,7,1866
59090763,1133,7,1126
59090764,1751,19,1732
59090765,731,1,730
59090766,1815,3,1812
59090768,720,86,634
59090771,45,37,8
59090772,2,2,0
59090773,0,0,0
59090774,65,61,4
59090775,5,5,0
59090776,2,1,1
59090777,0,0,0
59090778,0,0,0
59090779,0,0,0
59090780,35,20,15
59090781,0,0,0
59090782,1129,7,1122
59090783,802,92,710
59090784,1667,77,1590
59090786,1086,5,1081
59090787,806,78,728
59090788,1345,68,1277
59090789,827,5,822
59090790,891,11,880
59090791,1471,34,1437
59090792,1018,3,1015
59090793,766,3,763
59090794,781,48,733
59090795,621,3,618
59090796,1422,30,1392
59090797,1081,16,1065
59090799,459,3,456
59090803,349,2,347
59090804,462,92,370
59090807,0,0,0
59090809,885,16,869
59090810,409,60,349
59090811,5,4,1
59090812,467,41,426
59090814,823,38,785
59090816,1292,111,1181
59090817,2402,217,2185
59090818,1451,69,1382
59090819,1554,102,1452
59090820,361,13,348
59090821,1001,36,965
59090822,632,37,595
59090824,650,14,636
59090825,495,45,450
59090826,353,50,303
59090828,367,26,341
59090829,468,16,452
59090830,566,77,489
59090831,465,3,462
59090832,608,85,523
59090833,1097,5,1092
59090834,681,71,610
59090836,742,17,725
59090837,612,4,608
59090838,834,18,816
59090839,411,7,404
59090840,15,11,4
59090841,711,80,631
59090842,975,96,879
59090843,65,5,60
59090845,928,116,812
59090846,877,57,820
59090847,1134,97,1037
59090848,896,15,881
59090849,782,24,758
59090850,416,32,384
59090851,1645,106,1539
59090852,1374,102,1272
59090853,1351,219,1132
59090854,625,135,490
59090856,574,2,572
59090857,449,8,441
59090859,983,10,973
59090861,529,80,449
59090863,486,46,440
59090864,270,12,258
59090865,897,50,847
59090866,494,43,451
59090868,845,21,824
59090869,616,34,582
59090870,679,227,452
59090871,5,4,1
59090872,320,9,311
59090873,9,3,6
59150004,393,0,393
59150005,530,4,526
59150006,453,1,452
59150007,589,7,582
59150008,622,1,621
59150009,390,0,390
59150010,908,38,870
59150012,511,74,437
59150013,365,0,365
59150014,1167,24,1143
59150015,483,4,479
59150016,525,0,525
59150017,294,0,294
59150018,529,4,525
59150019,711,1,710
59150020,385,5,380
59150021,290,0,290
59150022,295,2,293
59150023,588,1,587
59150024,345,12,333
59150025,618,2,616
59150027,597,3,594
59150028,455,0,455
59150029,455,11,444
59150030,504,1,503
59150031,682,1,681
59150032,390,0,390
59150033,463,4,459
59150034,424,8,416
59150035,973,1,972
59150036,504,3,501
59150037,477,12,465
59150038,437,6,431
59150039,381,1,380
59150040,418,2,416
59150041,486,16,470
59150042,384,1,383
59150043,570,1,569
59150044,512,5,507
59150045,600,9,591
59150046,467,1,466
59150047,420,1,419
59150048,430,0,430
59150049,509,0,509
59150050,524,4,520
59150051,493,2,491
59150052,374,1,373
59150053,576,6,570
59150054,618,9,609
59150055,549,19,530
59150056,561,3,558
59150059,1088,7,1081
59150062,1100,25,1075
59150064,470,2,468
59150067,413,26,387
59150068,431,8,423
59150069,607,38,569
59150070,440,2,438
59150071,478,2,476
59150072,1085,43,1042
59150073,1043,84,959
59150074,788,92,696
59150075,431,41,390
59150076,555,59,496
59150077,431,56,375
59150078,687,72,615
59150079,608,11,597
59150080,359,2,357
59150081,725,3,722
59150082,763,1,762
59150083,548,1,547
59150084,961,6,955
59150085,939,10,929
59150086,748,16,732
59150087,543,14,529
59150088,538,1,537
59150089,635,22,613
59150090,614,1,613
59150091,720,3,717
59150092,506,5,501
59150093,665,14,651
59150094,731,3,728
59150095,478,2,476
59150096,627,15,612
59150097,746,3,743
59150098,483,18,465
59150099,620,43,577
59150100,662,4,658
59150101,462,14,448
59150102,368,3,365
59150103,695,1,694
59150104,562,2,560
59150105,354,16,338
59150106,984,7,977
59150107,471,1,470
59150108,351,1,350
59150109,598,2,596
59150110,540,15,525
59150111,545,38,507
59150112,886,49,837
59150113,900,3,897
59150114,541,4,537
59150115,393,2,391
59150116,466,14,452
59150117,520,26,494
59150118,653,13,640
59150119,767,5,762
59150120,718,6,712
59150121,573,2,571
59150122,524,6,518
59150123,853,4,849
59150124,858,14,844
59150125,503,11,492
59150126,751,3,748
59150127,854,1,853
59150129,544,10,534
59150130,768,9,759
59150131,588,2,586
59150132,831,16,815
59150133,428,14,414
59150134,495,10,485
59150135,646,2,644
59150136,515,13,502
59150137,463,2,461
59150140,564,53,511
59150141,1440,19,1421
59150142,598,1,597
59150143,527,7,520
59150145,842,11,831
59150146,551,2,549
59150147,457,32,425
59150148,485,13,472
59150152,448,5,443
59150153,770,11,759
59150157,443,7,436
59150158,574,6,568
59150159,735,15,720
59150160,745,4,741
59150161,694,3,691
59150162,426,57,369
59150163,665,17,648
59150164,573,16,557
59150165,557,4,553
59150166,273,3,270
59150167,467,2,465
59150174,423,34,389
59150175,413,11,402
59150176,620,8,612
59150177,349,21,328
59150178,779,2,777
59150179,438,10,428
59150180,567,1,566
59150181,511,5,506
59150182,799,16,783
59150183,818,2,816
59150184,520,11,509
59150185,783,39,744
59150186,678,4,674
59150187,1109,9,1100
59150188,479,2,477
59150189,647,10,637
59150190,637,0,637
59150191,654,18,636
59150192,1053,3,1050
59150193,534,0,534
59150194,552,3,549
59150195,716,14,702
59150196,575,1,574
59150197,647,32,615
59150198,658,3,655
59150199,569,19,550
59150200,708,24,684
59150201,664,67,597
59150202,822,47,775
59150203,634,4,630
59150204,808,8,800
59150205,621,19,602
59150206,619,20,599
59150207,552,40,512
59150208,657,4,653
59150209,722,37,685
59150210,745,21,724
59150211,638,23,615
59150212,404,14,390
59150213,585,11,574
59150214,366,4,362
59150219,684,0,684
59150220,680,0,680
59150221,1023,2,1021
59150222,573,0,573
59150223,464,7,457
59150224,1737,48,1689
59150225,472,6,466
59150226,375,5,370
59150227,528,16,512
59150228,1319,20,1299
59150229,419,2,417
59150230,1298,13,1285
59150231,278,0,278
59150232,759,9,750
59150233,1959,416,1543
59150234,675,0,675
59150235,871,2,869
59150236,751,8,743
59150237,694,3,691
59150238,549,25,524
59150239,879,40,839
59150240,1663,27,1636
59150241,955,13,942
59150242,771,1,770
59150243,943,6,937
59150244,1022,1,1021
59150245,575,0,575
59150246,483,3,480
59150249,530,1,529
59150250,476,32,444
59150251,429,1,428
59150252,827,7,820
59150253,744,18,726
59150254,493,22,471
59150255,582,14,568
59150260,639,9,630
59150261,461,5,456
59150262,346,6,340
59150263,498,7,491
59150264,312,5,307
59150265,451,5,446
59150266,1476,6,1470
59150267,1040,3,1037
59150268,590,5,585
59150269,321,4,317
59150270,287,2,285
59150271,504,5,499
59150272,590,9,581
59150273,484,6,478
59150274,544,10,534
59150275,449,2,447
59150276,491,2,489
59150277,461,2,459
59150278,789,11,778
59150279,755,10,745
59150280,389,5,384
59150281,502,8,494
59150282,594,2,592
59150283,404,2,402
59150284,560,3,557
59150285,543,1,542
59150286,780,1,779
59150287,585,2,583
59150288,644,2,642
59150289,505,24,481
59150290,509,3,506
59150291,513,5,508
59150292,457,6,451
59150293,474,7,467
59150294,466,7,459
59150295,585,9,576
59150296,538,9,529
59150297,626,21,605
59150298,567,7,560
59150299,724,4,720
59150300,504,9,495
59150301,565,3,562
59150302,540,23,517
59150303,596,4,592
59150304,525,1,524
59150305,456,1,455
59150306,223,15,208
59150307,661,41,620
59150308,528,28,500
59150309,721,6,715
59150310,566,33,533
59150311,565,58,507
59150312,597,30,567
59150313,1010,43,967
59150314,535,8,527
59150315,501,4,497
59150316,555,9,546
59150317,482,8,474
59150318,598,50,548
59150319,510,10,500
59150320,799,11,788
59150321,549,8,541
59150322,449,6,443
59150323,594,7,587
59150324,593,11,582
59150325,539,9,530
59150326,700,8,692
59150327,539,9,530
59150328,586,8,578
59150329,1009,24,985
59150330,535,18,517
59150331,823,6,817
59150332,720,4,716
59150333,566,5,561
59150334,536,0,536
59150335,655,5,650
59150336,632,0,632
59150337,475,0,475
59150338,543,0,543
59150339,669,17,652
59150340,605,0,605
59150341,529,3,526
59150342,476,11,465
59150343,466,0,466
59150344,514,2,512
59150345,669,10,659
59150346,419,3,416
59150347,558,67,491
59150348,599,22,577
59150349,434,30,404
59150350,607,212,395
59150351,443,44,399
59150352,799,60,739
59150353,520,8,512
59150354,576,38,538
59150355,530,149,381
59150356,507,14,493
59150357,970,75,895
59150358,578,11,567
59150359,505,68,437
59150360,662,9,653
59150361,560,30,530
59150362,456,51,405
59150363,498,7,491
59150364,522,14,508
59150365,386,7,379
59150366,666,33,633
59150367,1315,8,1307
59150368,529,86,443
59150369,565,7,558
59150370,1449,45,1404
59150371,560,7,553
59150372,803,4,799
59150373,757,6,751
59150375,504,12,492
59150376,488,8,480
59150377,528,22,506
59150378,912,25,887
59150379,610,14,596
59150380,628,7,621
59150381,676,15,661
59150382,601,2,599
59150383,569,2,567
59150384,495,7,488
59150385,545,4,541
59150386,596,2,594
59150387,515,11,504
59150388,851,22,829
59150389,741,10,731
59150390,639,3,636
59150391,549,49,500
59150392,541,0,541
59150393,636,2,634
59150394,620,3,617
59150395,785,7,778
59150396,664,5,659
59150397,488,1,487
59150398,526,3,523
59150399,513,8,505
59150400,757,12,745
59150401,653,12,641
59150402,744,9,735
59150403,685,12,673
59150404,575,19,556
59150405,506,10,496
59150406,826,3,823
59150407,792,10,782
59150408,786,17,769
59150409,513,9,504
59150410,629,9,620
59150412,507,6,501
59150414,687,0,687
59150415,934,42,892
59150416,705,13,692
59150417,517,7,510
59150419,465,2,463
59150420,581,10,571
59150421,679,4,675
59150422,945,11,934
59150423,492,5,487
59150424,824,49,775
59150425,417,5,412
59150426,494,3,491
59150427,601,8,593
59150428,523,3,520
59150429,595,4,591
59150430,577,3,574
59150431,626,3,623
59150432,926,50,876
59150433,528,3,525
59150434,509,2,507
59150435,633,6,627
59150436,862,6,856
59150437,1431,11,1420
59150438,939,6,933
59150439,534,1,533
59150440,660,4,656
59150441,680,2,678
59150442,657,3,654
59150443,758,4,754
59150444,799,2,797
59150445,661,0,661
59150446,539,0,539
59150447,616,0,616
59150448,639,0,639
59150449,651,0,651
59150450,611,0,611
59150451,538,2,536
59150452,456,1,455
59150453,658,5,653
59150454,724,10,714
59150455,865,9,856
59150457,767,9,758
59150459,490,10,480
59150460,550,0,550
59150461,363,7,356
59150462,444,30,414
59150463,582,3,579
59150465,548,5,543
59150466,509,2,507
59150468,602,11,591
59150469,683,13,670
59150470,618,10,608
59150471,655,16,639
59150472,506,0,506
59150473,699,4,695
59150474,694,11,683
59150475,733,81,652
59150476,933,26,907
59150477,655,8,647
59150478,809,9,800
59150479,504,12,492
59150480,570,9,561
59150481,507,3,504
59150482,894,34,860
59150483,536,1,535
59150484,736,2,734
59150485,565,0,565
59150486,399,0,399
59150487,500,0,500
59150488,498,9,489
59150489,646,14,632
59150490,515,1,514
59150491,415,4,411
59150492,607,21,586
59150493,492,14,478
59150494,421,13,408
59150495,705,13,692
59150496,627,19,608
59150497,655,13,642
59150498,630,12,618
59150499,658,20,638
59150500,758,17,741
59150503,549,5,544
59150504,1187,2,1185
59150505,671,2,669
59150506,385,3,382
59150507,527,2,525
59150508,460,1,459
59150509,427,12,415
59150510,450,2,448
59150511,587,0,587
59150512,499,0,499
59150513,501,0,501
59150514,645,7,638
59150515,382,0,382
59150516,470,3,467
59150517,401,0,401
59150518,413,2,411
59150519,395,0,395
59150520,1136,7,1129
59150521,697,1,696
59150522,620,1,619
59150523,647,3,644
59150524,532,13,519
59150525,557,70,487
59150526,592,19,573
59150527,598,18,580
59150528,585,10,575
59150529,567,2,565
59150530,610,1,609
59150531,837,2,835
59150532,633,13,620
59150533,655,14,641
59150534,530,2,528
59150535,603,2,601
59150536,418,2,416
59150537,590,6,584
59150538,225,2,223
59150539,566,5,561
59150540,602,4,598
59150541,830,8,822
59150542,461,3,458
59150543,629,14,615
59150544,838,1,837
59150545,700,7,693
59150546,689,4,685
59150547,560,0,560
59150548,405,0,405
59150549,500,0,500
59150550,663,5,658
59150551,501,1,500
59150552,446,1,445
59150553,572,8,564
59150554,533,7,526
59150555,693,7,686
59150556,926,7,919
59150557,675,10,665
59150558,556,3,553
59150559,519,19,500
59150560,578,7,571
59150561,524,2,522
59150562,588,4,584
59150563,643,3,640
59150564,641,28,613
59150565,564,1,563
59150566,556,6,550
59150567,597,6,591
59150568,601,6,595
59150569,873,8,865
59150570,540,4,536
59150571,564,5,559
59150572,373,0,373
59150573,1592,1,1591
59150575,572,2,570
59150577,827,2,825
59150578,473,11,462
59150579,422,9,413
59150580,502,11,491
59150581,375,8,367
59150582,616,14,602
59150583,628,4,624
59150584,621,14,607
59150585,485,7,478
59150586,558,10,548
59150587,610,37,573
59150588,623,11,612
59150589,488,10,478
59150590,574,4,570
59150591,660,26,634
59150592,654,21,633
59150593,582,25,557
59150594,473,4,469
59150595,704,107,597
59150596,504,7,497
59150597,745,5,740
59150598,615,4,611
59150599,636,15,621
59150600,529,5,524
59150601,753,2,751
59150602,435,8,427
59150603,432,22,410
59150604,671,32,639
59150605,476,24,452
59150606,752,46,706
59150607,861,14,847
59150608,655,2,653
59150609,548,23,525
59150610,714,12,702
59150611,723,4,719
59150612,607,28,579
59150613,687,4,683
59150614,674,2,672
59150615,515,13,502
59150616,633,7,626
59150617,566,15,551
59150618,695,12,683
59150619,624,7,617
59150620,549,8,541
59150621,503,4,499
59150622,499,16,483
59150623,518,4,514
59150624,589,11,578
59150625,628,1,627
59150626,570,19,551
59150627,568,15,553
59150628,716,19,697
59150629,561,12,549
59150630,1416,48,1368
59150631,1183,19,1164
59150632,1401,10,1391
59150633,744,14,730
59150634,533,19,514
59150635,591,8,583
59150636,658,14,644
59150637,493,1,492
59150638,696,38,658
59150639,533,20,513
59150640,373,8,365
59150641,723,17,706
59150642,667,14,653
59150643,636,26,610
59150644,655,13,642
59150645,516,28,488
59150646,666,10,656
59150647,595,3,592
59150648,230,9,221
59150649,825,5,820
59150650,467,4,463
59150651,386,14,372
59150652,757,54,703
59150653,480,13,467
59150654,649,20,629
59150655,523,9,514
59150656,458,0,458
59150657,727,0,727
59150658,691,4,687
59150659,624,3,621
59150660,471,0,471
59150661,535,1,534
59150662,425,1,424
59150663,436,1,435
59150664,478,1,477
59150665,473,1,472
59150666,422,0,422
59150667,444,5,439
59150668,466,6,460
59150669,300,6,294
59150670,553,0,553
59150671,349,22,327
59150672,829,20,809
59150673,526,7,519
59150674,563,4,559
59150675,667,23,644
59150676,578,32,546
59150677,555,16,539
59150678,622,41,581
59150679,440,3,437
59150680,748,5,743
59150681,457,13,444
59150682,778,19,759
59150683,602,28,574
59150684,788,16,772
59150685,1000,8,992
59150686,337,3,334
59150687,486,10,476
59150688,552,12,540
59150689,471,2,469
59150690,586,6,580
59150691,583,7,576
59150692,655,8,647
59150693,438,11,427
59150694,489,5,484
59150695,590,2,588
59150696,524,11,513
59150697,698,4,694
59150698,579,10,569
59150699,514,18,496
59150700,521,6,515
59150701,559,2,557
59150702,500,10,490
59150703,492,7,485
59150704,663,6,657
59150705,562,9,553
59150706,316,34,282
59150707,423,3,420
59150708,844,2,842
59150709,1614,89,1525
59150710,642,38,604
59150711,1128,19,1109
59150712,531,8,523
59150713,496,22,474
59150714,254,25,229
59150715,491,25,466
59150716,454,13,441
59150717,360,11,349
59150718,513,14,499
59150719,433,68,365
59150720,642,33,609
59150721,457,24,433
59150722,517,16,501
59150723,478,5,473
59150724,550,8,542
59150725,529,12,517
59150726,484,3,481
59150727,485,96,389
59150728,498,4,494
59150729,753,13,740
59150730,482,7,475
59150731,694,10,684
59150732,514,4,510
59150733,583,6,577
59150734,804,1,803
59150735,741,5,736
59150736,739,10,729
59150737,492,15,477
59150738,523,42,481
59150739,437,12,425
59150740,499,3,496
59150741,515,10,505
59150742,641,9,632
59150743,578,27,551
59150744,487,12,475
59150745,629,21,608
59150746,523,40,483
59150747,405,58,347
59150748,568,94,474
59150749,615,10,605
59150750,730,124,606
59150751,644,5,639
59150752,306,6,300
59150753,270,3,267
59150754,448,2,446
59150755,778,24,754
59150756,200,4,196
59150757,1128,14,1114
59150758,486,4,482
59150759,275,4,271
59150760,580,111,469
59150761,245,137,108
59150762,694,19,675
59150763,243,13,230
59150777,1259,7,1252
59150779,1041,17,1024
59150780,2436,43,2393
59150782,514,18,496
59150784,578,15,563
59150785,1960,41,1919
59150786,620,8,612
59150787,487,4,483
59150788,761,14,747
59150790,1235,22,1213
59150791,612,11,601
59150792,894,8,886
59150793,1035,9,1026
59150795,933,10,923
59150816,337,3,334
59150817,543,8,535
59150819,435,9,426
59150820,556,18,538
59150821,462,7,455
59150822,450,6,444
59150823,492,5,487
59150824,422,12,410
59150827,464,10,454
59150828,749,6,743
59150831,663,8,655
59150832,870,10,860
59150837,452,3,449
59150840,438,10,428
59150841,528,9,519
59150845,712,12,700
59150846,864,24,840
59150850,2530,3,2527
59150859,431,3,428
59150861,634,0,634
59150863,634,6,628
59150864,532,10,522
59150865,738,51,687
59150866,598,38,560
59150871,562,11,551
59150872,420,11,409
59150873,514,33,481
59150874,627,11,616
59150875,563,15,548
59150876,592,13,579
59150877,365,7,358
59150878,558,4,554
59150879,590,4,586
59150880,597,5,592
59150881,599,13,586
59150882,725,17,708
59150883,487,2,485
59150884,299,2,297
59150885,461,10,451
59150886,553,27,526
59150887,541,3,538
59150888,464,5,459
59150889,532,2,530
59150890,599,7,592
59150891,548,4,544
59150892,448,9,439
59150893,561,17,544
59150894,664,9,655
59150895,564,2,562
59150896,539,8,531
59150897,636,7,629
59150898,526,6,520
59150899,613,6,607
59150900,466,2,464
59150901,470,4,466
59150902,416,1,415
59150903,526,1,525
59150904,442,1,441
59150905,548,5,543
59150906,518,4,514
59150907,643,8,635
59150908,505,1,504
59150909,642,5,637
59150910,498,3,495
59150911,591,2,589
59150912,529,4,525
59150913,531,1,530
59150914,518,3,515
59150915,501,3,498
59150916,475,0,475
59150917,483,4,479
59150918,480,2,478
59150919,463,5,458
59150920,543,2,541
59150922,512,5,507
59150923,627,5,622
59150924,643,2,641
59150925,562,1,561
59150926,755,9,746
59150927,713,10,703
59150928,492,1,491
59150929,450,16,434
59150930,454,4,450
59150931,503,3,500
59150932,460,4,456
59150933,473,14,459
59150934,434,5,429
59150935,467,4,463
59150936,544,3,541
59150937,522,57,465
59150938,320,3,317
59150939,1491,4,1487
59150940,361,3,358
59150941,0,0,0
59150942,287,2,285
59150945,406,2,404
59150946,397,0,397
59150947,1397,1,1396
59150948,713,3,710
59150952,709,642,67
59150953,586,1,585
59150954,428,0,428
59150955,607,1,606
59150956,608,8,600
59150957,491,1,490
59150958,407,1,406
59150959,540,4,536
59150960,480,1,479
59150961,513,0,513
59150962,498,4,494
59150963,470,0,470
59150964,623,25,598
59150965,442,0,442
59150966,539,0,539
59150967,624,3,621
59150968,549,1,548
59150969,605,0,605
59150970,545,0,545
59150971,536,12,524
59150972,664,6,658
59150973,680,4,676
59150974,546,2,544
59150975,731,40,691
59150976,640,6,634
59150977,803,33,770
59150978,440,0,440
59150979,447,0,447
59150980,534,12,522
59150981,388,2,386
59150982,490,10,480
59150983,714,9,705
59150984,505,0,505
59150985,668,2,666
59150986,505,2,503
59150987,1111,19,1092
59150992,541,3,538
59150993,963,6,957
59150994,406,3,403
59150995,1885,21,1864
59150996,1437,7,1430
59150997,377,2,375
59150998,860,5,855
59151002,610,3,607
59151008,683,0,683
59151013,1210,5,1205
59151014,438,1,437
59151015,460,1,459
59151016,799,3,796
59151017,452,1,451
59151018,506,0,506
59151019,453,0,453
59151020,636,5,631
59151022,596,16,580
59151023,627,1,626
59151024,584,0,584
59151025,652,2,650
59151026,1192,3,1189
59151027,577,1,576
59151028,497,5,492
59151029,454,27,427
59151030,1538,12,1526
59151031,339,4,335
59151032,410,6,404
59151033,430,5,425
59151034,526,7,519
59151035,237,5,232
59151036,349,3,346
59151037,573,6,567
59151038,546,0,546
59151039,1112,15,1097
59151040,659,3,656
59151041,784,0,784
59151042,1247,9,1238
59151043,645,1,644
59151044,384,0,384
59151045,821,8,813
59151046,346,1,345
59151048,692,18,674
59151049,752,12,740
59151050,1681,15,1666
59151051,719,16,703
59151053,770,6,764
59151057,1508,14,1494
59151058,1810,0,1810
59151059,406,0,406
59151061,526,23,503
59151062,458,7,451
59151063,498,5,493
59151064,611,8,603
59151065,1248,6,1242
59151066,436,4,432
59151067,455,5,450
59151068,400,5,395
59151072,496,0,496
59151073,545,1,544
59151074,1554,39,1515
59151075,374,30,344
59151076,521,4,517
59151077,500,1,499
59151078,555,2,553
59151079,456,1,455
59151080,1309,6,1303
59151081,465,4,461
59151082,448,3,445
59151083,556,3,553
59151084,483,4,479
59151085,751,3,748
59151086,325,4,321
59151087,492,2,490
59151088,590,1,589
59151089,419,2,417
59151090,550,10,540
59151091,1001,57,944
59151092,479,8,471
59151093,683,2,681
59151094,442,1,441
59151095,549,2,547
59151097,690,16,674
59151098,559,9,550
59151099,511,4,507
59151100,472,1,471
59151101,557,1,556
59151102,1288,1,1287
59151103,381,2,379
59151104,463,2,461
59151105,753,10,743
59151106,458,6,452
59151107,982,11,971
59151108,875,40,835
59151112,470,0,470
59151113,744,0,744
59151116,773,0,773
59151117,504,4,500
59151118,688,0,688
59151121,437,1,436
59151122,672,5,667
59151123,600,0,600
59151124,701,6,695
59151125,487,0,487
59151126,423,0,423
59151127,619,0,619
59151128,269,1,268
59151129,918,4,914
59151130,447,1,446
59151131,604,8,596
59151132,565,2,563
59151133,1039,6,1033
59151134,814,9,805
59151135,1679,18,1661
59151136,879,1,878
59151137,1098,4,1094
59151138,1232,0,1232
59151139,876,0,876
59151141,2122,12,2110
59151142,554,4,550
59151143,1040,3,1037
59151145,703,2,701
59151146,1590,42,1548
59151147,1050,0,1050
59151148,1242,22,1220
59151149,1596,16,1580
59151150,505,1,504
59151151,728,0,728
59151152,720,0,720
59151153,708,4,704
59151154,365,8,357
59151155,863,31,832
59151156,510,6,504
59151157,574,12,562
59151158,459,14,445
59151159,453,13,440
59151160,817,4,813
59151161,611,3,608
59151162,406,0,406
59151163,731,5,726
59151164,885,23,862
59151165,401,6,395
59151166,385,9,376
59151167,833,12,821
59151168,475,5,470
59151169,891,20,871
59151170,584,15,569
59151171,353,14,339
59151172,524,16,508
59151173,1435,6,1429
59151174,739,13,726
59151175,636,3,633
59151176,246,11,235
59151177,699,131,568
59151178,725,19,706
59151179,741,1,740
59151180,515,0,515
59151182,667,8,659
59151195,1284,14,1270
59151196,558,0,558
59151197,1510,92,1418
59151198,525,14,511
59151199,551,16,535
59151200,537,8,529
59151201,438,19,419
59151202,467,0,467
59151203,613,4,609
59151204,680,0,680
59151205,284,1,283
59151206,734,3,731
59151207,564,0,564
59151208,798,2,796
59151209,706,140,566
59151211,622,6,616
59151213,681,9,672
59151214,421,11,410
59151215,575,4,571
59151216,677,18,659
59151217,428,6,422
59151219,418,1,417
59151220,484,3,481
59151221,730,1,729
59151222,607,2,605
59151223,625,1,624
59151224,774,2,772
59151225,594,1,593
59151226,706,3,703
59151227,613,2,611
59151228,575,3,572
59151229,926,6,920
59151230,356,34,322
59151231,292,22,270
59151232,624,4,620
59151234,300,3,297
59151236,1169,67,1102
59151237,632,4,628
59151238,558,3,555
59151239,566,2,564
59151240,619,10,609
59151241,764,2,762
59151242,715,40,675
59151243,573,1,572
59151244,775,4,771
59151252,1853,18,1835
59151253,791,10,781
59151254,1739,22,1717
59151255,875,10,865
59151256,548,0,548
59151257,752,3,749
59151258,935,8,927
59151259,831,15,816
59151260,489,2,487
59151261,654,9,645
59151262,670,6,664
59151263,536,3,533
59151264,595,5,590
59151265,543,3,540
59151266,536,7,529
59151267,946,23,923
59151268,589,50,539
59151269,737,2,735
59151270,685,1,684
59151271,726,20,706
59151272,780,9,771
59151273,734,12,722
59151274,441,14,427
59151275,589,4,585
59151276,599,7,592
59151277,287,7,280
59151278,689,12,677
59151279,625,2,623
59151280,447,4,443
59151281,575,3,572
59151282,707,3,704
59151283,777,11,766
59151284,662,14,648
59151286,901,32,869
59151288,780,5,775
59151289,614,8,606
59151290,900,0,900
59151291,669,6,663
59151292,912,30,882
59151293,712,17,695
59151294,406,1,405
59151297,249,2,247
59151298,1305,55,1250
59151299,1063,1,1062
59151300,462,2,460
59151302,1697,5,1692
59151304,1010,4,1006
59151305,1069,3,1066
59151307,909,1,908
59151308,316,7,309
59151309,494,3,491
59151310,624,26,598
59151311,917,9,908
59151312,431,8,423
59151313,1387,18,1369
59151314,624,20,604
59151315,738,1,737
59151316,804,3,801
59151317,581,0,581
59151318,396,0,396
59151319,724,0,724
59151320,769,0,769
59151321,613,0,613
59151322,910,9,901
59151323,559,93,466
59151324,419,11,408
59151325,251,5,246
59151326,534,9,525
59151327,472,11,461
59151328,882,8,874
59151329,1388,0,1388
59151332,771,20,751
59151336,1324,98,1226
59151338,2744,5,2739
59151339,515,8,507
59151340,1349,24,1325
59151341,820,12,808
59151342,424,2,422
59151343,996,3,993
59151345,846,15,831
59151346,577,17,560
59151347,732,12,720
59151348,563,15,548
59151349,362,9,353
59151350,730,17,713
59151351,826,13,813
59151352,421,66,355
59151353,485,10,475
59151354,513,8,505
59151355,714,39,675
59151356,1243,7,1236
59151357,641,22,619
59151358,511,11,500
59151359,630,12,618
59151360,583,3,580
59151361,580,2,578
59151362,612,3,609
59151363,674,0,674
59151364,752,7,745
59151365,567,3,564
59151366,437,82,355
59151367,588,2,586
59151368,599,3,596
59151369,726,4,722
59151370,806,4,802
59151371,682,2,680
59151372,587,3,584
59151373,767,9,758
59151374,733,11,722
59151375,578,2,576
59151376,856,10,846
59151377,472,2,470
59151378,379,1,378
59151379,316,2,314
59151380,596,60,536
59151381,658,10,648
59151382,685,5,680
59151383,696,15,681
59151384,461,16,445
59151385,741,26,715
59151386,692,14,678
59151387,781,21,760
59151388,555,10,545
59151389,676,6,670
59151390,672,8,664
59151391,555,3,552
59151392,604,13,591
59151393,494,10,484
59151394,885,3,882
59151395,519,3,516
59151396,412,4,408
59151397,888,9,879
59151399,1017,14,1003
59151400,333,12,321
59151401,585,7,578
59151404,511,3,508
59151405,1163,4,1159
59151406,5799,38,5761
59151407,562,0,562
59151408,464,95,369
59151409,576,43,533
59151410,600,0,600
59151411,756,3,753
59151412,577,0,577
59151413,623,0,623
59151414,792,5,787
59151415,644,27,617
59151416,579,2,577
59151417,526,4,522
59151418,624,4,620
59151419,517,3,514
59151420,609,11,598
59151423,905,4,901
59151424,573,2,571
59151425,664,11,653
59151426,565,19,546
59151427,595,34,561
59151428,551,15,536
59151429,622,19,603
59151430,443,10,433
59151432,645,3,642
59151433,500,5,495
59151434,508,1,507
59151435,574,2,572
59151436,515,10,505
59151437,444,17,427
59151438,441,6,435
59151439,530,17,513
59151440,515,1,514
59151441,537,3,534
59151442,549,4,545
59151443,526,3,523
59151444,925,22,903
59151445,711,7,704
59151446,692,25,667
59151448,690,2,688
59151449,553,4,549
59151450,697,9,688
59151451,626,2,624
59151452,570,9,561
59151453,663,2,661
59151454,577,12,565
59151455,958,23,935
59151456,770,5,765
59151457,520,4,516
59151458,686,7,679
59151459,526,0,526
59151460,410,1,409
59151461,646,68,578
59151463,476,2,474
59151464,481,3,478
59151465,535,5,530
59151467,532,9,523
59151469,738,13,725
59151470,708,8,700
59151471,710,1,709
59151472,605,0,605
59151473,728,1,727
59151474,682,3,679
59151475,776,6,770
59151476,779,1,778
59151477,865,7,858
59151478,682,31,651
59151479,767,9,758
59151480,563,2,561
59151481,642,1,641
59151482,576,13,563
59151483,674,81,593
59151484,533,1,532
59151485,618,0,618
59151486,745,3,742
59151487,1517,6,1511
59151488,720,0,720
59151489,744,1,743
59151490,673,5,668
59151491,692,5,687
59151492,775,1,774
59151493,718,10,708
59151494,424,1,423
59151495,557,2,555
59151496,591,1,590
59151497,527,2,525
59151498,839,1,838
59151499,752,19,733
59151507,751,46,705
59151508,511,2,509
59151509,611,5,606
59151520,899,16,883
59151521,371,3,368
59151522,399,1,398
59151523,577,3,574
59151524,859,30,829
59151525,1344,128,1216
59151526,506,6,500
59151527,892,18,874
59151528,1661,21,1640
59151529,316,2,314
59151530,1096,64,1032
59151531,734,16,718
59151532,715,62,653
59151533,659,4,655
59151534,463,8,455
59151535,469,9,460
59151536,983,3,980
59151537,530,7,523
59151538,809,5,804
59151539,599,30,569
59151540,547,6,541
59151541,296,10,286
59151542,727,18,709
59151543,749,31,718
59151544,469,27,442
59151545,844,5,839
59151547,510,53,457
59151553,689,3,686
59151554,619,2,617
59151555,718,12,706
59151556,509,15,494
59151557,550,3,547
59151558,448,7,441
59151559,1086,41,1045
59151560,448,19,429
59151561,600,18,582
59151562,470,4,466
59151563,587,12,575
59151564,610,17,593
59151565,988,8,980
59151566,1647,43,1604
59151567,596,5,591
59151568,787,62,725
59151569,606,13,593
59151570,745,3,742
59151571,732,4,728
59151572,0,0,0
59151573,830,99,731
59151574,475,16,459
59151575,452,3,449
59151576,477,15,462
59151577,354,8,346
59151578,470,11,459
59151579,909,13,896
59151580,929,49,880
59151581,559,4,555
59151582,638,2,636
59151583,543,1,542
59151584,546,1,545
59151585,645,6,639
59151586,637,8,629
59151587,632,86,546
59151588,610,2,608
59151589,586,5,581
59151590,564,2,562
59151591,524,8,516
59151592,435,5,430
59151593,399,11,388
59151594,636,3,633
59151595,552,7,545
59151597,561,55,506
59151598,402,15,387
59151599,429,4,425
59151600,720,13,707
59151601,480,67,413
59151602,941,14,927
59151603,509,19,490
59151605,934,8,926
59151606,640,4,636
59151607,969,10,959
59151608,332,18,314
59151609,1159,65,1094
59151610,645,12,633
59151611,629,27,602
59151612,870,43,827
59151613,312,19,293
59151614,571,58,513
59151616,412,5,407
59151617,846,6,840
59151618,837,11,826
59151619,498,6,492
59151620,519,14,505
59151621,407,3,404
59151622,466,1,465
59151624,0,0,0
59151625,1247,64,1183
59151626,529,34,495
59151634,387,4,383
59151635,759,24,735
59151636,260,8,252
59151637,830,7,823
59151638,582,3,579
59151639,309,8,301
59151640,636,0,636
59151641,879,5,874
59151642,686,1,685
59151643,688,0,688
59151644,342,63,279
59151645,561,1,560
59151646,431,1,430
59151647,888,3,885
59151648,609,1,608
59151649,645,24,621
59151650,1033,0,1033
59151651,1989,2,1987
59151652,1406,14,1392
59151653,1010,24,986
59151654,317,10,307
59151655,541,17,524
59151658,425,7,418
59151659,499,5,494
59151660,553,6,547
59151661,394,10,384
59151662,1759,74,1685
59151663,438,31,407
59151664,511,10,501
59151665,439,33,406
59151666,616,16,600
59151667,1289,9,1280
59151668,508,14,494
59151669,640,7,633
59151670,459,38,421
59151671,591,21,570
59151673,528,24,504
59151674,694,6,688
59151675,430,11,419
59151676,627,47,580
59151677,448,6,442
59151678,456,8,448
59151679,519,60,459
59151680,563,55,508
59151681,723,104,619
59151682,793,58,735
59151683,930,31,899
59151684,582,5,577
59151685,690,17,673
59151686,586,17,569
59151687,482,2,480
59151688,929,31,898
59151689,848,10,838
59151690,700,5,695
59151691,515,15,500
59151692,523,101,422
59151694,1103,13,1090
59151695,727,34,693
59151696,2135,25,2110
59151697,502,10,492
59151698,608,3,605
59151699,353,17,336
59151700,487,11,476
59151701,340,15,325
59151702,458,35,423
59151704,536,15,521
59151705,608,40,568
59151706,340,2,338
59151707,298,3,295
59151708,6550,223,6327
59151709,3331,190,3141
59151713,364,1,363
59151714,4310,3,4307
59151715,995,5,990
59151716,749,2,747
59151717,715,3,712
59151718,402,2,400
59151719,1974,50,1924
59151720,1087,12,1075
59151721,1175,0,1175
59151723,421,5,416
59151724,548,7,541
59151726,515,3,512
59151727,662,0,662
59151728,494,5,489
59151733,1202,15,1187
59151734,964,3,961
59151735,898,4,894
59151736,361,0,361
59151737,440,0,440
59151738,354,0,354
59151739,659,2,657
59151741,548,2,546
59151742,360,3,357
59151743,414,4,410
59151744,397,1,396
59151745,391,0,391
59151746,700,0,700
59151747,537,1,536
59151748,526,1,525
59151749,351,2,349
59151750,541,2,539
59151751,392,1,391
59151752,524,1,523
59151753,448,2,446
59151756,417,6,411
59151757,497,15,482
59151758,487,27,460
59151759,505,3,502
59151760,550,3,547
59151761,517,1,516
59151762,451,2,449
59151763,449,7,442
59151764,726,3,723
59151765,598,6,592
59151766,919,2,917
59151767,616,3,613
59151768,667,9,658
59151769,474,2,472
59151770,369,6,363
59151771,626,35,591
59151772,565,24,541
59151774,291,1,290
59151775,1123,1,1122
59151776,835,90,745
59151777,614,27,587
59151778,622,2,620
59151779,595,38,557
59151780,499,2,497
59151781,1152,14,1138
59151782,414,25,389
59151783,560,23,537
59151784,455,24,431
59151785,573,7,566
59151786,784,90,694
59151787,579,11,568
59151788,270,23,247
59151789,333,1,332
59151790,484,1,483
59151791,848,172,676
59151792,365,1,364
59151793,1012,37,975
59151794,432,17,415
59151795,475,95,380
59151796,541,22,519
59151797,419,2,417
59151798,447,6,441
59151799,369,38,331
59151800,687,34,653
59151801,686,1,685
59151802,655,1,654
59151803,407,11,396
59151804,462,26,436
59151805,991,25,966
59151806,241,8,233
59151807,279,29,250
59151808,461,6,455
59151809,1212,33,1179
59151810,1553,49,1504
59151811,528,25,503
59151816,777,104,673
59151817,795,65,730
59151818,283,31,252
59151819,1038,32,1006
59151820,615,15,600
59151821,794,20,774
59151822,375,8,367
59151824,596,68,528
59151825,260,11,249
59151827,1835,89,1746
59151828,568,29,539
59151829,737,46,691
59151830,631,53,578
59151831,2240,19,2221
59151832,253,45,208
59151833,277,262,15
59151838,1056,8,1048
59151839,308,9,299
59151840,837,1,836
59151841,742,30,712
59151842,885,2,883
59151843,894,5,889
59151844,562,5,557
59151845,1718,7,1711
59151846,684,10,674
59151847,554,2,552
59151848,869,29,840
59151849,512,0,512
59151850,512,8,504
59151851,632,17,615
59151852,494,8,486
59151853,1301,1,1300
59151854,796,15,781
59151855,535,5,530
59151857,386,6,380
59151858,940,111,829
59151860,1003,7,996
59151861,2584,7,2577
59151862,549,3,546
59151865,800,13,787
59151866,817,38,779
59151871,680,10,670
59151872,576,44,532
59151873,468,0,468
59151874,655,10,645
59151880,1712,14,1698
59151881,369,0,369
59151882,591,0,591
59151883,1025,22,1003
59151884,415,0,415
59151885,645,0,645
59151886,683,2,681
59151887,1134,1,1133
59151888,793,2,791
59151889,853,35,818
59151890,649,3,646
59151891,579,1,578
59151892,800,2,798
59151893,446,3,443
59151897,515,0,515
59151898,1361,2,1359
59151899,1458,1,1457
59151900,491,25,466
59151901,519,39,480
59151902,524,22,502
59151903,729,33,696
59151904,668,37,631
59151905,772,2,770
59151906,628,25,603
59151907,660,2,658
59151908,581,47,534
59151909,539,59,480
59151910,576,6,570
59151911,831,24,807
59151912,695,17,678
59151913,440,3,437
59151914,523,0,523
59151915,663,7,656
59151916,599,26,573
59151917,603,28,575
59151918,624,41,583
59151919,853,79,774
59151920,751,13,738
59151921,1124,205,919
59151922,934,14,920
59151923,886,39,847
59151924,616,20,596
59151925,792,11,781
59151926,666,3,663
59151927,440,6,434
59151929,1116,362,754
59151931,1652,16,1636
59151932,1131,3,1128
59151933,1268,5,1263
59151934,728,6,722
59151935,596,49,547
59151936,1213,177,1036
59151937,576,5,571
59151938,1001,4,997
59151939,605,18,587
59151940,407,2,405
59151941,523,2,521
59151942,685,152,533
59151943,606,4,602
59151944,1291,31,1260
59151945,619,36,583
59151948,401,16,385
59151949,2283,21,2262
59151950,1054,59,995
59151951,1885,220,1665
59151952,303,16,287
59151955,529,3,526
59151956,822,4,818
59151957,371,3,368
59151958,704,8,696
59151959,455,2,453
59151960,949,7,942
59151961,1425,14,1411
59151962,1065,10,1055
59151963,712,10,702
59151964,794,8,786
59151965,852,5,847
59151968,679,1,678
59151969,1016,10,1006
59151970,628,3,625
59151971,845,11,834
59151972,503,1,502
59151973,718,14,704
59151974,1327,116,1211
59151975,901,3,898
59151978,595,27,568
59151979,712,14,698
59151980,277,0,277
59151986,1357,9,1348
59151987,402,0,402
59151988,752,1,751
59151989,369,0,369
59151990,1000,31,969
59151991,562,0,562
59151992,1005,32,973
59151993,463,3,460
59151994,699,11,688
59151995,917,2,915
59151997,624,2,622
59151998,357,9,348
59151999,561,13,548
59152000,821,56,765
59152001,937,43,894
59152003,644,21,623
59152004,648,3,645
59152005,613,1,612
59152006,984,2,982
59152007,530,1,529
59152008,734,4,730
59152009,329,3,326
59152010,507,7,500
59152011,652,16,636
59152012,776,1,775
59152013,453,2,451
59152014,1745,66,1679
59152015,544,13,531
59152016,524,21,503
59152017,418,1,417
59152018,941,33,908
59152019,473,2,471
59152021,896,5,891
59152022,1317,8,1309
59152024,809,23,786
59152025,2005,106,1899
59152026,1851,77,1774
59152027,441,4,437
59152028,1766,33,1733
59152029,1170,1,1169
59152030,872,0,872
59152032,619,5,614
59152033,988,1,987
59152034,897,1,896
59152035,711,7,704
59152036,803,5,798
59152037,480,1,479
59152040,961,13,948
59152041,719,21,698
59152042,1508,18,1490
59152043,290,13,277
59152044,948,59,889
59152046,465,61,404
59152047,874,105,769
59152048,713,1,712
59152049,767,17,750
59152050,785,48,737
59152051,678,14,664
59152052,1606,9,1597
59152053,1325,38,1287
59152054,1685,30,1655
59152055,328,4,324
59152056,331,5,326
59152057,1550,35,1515
59152058,310,3,307
59152059,634,8,626
59152060,859,21,838
59152061,631,15,616
59152062,639,8,631
59152063,1394,20,1374
59152064,3298,55,3243
59152065,1285,12,1273
59152066,683,13,670
59152067,1083,16,1067
59152068,628,2,626
59152069,715,7,708
59152070,502,0,502
59152071,1104,3,1101
59152072,1521,28,1493
59152073,920,28,892
59152074,991,23,968
59152075,897,15,882
59152076,528,12,516
59152077,411,8,403
59152078,2266,21,2245
59152079,774,0,774
59152080,548,4,544
59152081,882,0,882
59152082,1817,99,1718
59152083,509,2,507
59152084,272,46,226
59152086,658,10,648
59152087,473,16,457
59152088,519,1,518
59152089,658,21,637
59152090,639,5,634
59152091,1543,32,1511
59152092,1798,24,1774
59152093,193,5,188
59152094,818,11,807
59152095,738,11,727
59152096,701,45,656
59152097,491,0,491
59152100,524,5,519
59152101,1037,4,1033
59152102,1012,4,1008
59152104,655,0,655
59152105,729,33,696
59152106,1397,47,1350
59152107,1280,17,1263
59152108,800,14,786
59152109,1039,19,1020
59152110,383,15,368
59152111,574,3,571
59152112,1354,56,1298
59152113,994,3,991
59152114,803,38,765
59152115,635,11,624
59152116,998,7,991
59152117,797,10,787
59152118,834,58,776
59152119,594,9,585
59152120,992,13,979
59152121,650,5,645
59152122,774,5,769
59152123,611,4,607
59152124,1206,20,1186
59152125,911,4,907
59152126,548,3,545
59152127,430,1,429
59152128,698,3,695
59152129,564,8,556
59152130,453,3,450
59152131,452,12,440
59152132,693,47,646
59152133,494,50,444
59152134,551,29,522
59152135,750,37,713
59152136,709,37,672
59152137,522,7,515
59152138,517,2,515
59152139,644,31,613
59152140,500,37,463
59152143,561,8,553
59152144,554,32,522
59152145,769,4,765
59152146,630,3,627
59152147,650,8,642
59152148,328,28,300
59152149,589,9,580
59152150,407,12,395
59152151,484,7,477
59152152,635,16,619
59152153,609,50,559
59152154,624,31,593
59152155,816,11,805
59152156,536,8,528
59152157,346,8,338
59152158,1137,0,1137
59152159,581,1,580
59152160,376,5,371
59152163,601,13,588
59152164,516,10,506
59152165,724,12,712
59152166,951,10,941
59152167,518,23,495
59152169,527,5,522
59152170,330,15,315
59152171,665,0,665
59152172,670,17,653
59152173,760,5,755
59152174,1337,15,1322
59152175,1128,135,993
59152176,1349,5,1344
59152177,972,2,970
59152178,711,29,682
59152179,578,16,562
59152180,536,60,476
59152181,630,10,620
59152182,544,20,524
59152183,691,74,617
59152184,907,49,858
59152185,877,8,869
59152186,1073,16,1057
59152187,397,2,395
59152188,734,59,675
59152189,871,17,854
59152190,494,88,406
59152191,596,8,588
59152192,675,32,643
59152193,860,2,858
59152194,499,5,494
59152195,536,26,510
59152196,982,9,973
59152197,695,0,695
59152198,700,0,700
59152199,684,0,684
59152200,688,8,680
59152201,2397,76,2321
59152202,1256,5,1251
59152203,550,45,505
59152204,777,16,761
59152205,878,3,875
59152206,1109,18,1091
59152207,704,35,669
59152208,734,4,730
59152209,1077,7,1070
59152210,494,13,481
59152211,358,7,351
59152212,570,61,509
59152213,1248,94,1154
59152214,827,24,803
59152217,1069,27,1042
59152218,594,0,594
59152219,623,1,622
59152220,636,7,629
59152221,497,1,496
59152222,545,4,541
59152223,603,3,600
59152224,846,46,800
59152225,914,18,896
59152226,541,94,447
59152227,657,35,622
59152228,773,6,767
59152229,928,12,916
59152230,470,48,422
59152231,839,6,833
59152232,631,5,626
59152233,869,18,851
59152234,808,1,807
59152235,729,10,719
59152236,577,6,571
59152237,871,24,847
59152238,838,17,821
59152239,649,6,643
59152240,863,41,822
59152241,692,3,689
59152242,709,0,709
59152243,642,34,608
59152244,867,5,862
59152245,662,1,661
59152246,574,59,515
59152247,570,8,562
59152248,500,16,484
59152249,619,172,447
59152250,494,14,480
59152251,1199,20,1179
59152253,1108,38,1070
59152254,654,3,651
59152255,1515,346,1169
59152256,431,2,429
59152257,551,16,535
59152258,529,9,520
59152259,2964,101,2863
59152260,455,33,422
59152264,544,0,544
59152265,881,7,874
59152266,467,1,466
59152267,443,0,443
59152268,671,15,656
59152269,500,23,477
59152270,763,2,761
59152271,432,24,408
59152272,237,0,237
59152273,877,15,862
59152274,496,4,492
59152275,3277,4,3273
59152276,1670,245,1425
59152277,758,1,757
59152278,679,4,675
59152279,817,14,803
59152280,305,14,291
59152281,532,2,530
59152282,548,8,540
59152283,292,4,288
59152284,1272,43,1229
59152285,743,1,742
59152286,1550,1,1549
59152288,1017,2,1015
59152289,941,2,939
59152290,371,0,371
59152291,992,22,970
59152292,538,0,538
59152294,1225,49,1176
59152295,2465,66,2399
59152296,6764,5,6759
59152297,2624,48,2576
59152299,899,9,890
59152300,527,1,526
59152302,1144,57,1087
59152303,803,10,793
59152304,523,122,401
59152305,732,10,722
59152306,665,39,626
59152307,515,53,462
59152308,798,38,760
59152309,551,7,544
59152312,1536,14,1522
59152313,568,0,568
59152314,527,2,525
59152315,596,8,588
59152316,483,19,464
59152317,644,64,580
59152318,641,44,597
59152319,707,32,675
59152320,731,41,690
59152321,940,2,938
59152322,425,7,418
59152323,721,7,714
59152324,503,26,477
59152325,596,31,565
59152326,761,41,720
59152327,695,32,663
59152328,630,30,600
59152329,325,48,277
59152330,675,37,638
59152331,704,4,700
59152332,730,36,694
59152333,633,6,627
59152334,745,49,696
59152335,696,7,689
59152336,562,5,557
59152337,903,16,887
59152338,467,1,466
59152339,566,9,557
59152340,2139,103,2036
59152341,785,3,782
59152342,312,11,301
59152343,961,6,955
59152344,709,3,706
59152345,977,43,934
59152346,993,68,925
59152347,789,15,774
59152348,425,3,422
59152350,779,5,774
59152351,606,59,547
59152352,623,9,614
59152353,388,11,377
59152354,527,6,521
59152355,487,5,482
59152356,531,44,487
59152357,265,1,264
59152358,871,38,833
59152359,883,42,841
59152360,444,51,393
59152361,425,57,368
59152362,483,2,481
59152363,486,15,471
59152364,442,42,400
59152365,564,48,516
59152366,562,56,506
59152367,520,21,499
59152368,459,35,424
59152369,1073,32,1041
59152370,1128,71,1057
59152371,302,20,282
59152372,801,20,781
59152373,351,6,345
59152374,662,77,585
59152375,605,2,603
59152377,1701,77,1624
59152380,409,18,391
59152381,613,12,601
59152382,771,48,723
59152383,261,2,259
59152384,519,12,507
59152385,760,501,259
59152386,529,13,516
59152387,407,8,399
59152388,642,1,641
59152389,1640,10,1630
59152390,441,1,440
59152391,739,22,717
59152392,1944,292,1652
59152393,543,0,543
59152394,1068,166,902
59152395,1531,27,1504
59152396,698,2,696
59152397,628,19,609
59152398,350,11,339
59152399,520,3,517
59152403,348,21,327
59152406,5328,347,4981
59152407,894,3,891
59152408,368,1,367
59152409,446,14,432
59152410,556,39,517
59152411,410,3,407
59152414,1948,189,1759
59152415,425,23,402
59152416,262,7,255
59152417,687,4,683
59152418,1976,13,1963
59152419,366,3,363
59152420,538,25,513
59152421,543,23,520
59152422,453,8,445
59152423,718,14,704
59152424,1161,41,1120
59152425,1000,47,953
59152426,609,2,607
59152428,1794,44,1750
59152431,803,22,781
59152432,1240,17,1223
59152433,42,33,9
59152434,706,10,696
59152435,917,5,912
59152436,614,56,558
59152437,680,30,650
59152439,729,14,715
59152440,504,11,493
59152441,463,9,454
59152442,724,51,673
59152443,540,14,526
59152444,346,29,317
59152445,758,0,758
59152446,468,30,438
59152448,511,10,501
59152449,424,20,404
59152450,797,31,766
59152451,639,9,630
59152452,289,11,278
59152453,678,5,673
59152454,698,28,670
59152455,1046,57,989
59152456,1732,6,1726
59152458,476,52,424
59152459,476,5,471
59152460,693,2,691
59152461,531,32,499
59152462,780,47,733
59152463,732,90,642
59152464,667,12,655
59152465,344,38,306
59152466,648,3,645
59152467,433,51,382
59152468,445,32,413
59152469,460,4,456
59152470,437,14,423
59152471,409,52,357
59152472,525,8,517
59152474,1115,7,1108
59152477,778,6,772
59152478,427,9,418
59152479,792,4,788
59152480,1420,103,1317
59152481,507,1,506
59152482,246,8,238
59152483,913,0,913
59152491,568,10,558
59152492,383,14,369
59152494,471,31,440
59152495,418,3,415
59152496,642,49,593
59152497,1051,48,1003
59152498,424,81,343
59152499,679,53,626
59152500,612,23,589
59152501,858,1,857
59152502,1018,65,953
59152507,493,20,473
59152510,410,2,408
59152511,406,105,301
59152512,651,10,641
59152514,500,14,486
59152515,924,131,793
59152516,449,34,415
59152517,640,87,553
59152518,475,33,442
59152519,433,74,359
59152520,669,3,666
59152523,1067,64,1003
59152524,1205,3,1202
59152531,859,82,777
59152537,781,12,769
59152538,2569,103,2466
59152539,1074,125,949
59152540,350,11,339
59152541,356,2,354
59152542,479,7,472
59152543,311,2,309
59152544,695,8,687
59152546,3207,27,3180
59152547,974,45,929
59152548,730,3,727
59152559,544,36,508
59152560,623,15,608
59152561,476,7,469
59152562,589,43,546
59152563,424,23,401
59152564,512,18,494
59152566,562,5,557
59152567,520,27,493
59152568,329,15,314
59152569,476,51,425
59152570,472,4,468
59152571,387,91,296
59152572,375,15,360
59152573,320,9,311
59152574,218,25,193
59152575,493,4,489
59152576,564,19,545
59152577,3231,14,3217
59152578,673,1,672
59152579,126,108,18
59152580,712,8,704
59152581,534,14,520
59152582,554,0,554
59152583,641,46,595
59152584,513,31,482
59152585,440,20,420
59152586,400,26,374
59152587,406,4,402
59152588,620,13,607
59152589,460,10,450
59152590,724,55,669
59152591,829,19,810
59152592,917,14,903
59152593,596,10,586
59152594,550,8,542
59152595,759,16,743
59152596,401,8,393
59152597,511,16,495
59152598,594,3,591
59152599,417,0,417
59152600,455,0,455
59152601,489,5,484
59152602,608,0,608
59152603,661,22,639
59152604,668,1,667
59152605,677,19,658
59152606,572,11,561
59152607,486,10,476
59152608,546,3,543
59152609,552,7,545
59152610,563,1,562
59152611,280,1,279
59152612,316,2,314
59152613,471,1,470
59152614,535,13,522
59152615,698,2,696
59152616,731,0,731
59152617,415,1,414
59152618,476,5,471
59152619,402,11,391
59152620,458,4,454
59152621,843,16,827
59152622,593,13,580
59152623,502,2,500
59152624,782,9,773
59152625,453,10,443
59152626,478,1,477
59152627,459,1,458
59152628,449,15,434
59152629,732,2,730
59152630,551,26,525
59152631,0,0,0
59152632,726,9,717
59152633,534,0,534
59152634,478,0,478
59152635,449,6,443
59152636,510,1,509
59152637,572,2,570
59152638,435,7,428
59152640,398,16,382
59152641,763,10,753
59152642,369,26,343
59152643,887,1,886
59152644,645,7,638
59152645,687,7,680
59152646,1369,25,1344
59152647,565,0,565
59152648,421,0,421
59152649,2696,2,2694
59152650,2055,64,1991
59152651,774,0,774
59152652,1336,9,1327
59152653,515,18,497
59152654,495,13,482
59152655,334,8,326
59152656,1292,8,1284
59152657,686,7,679
59152658,1152,17,1135
59152659,475,13,462
59152660,458,5,453
59152661,1075,90,985
59152662,814,17,797
59152663,1042,27,1015
59152664,608,5,603
59152665,560,4,556
59152666,344,5,339
59152667,955,5,950
59152668,560,12,548
59152669,999,23,976
59152670,603,50,553
59152671,603,20,583
59152672,456,2,454
59152673,509,4,505
59152674,620,42,578
59152675,534,1,533
59152676,731,45,686
59152677,568,15,553
59152679,686,15,671
59152681,906,144,762
59152682,480,10,470
59152683,408,9,399
59152684,513,12,501
59152685,465,7,458
59152687,1123,35,1088
59152689,1008,2,1006
59152690,388,0,388
59152692,450,3,447
59152695,528,4,524
59152696,717,1,716
59152697,520,3,517
59152698,517,6,511
59152699,539,3,536
59152700,574,16,558
59152701,482,4,478
59152702,422,53,369
59152703,604,4,600
59152704,882,19,863
59152705,474,6,468
59152706,427,9,418
59152710,523,42,481
59152711,795,26,769
59152712,476,80,396
59152713,571,2,569
59152714,415,3,412
59152715,459,2,457
59152716,727,4,723
59152717,280,5,275
59152718,744,48,696
59152719,875,48,827
59152720,455,12,443
59152721,496,6,490
59152722,816,18,798
59152723,498,29,469
59152724,417,4,413
59152725,754,4,750
59152726,584,16,568
59152730,848,10,838
59152731,426,1,425
59152732,404,0,404
59152733,498,28,470
59152734,562,1,561
59152735,487,8,479
59152736,490,1,489
59152737,514,8,506
59152738,440,13,427
59152739,349,2,347
59152740,714,36,678
59152741,495,16,479
59152742,550,4,546
59152743,383,12,371
59152744,629,2,627
59152745,330,6,324
59152746,968,29,939
59152747,362,2,360
59152748,420,1,419
59152749,686,2,684
59152750,503,22,481
59152751,1062,35,1027
59152752,816,14,802
59152756,797,3,794
59152757,287,11,276
59152758,933,39,894
59152759,397,4,393
59152760,391,4,387
59152761,503,0,503
59152762,508,21,487
59152763,712,67,645
59152764,678,51,627
59152765,830,65,765
59152766,354,18,336
59152767,424,13,411
59152768,452,4,448
59152774,608,10,598
59152775,897,10,887
59152776,648,21,627
59152777,560,10,550
59152778,733,60,673
59152779,487,27,460
59152780,459,49,410
59152781,692,42,650
59152782,635,29,606
59152783,319,93,226
59152784,434,1,433
59152785,698,31,667
59152786,422,10,412
59152787,417,5,412
59152793,2096,6,2090
59152795,537,4,533
59152796,352,9,343
59152799,323,3,320
59152800,680,2,678
59152801,537,22,515
59152802,346,0,346
59152803,418,0,418
59152804,1217,2,1215
59152805,973,0,973
59152806,424,14,410
59152809,1921,47,1874
59152810,1646,6,1640
59152812,2210,110,2100
59152813,405,0,405
59152814,913,0,913
59152816,1193,15,1178
59152817,841,1,840
59152819,2109,5,2104
59152820,726,6,720
59152821,486,5,481
59152822,727,9,718
59152823,2982,84,2898
59152832,2095,26,2069
59152833,528,4,524
59152834,674,12,662
59152835,560,52,508
59152836,585,57,528
59152837,666,5,661
59152838,770,51,719
59152839,595,69,526
59152840,411,38,373
59152841,542,49,493
59152842,952,11,941
59152843,494,22,472
59152844,571,34,537
59152845,500,24,476
59152846,769,28,741
59152848,1039,42,997
59152849,636,41,595
59152850,643,66,577
59152851,572,32,540
59152852,598,19,579
59152853,1078,17,1061
59152854,749,11,738
59152855,424,30,394
59152856,373,17,356
59152857,446,11,435
59152858,633,100,533
59152859,753,98,655
59152860,989,25,964
59152861,661,20,641
59152862,494,7,487
59152863,489,5,484
59152866,463,9,454
59152867,457,3,454
59152868,463,11,452
59152869,525,22,503
59152870,418,27,391
59152871,392,19,373
59152872,689,6,683
59152873,606,10,596
59152874,811,11,800
59152875,472,86,386
59152876,1109,73,1036
59152877,484,17,467
59152878,706,79,627
59152879,670,14,656
59152880,421,5,416
59152881,483,7,476
59152882,496,6,490
59152883,533,39,494
59152884,737,22,715
59152885,660,4,656
59152886,685,14,671
59152887,1001,53,948
59152888,293,15,278
59152889,491,73,418
59152890,666,16,650
59152891,889,36,853
59152892,685,8,677
59152893,666,8,658
59152894,494,7,487
59152895,1355,48,1307
59152896,659,8,651
59152897,1128,36,1092
59152898,1028,10,1018
59152899,580,3,577
59152900,399,14,385
59152901,472,1,471
59152902,827,65,762
59152903,601,6,595
59152904,446,13,433
59152905,568,7,561
59152906,800,8,792
59152907,452,3,449
59152908,735,11,724
59152909,489,4,485
59152910,496,2,494
59152911,811,9,802
59152912,535,16,519
59152913,816,3,813
59152914,463,0,463
59152915,486,6,480
59152916,527,4,523
59152917,496,14,482
59152918,590,5,585
59152919,809,4,805
59152920,928,13,915
59152921,545,32,513
59152922,399,10,389
59152923,439,53,386
59152924,491,5,486
59152925,520,3,517
59152926,460,3,457
59152927,537,3,534
59152928,813,32,781
59152929,675,7,668
59152930,679,19,660
59152931,640,13,627
59152932,626,12,614
59152933,743,17,726
59152934,496,24,472
59152935,689,25,664
59152936,626,59,567
59152941,1899,24,1875
59152942,1223,35,1188
59152943,609,12,597
59152944,711,14,697
59152945,1318,65,1253
59152946,957,137,820
59152947,733,86,647
59152948,624,49,575
59152949,1027,54,973
59152950,579,27,552
59152951,350,35,315
59152953,1234,25,1209
59152954,1428,18,1410
59152955,971,13,958
59152956,387,44,343
59152957,554,6,548
59152958,1491,4,1487
59152961,1581,36,1545
59152962,509,1,508
59152963,637,10,627
59152964,623,3,620
59152965,676,4,672
59152966,585,42,543
59152967,666,116,550
59152968,826,5,821
59152969,662,4,658
59152972,459,6,453
59152973,899,8,891
59152974,537,6,531
59152975,360,9,351
59152976,589,6,583
59152978,543,6,537
59152979,511,4,507
59152980,314,3,311
59152981,451,8,443
59152982,490,10,480
59152983,988,12,976
59152984,518,18,500
59152985,560,26,534
59152986,446,6,440
59152987,1807,6,1801
59152988,1083,26,1057
59152989,1402,8,1394
59152990,948,55,893
59152991,760,27,733
59152992,745,18,727
59152993,754,17,737
59152994,522,26,496
59152995,5989,51,5938
59152998,1520,8,1512
59152999,571,4,567
59153000,855,3,852
59153001,591,41,550
59153002,1473,12,1461
59153003,1225,7,1218
59153004,5,4,1
59153005,1982,70,1912
59153006,722,0,722
59153007,312,11,301
59153008,718,31,687
59153010,925,13,912
59153011,349,4,345
59153013,410,1,409
59153014,771,19,752
59153016,345,9,336
59153017,495,2,493
59153018,563,35,528
59153019,595,26,569
59153020,477,18,459
59153021,484,16,468
59153022,673,21,652
59153023,348,19,329
59153024,530,9,521
59153025,721,25,696
59153026,272,17,255
59153027,845,4,841
59153028,473,39,434
59153030,56,54,2
59153032,448,5,443
59153033,1167,48,1119
59153034,743,3,740
59153035,656,16,640
59153036,946,20,926
59153038,1238,1,1237
59153039,1078,9,1069
59153040,2023,33,1990
59153041,1255,12,1243
59153042,311,13,298
59153045,665,17,648
59153049,798,28,770
59153051,461,7,454
59153052,370,10,360
59153053,355,7,348
59153054,695,18,677
59153055,1005,60,945
59153057,748,6,742
59153058,448,4,444
59153059,1082,14,1068
59153060,671,10,661
59153061,461,2,459
59153062,960,21,939
59153063,521,3,518
59153064,425,51,374
59153065,340,3,337
59153066,693,22,671
59153067,1004,3,1001
59153069,990,6,984
59153070,433,4,429
59153071,578,15,563
59153072,1060,10,1050
59153073,936,10,926
59153074,722,13,709
59153075,476,19,457
59153076,261,9,252
59153077,488,13,475
59153078,731,2,729
59153079,628,3,625
59153080,600,7,593
59153081,403,2,401
59153082,347,1,346
59153083,373,29,344
59153084,674,0,674
59153085,510,3,507
59153086,730,0,730
59153087,795,1,794
59153088,719,5,714
59153089,746,1,745
59153090,854,7,847
59153091,671,20,651
59153092,501,11,490
59153093,695,5,690
59153094,498,11,487
59153095,588,14,574
59153096,665,21,644
59153097,1154,0,1154
59153098,624,17,607
59153099,602,14,588
59153102,584,13,571
59153103,301,14,287
59153104,432,13,419
59153105,448,15,433
59153106,670,17,653
59153107,910,16,894
59153108,1052,5,1047
59153110,540,1,539
59153111,704,3,701
59153113,1392,2,1390
59153114,395,11,384
59153121,1162,15,1147
59153122,460,2,458
59153123,584,38,546
59153124,338,7,331
59153132,1405,9,1396
59153133,751,12,739
59153134,658,11,647
59153135,872,8,864
59153136,1045,12,1033
59153137,677,6,671
59153138,608,15,593
59153139,523,9,514
59153140,847,6,841
59153141,760,24,736
59153142,525,13,512
59153144,809,46,763
59153145,610,4,606
59153146,9173,77,9096
59153151,706,7,699
59153152,845,4,841
59153153,802,2,800
59153154,932,3,929
59153155,547,5,542
59153156,351,19,332
59153157,611,15,596
59153158,767,5,762
59153159,737,75,662
59153160,737,17,720
59153161,545,11,534
59153162,535,15,520
59153163,470,69,401
59153164,1839,25,1814
59153165,553,7,546
59153166,1142,35,1107
59153167,638,9,629
59153168,1104,2,1102
59153171,780,7,773
59153172,881,10,871
59153181,344,5,339
59153182,367,51,316
59153183,727,10,717
59153184,572,24,548
59153185,416,2,414
59153186,505,25,480
59153187,814,229,585
59153188,246,24,222
59153189,519,72,447
59153190,692,99,593
59153191,590,20,570
59153192,578,124,454
59153193,699,250,449
59153194,367,3,364
59153195,410,5,405
59153196,560,200,360
59153197,552,72,480
59153198,549,57,492
59153199,486,68,418
59153200,615,0,615
59153201,623,107,516
59153202,497,5,492
59153203,526,11,515
59153204,423,48,375
59153205,434,129,305
59153206,591,11,580
59153207,501,4,497
59153208,609,95,514
59153209,510,4,506
59153210,528,15,513
59153211,482,4,478
59153212,426,8,418
59153213,596,9,587
59153214,623,55,568
59153215,912,11,901
59153216,877,13,864
59153217,556,8,548
59153218,544,15,529
59153219,519,3,516
59153220,435,5,430
59153221,661,3,658
59153222,706,45,661
59153223,502,3,499
59153224,889,10,879
59153225,610,0,610
59153226,668,1,667
59153227,705,9,696
59153228,608,6,602
59153229,610,2,608
59153230,817,10,807
59153231,494,3,491
59153232,575,32,543
59153234,839,12,827
59153235,1295,15,1280
59153236,459,59,400
59153237,895,1,894
59153238,446,0,446
59153239,856,62,794
59153240,610,605,5
59153241,1608,138,1470
59153246,983,16,967
59153249,633,0,633
59153250,458,4,454
59153251,561,4,557
59153252,649,7,642
59153253,714,0,714
59153254,414,1,413
59153255,665,39,626
59153256,522,36,486
59153257,594,1,593
59153258,659,4,655
59153259,539,5,534
59153261,685,10,675
59153262,905,4,901
59153263,242,2,240
59153264,492,4,488
59153265,585,41,544
59153266,861,6,855
59153267,797,0,797
59153268,553,2,551
59153269,362,4,358
59153270,514,2,512
59153271,541,5,536
59153272,478,1,477
59153273,682,5,677
59153274,768,6,762
59153275,631,17,614
59153276,669,2,667
59153277,404,1,403
59153278,479,3,476
59153279,533,1,532
59153280,635,2,633
59153281,635,7,628
59153282,650,1,649
59153283,621,0,621
59153284,590,0,590
59153285,606,0,606
59153286,447,3,444
59153287,775,2,773
59153288,822,5,817
59153289,668,3,665
59153290,759,3,756
59153291,694,4,690
59153292,742,4,738
59153293,513,8,505
59153294,706,6,700
59153295,642,0,642
59153296,570,11,559
59153297,1057,13,1044
59153298,649,10,639
59153299,565,9,556
59153300,537,10,527
59153301,468,7,461
59153302,546,11,535
59153303,516,8,508
59153304,721,6,715
59153305,778,18,760
59153306,880,8,872
59153307,440,5,435
59153308,744,7,737
59153309,805,5,800
59153310,489,3,486
59153311,670,4,666
59153312,587,4,583
59153313,686,29,657
59153314,620,16,604
59153315,512,10,502
59153316,540,11,529
59153317,666,27,639
59153318,427,15,412
59153319,585,12,573
59153320,587,14,573
59153321,466,2,464
59153322,411,2,409
59153323,441,1,440
59153324,552,15,537
59153325,420,0,420
59153326,534,11,523
59153327,1067,5,1062
59153328,557,13,544
59153329,652,14,638
59153330,480,1,479
59153331,422,0,422
59153332,749,1,748
59153333,661,2,659
59153334,389,0,389
59153342,1299,19,1280
59153343,266,1,265
59153344,1319,3,1316
59153345,1755,10,1745
59153347,1357,42,1315
59153350,3921,5,3916
59153351,1322,17,1305
59153352,1199,282,917
59153353,2335,102,2233
59153354,1091,27,1064
59153355,2033,66,1967
59153358,1263,13,1250
59153359,1138,30,1108
59153361,1691,95,1596
59153362,2213,122,2091
59153363,4891,97,4794
59153367,1530,4,1526
59153369,1464,82,1382
59153370,878,45,833
59153371,957,17,940
59153372,1019,9,1010
59153373,1168,18,1150
59153375,1589,5,1584
59153376,525,30,495
59153378,1583,6,1577
59153380,1288,60,1228
59153381,4253,48,4205
59153382,1471,12,1459
59153383,1350,8,1342
59153385,1080,49,1031
59153386,1377,13,1364
59153388,1448,88,1360
59153389,2408,6,2402
59153390,1539,32,1507
59153391,1385,101,1284
59153394,1391,22,1369
59153397,2797,76,2721
59153398,1768,10,1758
59153400,922,24,898
59153401,1521,10,1511
59153402,1375,28,1347
59153403,995,11,984
59153406,663,3,660
59153407,626,2,624
59153408,1562,3,1559
59153409,522,0,522
59153410,1897,4,1893
59153411,883,9,874
59153412,602,2,600
59153413,1031,4,1027
59153414,222,9,213
59153415,463,1,462
59153416,1309,23,1286
59153417,687,6,681
59153418,615,4,611
59153419,1018,21,997
59153420,759,57,702
59153421,368,0,368
59153422,486,1,485
59153423,1036,27,1009
59153424,994,6,988
59153425,564,7,557
59153426,846,10,836
59153427,299,5,294
59153428,276,54,222
59153429,1622,2,1620
59153430,620,0,620
59153431,918,0,918
59153432,509,18,491
59153433,804,68,736
59153435,574,17,557
59153436,744,4,740
59153437,778,18,760
59153438,312,24,288
59153439,1483,14,1469
59153440,755,38,717
59153441,861,31,830
59153443,430,2,428
59153444,3016,60,2956
59153445,377,8,369
59153446,748,15,733
59153447,496,14,482
59153450,620,13,607
59153451,900,10,890
59153452,850,8,842
59153453,559,0,559
59153454,694,2,692
59153455,619,3,616
59153456,854,27,827
59153457,2539,7,2532
59153459,653,18,635
59153460,1010,51,959
59153461,1850,30,1820
59153462,80,55,25
59153463,44,14,30
59153464,1713,14,1699
59153466,715,27,688
59153467,961,12,949
59153469,1144,8,1136
59153470,844,17,827
59153471,1366,6,1360
59153472,455,17,438
59153473,483,10,473
59153474,952,6,946
59153476,781,7,774
59153477,395,9,386
59153479,1084,12,1072
59153480,639,7,632
59153481,873,18,855
59153482,615,4,611
59153483,843,10,833
59153484,749,0,749
59153485,791,2,789
59153486,2160,4,2156
59153487,250,6,244
59153489,45,33,12
59153490,1210,4,1206
59153491,1102,2,1100
59153492,325,3,322
59153493,441,0,441
59153494,733,0,733
59153495,1066,2,1064
59153496,651,0,651
59153497,583,0,583
59153498,799,7,792
59153499,1185,18,1167
59153500,492,4,488
59153501,1300,8,1292
59153502,618,7,611
59153503,1088,5,1083
59153504,900,0,900
59153506,1134,43,1091
59153507,1123,41,1082
59153508,2135,6,2129
59153510,4121,134,3987
59153511,643,11,632
59153512,760,0,760
59153513,384,0,384
59153514,2204,95,2109
59153515,1620,45,1575
59153516,660,9,651
59153517,589,0,589
59153518,1500,45,1455
59153519,835,6,829
59153520,1936,17,1919
59153521,1620,19,1601
59153523,711,14,697
59153524,1798,13,1785
59153528,4467,8,4459
59153529,2348,5,2343
59153530,897,0,897
59153531,1809,168,1641
59153532,665,10,655
59153533,1121,12,1109
59153534,624,23,601
59153535,1354,55,1299
59153537,1188,48,1140
59153538,744,3,741
59153539,1086,0,1086
59153540,604,28,576
59153541,1082,19,1063
59153542,921,4,917
59153543,303,7,296
59153545,555,8,547
59153546,410,35,375
59153547,1398,20,1378
59153548,2564,1,2563
59153549,112,1,111
59153551,2789,3,2786
59153552,991,41,950
59153553,570,12,558
59153554,1729,127,1602
59153555,1776,95,1681
59153556,1057,7,1050
59153557,1288,45,1243
59153558,1312,43,1269
59153560,578,71,507
59153561,886,18,868
59153562,380,8,372
59153563,480,24,456
59153565,4967,15,4952
59153566,637,13,624
59153567,940,10,930
59153568,457,19,438
59153569,111,0,111
59153570,1321,11,1310
59153571,379,21,358
59153572,1169,2,1167
59153573,493,2,491
59153574,119,104,15
59153575,724,27,697
59153576,525,4,521
59153577,10,6,4
59153578,446,23,423
59153579,449,44,405
59153580,758,20,738
59153581,454,84,370
59153582,948,39,909
59153583,848,60,788
59153584,1778,21,1757
59153585,724,145,579
59153586,1239,12,1227
59153587,794,8,786
59153588,955,63,892
59153589,977,41,936
59153590,459,7,452
59153591,940,49,891
59153592,1450,27,1423
59153593,675,46,629
59153594,0,0,0
59153595,902,13,889
59153596,729,15,714
59153597,569,4,565
59153598,2339,12,2327
59153599,3541,47,3494
59153600,457,62,395
59153601,476,21,455
59153602,812,73,739
59153603,598,33,565
59153604,10,10,0
59153606,283,6,277
59153607,744,51,693
59153608,501,29,472
59153609,1051,53,998
59153610,450,3,447
59153611,673,24,649
59153612,604,18,586
59153613,847,4,843
59153614,423,4,419
59153615,510,21,489
59153616,1049,7,1042
59153617,596,13,583
59153618,523,4,519
59153619,938,1,937
59153620,1304,4,1300
59153621,777,0,777
59153622,698,0,698
59153623,617,3,614
59153624,696,1,695
59153625,613,0,613
59153626,743,0,743
59153627,394,0,394
59153628,543,0,543
59153629,714,5,709
59153630,564,1,563
59153631,940,10,930
59153632,2443,82,2361
59153633,807,12,795
59153634,586,7,579
59153635,408,7,401
59153636,634,4,630
59153637,501,4,497
59153638,523,5,518
59153639,647,5,642
59153640,541,38,503
59153641,532,5,527
59153642,603,5,598
59153643,1365,17,1348
59153644,1800,9,1791
59153645,2828,7,2821
59153646,586,4,582
59153647,456,10,446
59153648,1081,16,1065
59153649,692,8,684
59153650,510,5,505
59153651,534,37,497
59153652,567,4,563
59153653,1838,37,1801
59153654,1373,9,1364
59153655,2353,4,2349
59153656,689,2,687
59153657,2915,143,2772
59153658,844,34,810
59153659,873,45,828
59153660,1141,9,1132
59153661,593,41,552
59153662,2844,22,2822
59153663,914,50,864
59153664,259,27,232
59153665,1159,6,1153
59153666,971,4,967
59153667,539,25,514
59153668,378,9,369
59153669,430,15,415
59153670,733,14,719
59153671,450,9,441
59153672,695,6,689
59153673,717,15,702
59153674,637,20,617
59153675,763,18,745
59153676,873,30,843
59153677,462,9,453
59153678,617,12,605
59153679,712,25,687
59153680,793,3,790
59153681,1014,10,1004
59153682,793,11,782
59153683,1423,10,1413
59153684,840,19,821
59153685,506,3,503
59153686,973,22,951
59153687,670,3,667
59153688,710,15,695
59153689,788,65,723
59153690,482,4,478
59153691,517,5,512
59153692,1446,5,1441
59153693,470,1,469
59153694,495,4,491
59153695,4028,70,3958
59153696,906,54,852
59153697,1975,37,1938
59153698,687,20,667
59153699,544,3,541
59153700,415,3,412
59153701,1709,4,1705
59153702,993,0,993
59153703,2981,5,2976
59153704,1046,0,1046
59153705,868,2,866
59153706,1333,0,1333
59153707,888,0,888
59153708,1001,0,1001
59153709,994,1,993
59153710,492,9,483
59153711,607,19,588
59153712,540,21,519
59153713,852,93,759
59153714,816,27,789
59153715,1779,6,1773
59153716,1312,62,1250
59153717,740,10,730
59153718,559,40,519
59153719,507,46,461
59153720,538,59,479
59153721,1331,23,1308
59153722,362,0,362
59153723,333,2,331
59153724,413,1,412
59153725,418,8,410
59153726,3244,112,3132
59153728,5071,96,4975
59153729,3240,37,3203
59153730,2770,46,2724
59153731,148,69,79
59153732,53,40,13
59153733,1371,23,1348
59153734,829,1,828
59153735,5003,24,4979
59153736,2463,9,2454
59153737,1302,10,1292
59153738,1720,73,1647
59153739,1220,7,1213
59153740,3468,70,3398
59153741,2166,50,2116
59153742,1074,48,1026
59153743,520,12,508
59153744,2424,71,2353
59153745,466,14,452
59153746,447,18,429
59153747,482,48,434
59153748,554,17,537
59153749,410,10,400
59153750,0,0,0
59153751,641,16,625
59153752,0,0,0
59153754,100,90,10
59153756,438,30,408
59153757,683,42,641
59153758,683,26,657
59153762,590,5,585
59153763,515,10,505
59153764,705,24,681
59153765,442,5,437
59153766,478,13,465
59153767,542,2,540
59153768,518,83,435
59153769,510,4,506
59153770,490,6,484
59153771,531,15,516
59153772,555,12,543
59153773,497,0,497
59153774,493,29,464
59153775,518,5,513
59153776,475,55,420
59153777,535,25,510
59153778,1163,9,1154
59153779,508,13,495
59153780,499,0,499
59153781,437,8,429
59153782,449,0,449
59153783,466,46,420
59153784,580,15,565
59153785,483,18,465
59153786,534,16,518
59153788,623,27,596
59153789,438,11,427
59153790,375,3,372
59153791,217,16,201
59153792,570,17,553
59153794,1079,3,1076
59153795,810,1,809
59153796,841,0,841
59153797,1390,36,1354
59153798,1281,5,1276
59153799,308,56,252
59153800,451,7,444
59153801,393,2,391
59153805,749,10,739
59153806,583,8,575
59153807,441,0,441
59153809,901,18,883
59153810,338,10,328
59153812,461,0,461
59153814,392,2,390
59153815,730,9,721
59153816,431,13,418
59153818,828,1,827
59153821,462,16,446
59153825,704,10,694
59153826,552,10,542
59153831,595,14,581
59153832,3524,8,3516
59153833,410,9,401
59153834,3908,23,3885
59153835,304,6,298
59153836,260,5,255
59153838,384,8,376
59153839,1393,103,1290
59153843,2222,22,2200
59153845,3223,9,3214
59153846,2098,33,2065
59153847,1401,24,1377
59153849,817,36,781
59153851,402,18,384
59153852,1325,36,1289
59153854,369,15,354
59153856,456,58,398
59153857,3308,114,3194
59153858,1982,21,1961
59153859,1315,69,1246
59153860,557,2,555
59153861,1445,111,1334
59153862,617,141,476
59153864,733,10,723
59153865,5677,12,5665
59153866,1496,17,1479
59153867,802,10,792
59153868,1165,6,1159
59153869,481,34,447
59153870,973,70,903
59153871,424,37,387
59153872,1013,50,963
59153873,865,28,837
59153874,839,31,808
59153875,282,21,261
59153876,663,88,575
59153877,453,62,391
59153878,433,1,432
59153879,521,15,506
59153881,530,0,530
59153882,1400,19,1381
59153883,535,4,531
59153885,320,2,318
59153886,771,69,702
59153887,692,6,686
59153888,1107,18,1089
59153889,540,9,531
59153890,650,7,643
59153891,736,2,734
59153892,516,1,515
59153893,710,21,689
59153894,739,8,731
59153895,578,10,568
59153896,1235,16,1219
59153897,1176,6,1170
59153898,1006,5,1001
59153899,898,8,890
59153900,2154,77,2077
59153901,1459,9,1450
59153902,1142,31,1111
59153903,777,43,734
59153904,1728,22,1706
59153905,712,15,697
59153906,687,8,679
59153907,529,13,516
59153908,463,4,459
59153909,1221,11,1210
59153910,917,6,911
59153911,947,15,932
59153912,1005,11,994
59153913,792,39,753
59153914,290,1,289
59153915,1409,62,1347
59153916,1352,15,1337
59153917,1267,54,1213
59153918,591,21,570
59153919,865,8,857
59153920,1185,9,1176
59153921,1061,5,1056
59153922,824,1,823
59153923,875,15,860
59153924,1432,5,1427
59153925,1159,57,1102
59153926,1361,73,1288
59153927,886,5,881
59153928,1450,17,1433
59153929,803,11,792
59153930,815,6,809
59153931,1399,38,1361
59153932,668,7,661
59153935,641,3,638
59153936,519,3,516
59153937,592,7,585
59153939,2379,126,2253
59153940,398,4,394
59153941,358,40,318
59153942,1351,64,1287
59153943,990,5,985
59153944,313,14,299
59153945,1013,0,1013
59153946,867,1,866
59153948,1924,2,1922
59153949,3232,9,3223
59153950,694,3,691
59153952,415,10,405
59153953,690,42,648
59153955,722,10,712
59153956,1004,14,990
59153957,185,4,181
59153958,367,48,319
59153960,4150,32,4118
59153961,753,9,744
59153962,973,43,930
59153963,515,2,513
59153965,413,2,411
59153966,305,37,268
59153967,456,18,438
59153968,530,62,468
59153969,699,24,675
59153970,1527,1,1526
59153971,881,13,868
59153972,388,1,387
59153973,656,20,636
59153974,894,63,831
59153975,778,105,673
59153976,1999,33,1966
59153977,662,14,648
59153978,875,0,875
59153979,826,24,802
59153980,1957,6,1951
59153981,1470,4,1466
59153982,1913,171,1742
59153983,1438,174,1264
59153984,3009,139,2870
59153985,517,9,508
59153986,1351,10,1341
59153987,1422,28,1394
59153988,1114,12,1102
59153989,546,7,539
59153990,738,10,728
59153991,1167,23,1144
59153992,855,65,790
59153993,605,69,536
59153994,623,7,616
59153995,261,8,253
59153996,830,2,828
59153997,1066,11,1055
59153998,1041,26,1015
59153999,2185,25,2160
59154000,2095,9,2086
59154001,5026,95,4931
59154002,1295,13,1282
59154004,1954,16,1938
59154005,362,18,344
59154006,755,5,750
59154007,865,3,862
59154008,552,2,550
59154009,445,9,436
59154010,674,8,666
59154011,434,2,432
59154012,611,57,554
59154013,414,148,266
59154014,802,114,688
59154015,1117,1011,106
59154016,379,162,217
59154017,464,37,427
59154018,903,6,897
59154019,1865,27,1838
59154020,3675,148,3527
59154021,3530,123,3407
59154022,1250,38,1212
59154023,304,4,300
59154024,3911,5,3906
59154025,1027,6,1021
59154026,118,0,118
59154027,1802,7,1795
59154029,556,6,550
59154030,823,10,813
59154031,1375,18,1357
59154032,3013,41,2972
59154033,2417,5,2412
59154034,1187,16,1171
59154035,552,2,550
59154036,1357,3,1354
59154038,913,6,907
59154039,685,12,673
59154041,586,21,565
59154042,678,18,660
59154044,584,25,559
59154045,549,24,525
59154046,643,38,605
59154048,724,12,712
59154049,859,1,858
59154050,672,6,666
59154052,1115,99,1016
59154053,451,6,445
59154054,683,9,674
59154055,382,2,380
59154056,84,8,76
59170033,924,25,899
59170034,516,20,496
59170035,416,2,414
59170036,556,3,553
59170037,505,3,502
59170038,629,36,593
59170039,563,25,538
59170040,601,4,597
59170041,295,6,289
59170042,617,13,604
59170043,530,6,524
59170044,590,8,582
59170045,361,9,352
59170046,497,5,492
59170047,802,24,778
59170048,286,4,282
59170049,586,2,584
59170051,554,9,545
59170052,751,17,734
59170053,510,3,507
59170054,581,8,573
59170055,431,3,428
59170056,779,7,772
59170063,457,80,377
59170066,1247,534,713
59170070,570,59,511
59170071,743,14,729
59170072,802,44,758
59170074,531,2,529
59170075,574,6,568
59170076,1468,4,1464
59170077,741,5,736
59170079,602,2,600
59170081,562,2,560
59170082,702,25,677
59170084,640,23,617
59170085,676,7,669
59170094,759,12,747
59170095,1072,47,1025
59170096,853,5,848
59170097,575,2,573
59170098,457,11,446
59170100,582,30,552
59170101,998,5,993
59170102,785,13,772
59170103,898,11,887
59170104,267,3,264
59170105,628,7,621
59170106,654,38,616
59170111,452,18,434
59170112,453,12,441
59170113,493,24,469
59170114,1180,120,1060
59170115,578,2,576
59170116,484,41,443
59170117,439,15,424
59170118,560,53,507
59170119,540,26,514
59170120,558,33,525
59170121,526,28,498
59170122,853,144,709
59170123,517,15,502
59170124,726,16,710
59170125,885,26,859
59170126,569,28,541
59170127,688,51,637
59170128,555,22,533
59170129,560,67,493
59170130,679,99,580
59170131,627,9,618
59170132,582,16,566
59170133,577,6,571
59170134,653,61,592
59170135,508,4,504
59170136,525,4,521
59170137,494,20,474
59170138,475,17,458
59170139,550,5,545
59170140,518,15,503
59170141,632,43,589
59170142,630,26,604
59170143,526,64,462
59170144,681,26,655
59170145,443,6,437
59170146,613,26,587
59170147,430,1,429
59170148,433,1,432
59170149,566,219,347
59170150,417,15,402
59170151,575,8,567
59170152,519,21,498
59170153,720,34,686
59170154,567,12,555
59170155,686,6,680
59170156,621,44,577
59170157,504,15,489
59170158,1049,15,1034
59170159,1022,13,1009
59170160,845,12,833
59170161,627,102,525
59170162,496,25,471
59170163,523,10,513
59170164,1073,3,1070
59170165,562,45,517
59170166,507,97,410
59170167,480,29,451
59170168,501,11,490
59170169,449,6,443
59170170,524,33,491
59170171,788,79,709
59170172,599,7,592
59170174,543,7,536
59170175,532,3,529
59170177,546,5,541
59170178,621,15,606
59170179,646,9,637
59170180,515,18,497
59170181,548,4,544
59170182,339,19,320
59170184,593,21,572
59170185,662,4,658
59170186,433,10,423
59170187,489,4,485
59170189,333,16,317
59170190,600,4,596
59170191,332,4,328
59170192,566,1,565
59170193,476,2,474
59170194,539,11,528
59170195,543,3,540
59170196,541,2,539
59170197,551,20,531
59170198,718,1,717
59170199,550,16,534
59170200,585,23,562
59170201,520,2,518
59170202,351,21,330
59170203,719,5,714
59170204,725,27,698
59170205,457,2,455
59170206,429,14,415
59170207,408,14,394
59170208,497,2,495
59170209,509,15,494
59170210,522,5,517
59170211,484,4,480
59170212,557,10,547
59170214,570,6,564
59170215,439,9,430
59170216,511,19,492
59170217,525,37,488
59170218,555,1,554
59170219,515,27,488
59170220,472,5,467
59170221,531,17,514
59170222,667,26,641
59170223,858,13,845
59170224,543,22,521
59170225,395,5,390
59170226,597,7,590
59170227,781,26,755
59170228,346,5,341
59170229,450,7,443
59170230,697,57,640
59170231,316,5,311
59170233,684,59,625
59170234,646,40,606
59170235,700,42,658
59170236,530,53,477
59170237,590,4,586
59170238,561,38,523
59170239,532,5,527
59170240,548,3,545
59170241,584,18,566
59170242,781,11,770
59170243,594,1,593
59170244,611,26,585
59170245,810,40,770
59170246,638,29,609
59170247,407,15,392
59170248,433,15,418
59170249,616,27,589
59170250,471,16,455
59170251,479,2,477
59170252,1125,19,1106
59170253,406,8,398
59170254,423,52,371
59170255,410,6,404
59170256,666,16,650
59170257,720,26,694
59170258,714,8,706
59170259,450,1,449
59170260,624,1,623
59170262,605,2,603
59170263,447,13,434
59170264,658,13,645
59170265,427,2,425
59170266,542,20,522
59170267,351,7,344
59170268,226,4,222
59170270,570,19,551
59170271,249,1,248
59170272,741,6,735
59170273,594,47,547
59170274,642,32,610
59170275,530,2,528
59170276,488,4,484
59170277,364,12,352
59170278,428,1,427
59170279,494,14,480
59170280,613,28,585
59170281,876,46,830
59170282,648,52,596
59170285,633,20,613
59170286,492,1,491
59170287,543,21,522
59170288,650,29,621
59170289,531,1,530
59170290,556,8,548
59170291,529,45,484
59170292,462,4,458
59170293,529,51,478
59170294,611,4,607
59170295,692,7,685
59170296,652,12,640
59170297,512,6,506
59170298,921,104,817
59170299,408,18,390
59170300,542,4,538
59170301,431,21,410
59170302,434,7,427
59170303,645,3,642
59170304,537,15,522
59170305,689,14,675
59170308,545,45,500
59170309,739,26,713
59170310,347,6,341
59170311,774,20,754
59170312,774,28,746
59170313,614,13,601
59170314,642,17,625
59170315,476,78,398
59170316,508,26,482
59170317,820,68,752
59170318,561,35,526
59170319,681,10,671
59170320,567,6,561
59170321,611,33,578
59170322,485,27,458
59170323,430,19,411
59170324,604,82,522
59170325,549,6,543
59170326,590,7,583
59170327,480,101,379
59170328,623,18,605
59170331,771,2,769
59170332,116,78,38
59170335,706,197,509
59170336,1168,49,1119
59170337,504,3,501
59170338,620,11,609
59170339,479,10,469
59170343,496,4,492
59170344,441,4,437
59170345,471,0,471
59170346,503,8,495
59170347,567,10,557
59170348,578,27,551
59170349,1111,73,1038
59170350,419,3,416
59170351,515,14,501
59170352,973,69,904
59170353,904,3,901
59170354,388,76,312
59170357,605,7,598
59170359,515,31,484
59170360,643,1,642
59170361,794,26,768
59170362,676,6,670
59170363,705,50,655
59170364,686,62,624
59170365,521,22,499
59170366,619,7,612
59170367,667,72,595
59170368,681,1,680
59170369,492,27,465
59170370,521,19,502
59170371,586,2,584
59170372,508,16,492
59170373,418,2,416
59170374,1117,4,1113
59170375,514,120,394
59170376,598,125,473
59170377,572,53,519
59170378,627,38,589
59170379,509,126,383
59170380,780,104,676
59170381,1617,62,1555
59170383,844,117,727
59170384,531,34,497
59170385,580,63,517
59170386,647,73,574
59170387,514,87,427
59170388,540,27,513
59170389,837,68,769
59170390,1110,131,979
59170392,717,41,676
59170393,500,31,469
59170396,700,8,692
59170397,676,4,672
59170399,590,14,576
59170400,839,77,762
59170401,1421,23,1398
59170402,542,3,539
59170403,791,3,788
59170404,452,50,402
59170405,378,9,369
59170406,480,63,417
59170407,608,54,554
59170408,1423,80,1343
59170409,1062,16,1046
59170410,610,16,594
59170413,874,24,850
59170414,1029,6,1023
59170415,1412,14,1398
59170416,322,17,305
59170417,549,14,535
59170418,290,15,275
59170419,474,14,460
59170421,1086,5,1081
59170422,732,70,662
59170423,294,80,214
59170424,433,20,413
59170425,405,22,383
59170426,1099,11,1088
59170427,1440,297,1143
59170428,1023,13,1010
59170429,924,118,806
59170430,1250,105,1145
59170431,1852,101,1751
59170432,1607,1,1606
59170433,471,25,446
59170435,768,64,704
59170437,984,49,935
59170438,1099,19,1080
59170439,1297,85,1212
59170440,1002,34,968
59170441,347,9,338
59170442,833,55,778
59170443,976,92,884
59170444,2153,126,2027
59170451,477,30,447
59170452,620,76,544
59170453,516,4,512
59170454,525,17,508
59170455,708,5,703
59170456,701,5,696
59170457,377,11,366
59170458,843,720,123
59170463,553,16,537
59170464,427,2,425
59170466,481,31,450
59170468,678,13,665
59170469,554,9,545
59170470,736,30,706
59170471,524,47,477
59170472,4236,165,4071
59170473,2,1,1
59170475,512,30,482
59170476,556,31,525
59170478,2053,362,1691
59170479,451,13,438
59170480,1255,16,1239
59170481,1187,45,1142
59170482,1187,66,1121
59170483,343,3,340
59170484,1181,45,1136
59170485,712,66,646
59170488,750,1,749
59170489,1038,41,997
59170490,519,1,518
59170491,811,48,763
59170492,463,65,398
59170493,959,90,869
59170494,369,1,368
59170495,410,51,359
59170496,397,10,387
59170497,385,17,368
59170498,464,5,459
59170501,2074,14,2060
59170502,1117,27,1090
59170506,1572,80,1492
59170507,633,19,614
59170544,341,341,0
59170545,878,15,863
59170546,765,26,739
59170547,95,85,10
59170548,575,0,575
59170549,752,6,746
59170550,509,20,489
59170551,479,2,477
59170552,628,1,627
59170553,437,2,435
59170554,558,24,534
59170555,387,22,365
59170556,430,3,427
59170557,392,2,390
59170558,616,20,596
59170559,585,3,582
59170560,432,11,421
59170561,480,15,465
59170562,440,65,375
59170563,535,21,514
59170564,613,16,597
59170565,513,3,510
59170566,547,1,546
59170567,860,14,846
59170568,485,28,457
59170569,491,5,486
59170570,389,47,342
59170571,515,11,504
59170574,531,12,519
59170575,791,41,750
59170576,650,15,635
59170577,440,8,432
59170578,521,38,483
59170579,621,8,613
59170581,704,19,685
59170582,660,4,656
59170583,725,30,695
59170584,786,3,783
59170585,610,7,603
59170586,557,4,553
59170587,467,12,455
59170588,576,61,515
59170589,950,10,940
59170590,466,1,465
59170591,691,61,630
59170592,429,1,428
59170593,577,3,574
59170594,439,17,422
59170595,441,13,428
59170596,597,66,531
59170597,649,17,632
59170598,641,17,624
59170599,552,72,480
59170600,549,2,547
59170601,580,6,574
59170602,485,3,482
59170603,504,3,501
59170604,597,0,597
59170610,1091,62,1029
59170611,905,11,894
59170612,1137,132,1005
59170613,672,31,641
59170614,1311,63,1248
59170615,2592,75,2517
59170617,391,1,390
59170619,369,47,322
59170620,446,8,438
59170621,307,2,305
59170622,507,28,479
59170623,682,17,665
59170624,1892,108,1784
59170625,568,2,566
59170626,938,36,902
59170627,1116,8,1108
59170628,2301,149,2152
59170629,2,2,0
59170630,1019,124,895
59170631,1539,32,1507
59170632,625,22,603
59170633,766,17,749
59170634,488,17,471
59170635,2921,30,2891
59170636,498,8,490
59170637,490,6,484
59170638,607,64,543
59170639,882,15,867
59170640,1074,18,1056
59170641,525,17,508
59170642,1013,67,946
59170643,526,4,522
59170644,562,26,536
59170645,580,4,576
59170646,913,23,890
59170647,0,0,0
59170648,618,8,610
59170649,1065,1,1064
59170650,745,12,733
59170651,459,5,454
59170652,547,85,462
59170653,493,14,479
59170654,708,75,633
59170655,90,70,20
59170656,842,10,832
59170657,2832,150,2682
59170658,657,33,624
59170659,696,25,671
59170660,545,4,541
59170661,480,1,479
59170662,692,141,551
59170663,913,70,843
59170664,1088,95,993
59170665,424,16,408
59170666,140,111,29
59170668,1445,8,1437
59170670,673,2,671
59170671,671,18,653
59170678,864,4,860
59170679,599,16,583
59170680,434,31,403
59170681,416,0,416
59170682,681,80,601
59170683,962,37,925
59170684,631,59,572
59170685,116,79,37
59170688,0,0,0
59170689,871,11,860
59170690,834,51,783
59170691,131,22,109
59170692,0,0,0
59170694,1087,3,1084
59170699,903,58,845
59170700,545,6,539
59170701,426,5,421
59170703,183,123,60
59170704,89,89,0
59170705,852,55,797
59170707,394,34,360
59170708,843,8,835
59170709,632,16,616
59170710,628,45,583
59170711,1379,89,1290
59170712,255,16,239
59170713,828,79,749
59170715,559,56,503
59170716,410,19,391
59170718,369,10,359
59170719,435,8,427
59170720,581,8,573
59170721,625,19,606
59170722,1033,71,962
59170723,421,2,419
59170725,961,26,935
59170726,289,4,285
59170728,533,2,531
59170729,333,17,316
59170730,753,8,745
59170731,490,18,472
59170732,282,12,270
59170733,711,2,709
59170734,476,2,474
59170735,791,26,765
59170736,305,12,293
59170738,759,31,728
59170739,673,4,669
59170741,653,12,641
59170742,1092,31,1061
59170743,333,7,326
59170744,529,49,480
59170746,303,8,295
59170747,668,120,548
59170748,631,4,627
59170749,416,10,406
59170750,441,36,405
59170751,391,19,372
59170753,298,7,291
59170754,390,16,374
59170755,694,1,693
59170756,613,1,612
59170758,646,24,622
59170759,909,9,900
59170760,545,5,540
59170761,893,7,886
59170762,866,3,863
59170763,382,9,373
59170764,275,8,267
59170765,243,2,241
59170766,362,4,358
59170768,521,22,499
59170769,409,8,401
59170770,367,17,350
59170771,520,16,504
59170772,593,13,580
59170773,791,6,785
59170774,586,6,580
59170776,704,10,694
59170777,398,15,383
59170778,456,20,436
59170781,297,110,187
59170783,184,34,150
59170784,104,3,101
59170785,541,72,469
59170786,69,42,27
59190152,693,17,676
59190153,516,15,501
59190154,5,1,4
59190155,566,60,506
59190156,492,36,456
59190157,770,13,757
59190158,402,17,385
59190159,449,16,433
59190160,475,63,412
59190161,692,39,653
59190162,22,15,7
59190163,569,4,565
59190164,159,159,0
59190165,0,0,0
59190166,0,0,0
59190167,471,62,409
59190168,0,0,0
59190169,636,40,596
59190170,43,38,5
59190171,721,33,688
59190172,699,3,696
59190173,506,18,488
59190174,466,10,456
59190175,507,3,504
59190176,40,35,5
59190177,488,0,488
59190178,990,1,989
59190179,5,3,2
59190180,711,0,711
59190181,427,0,427
59190182,477,49,428
59190183,24,18,6
59190184,473,15,458
59190185,588,33,555
59190186,440,43,397
59190187,616,28,588
59190190,514,25,489
59190191,375,9,366
59190192,563,1,562
59190193,447,30,417
59190194,493,5,488
59190195,1147,50,1097
59190196,605,2,603
59190197,727,86,641
59190198,151,148,3
59190199,446,2,444
59190200,700,73,627
59190201,1046,3,1043
59190202,788,16,772
59190203,265,14,251
59190204,644,30,614
59190205,599,51,548
59190206,432,5,427
59190207,493,4,489
59190208,552,19,533
59190209,652,59,593
59190210,869,14,855
59190211,521,2,519
59190212,511,5,506
59190215,52,44,8
59190216,78,10,68
59190217,1227,55,1172
59190218,886,75,811
59190219,951,13,938
59190220,717,11,706
59190221,523,9,514
59190222,684,27,657
59190223,563,131,432
59190224,494,4,490
59190225,523,8,515
59190226,645,149,496
59190227,635,43,592
59190228,598,4,594
59190229,266,3,263
59190230,707,703,4
59190231,394,37,357
59190232,88,56,32
59190233,702,3,699
59190234,584,569,15
59190235,576,52,524
59190236,0,0,0
59190237,347,34,313
59190238,354,0,354
59190239,422,154,268
59190240,470,50,420
59190241,914,162,752
59190242,992,236,756
59190243,497,53,444
59190244,850,82,768
59190245,426,35,391
59190246,332,36,296
59190247,719,79,640
59190248,2099,238,1861
59190249,409,136,273
59190250,477,59,418
59190251,358,25,333
59190252,448,39,409
59190253,356,15,341
59190254,793,32,761
59190255,550,19,531
59190256,521,26,495
59190257,731,160,571
59190258,351,4,347
59190259,407,4,403
59190260,520,64,456
59190261,484,12,472
59190262,633,56,577
59190263,363,31,332
59190264,397,36,361
59190265,1049,65,984
59190266,519,38,481
59190267,482,18,464
59190268,778,23,755
59190269,568,4,564
59190270,277,3,274
59190271,264,6,258
59190272,170,169,1
59190273,106,103,3
59190274,38,37,1
59190275,329,9,320
59190276,749,0,749
59190277,402,11,391
59190278,322,10,312
59190279,396,24,372
59190280,427,59,368
59190281,643,3,640
59190282,595,8,587
59190283,743,55,688
59190284,424,13,411
59190285,423,72,351
59190286,1050,98,952
59190287,685,74,611
59190288,705,28,677
59190289,569,26,543
59190290,439,1,438
59190291,555,47,508
59190292,535,35,500
59190293,552,1,551
59190294,507,10,497
59190295,688,52,636
59190296,632,42,590
59190297,533,75,458
59190298,1018,18,1000
59190299,540,27,513
59190300,78,77,1
59190301,718,15,703
59190302,595,5,590
59190303,763,763,0
59190304,590,36,554
59190305,673,55,618
59190306,461,458,3
59190307,0,0,0
59190308,10,8,2
59190309,0,0,0
59190310,598,3,595
59190311,682,3,679
59190312,757,752,5
59190314,505,21,484
59190315,686,1,685
59190316,360,26,334
59210208,604,28,576
59210209,730,8,722
59210210,746,39,707
59210211,76,59,17
59210212,556,39,517
59210213,588,10,578
59210214,749,53,696
59210215,549,6,543
59210216,564,4,560
59210217,506,7,499
59210218,583,5,578
59210219,585,5,580
59210220,471,3,468
59210221,745,44,701
59210222,543,1,542
59210223,478,6,472
59210224,642,28,614
59210225,464,8,456
59210226,448,10,438
59210227,444,3,441
59210228,531,25,506
59210229,596,94,502
59210230,489,0,489
59210231,528,39,489
59210232,512,18,494
59210233,662,6,656
59210234,814,64,750
59210235,561,0,561
59210236,593,34,559
59210237,838,57,781
59210238,826,55,771
59210239,534,18,516
59210240,516,13,503
59210241,509,89,420
59210242,467,15,452
59210243,458,4,454
59210246,941,17,924
59210247,684,10,674
59210248,502,12,490
59210249,514,45,469
59210250,515,13,502
59210251,433,3,430
59210252,504,11,493
59210253,835,34,801
59210254,443,9,434
59210255,481,4,477
59210256,459,33,426
59210257,376,15,361
59210258,569,8,561
59210259,528,5,523
59210260,522,6,516
59210261,473,14,459
59210262,747,6,741
59210263,794,32,762
59210264,719,13,706
59210265,620,43,577
59210266,582,4,578
59210267,660,12,648
59210268,621,7,614
59210269,678,4,674
59210270,841,7,834
59210271,672,59,613
59210272,468,7,461
59210273,557,4,553
59210274,602,6,596
59210275,1021,27,994
59210276,580,5,575
59210277,349,9,340
59210278,389,1,388
59210279,476,10,466
59210280,580,30,550
59210281,542,10,532
59210282,705,11,694
59210283,240,240,0
59210284,517,8,509
59210285,547,26,521
59210286,455,4,451
59210287,481,6,475
59210288,573,0,573
59210289,636,34,602
59210290,493,0,493
59210291,0,0,0
59210292,418,1,417
59210293,422,11,411
59210294,452,11,441
59210295,658,77,581
59210296,860,46,814
59210297,668,63,605
59210298,403,34,369
59210299,676,3,673
59210300,856,47,809
59210301,603,33,570
59210302,382,24,358
59210303,435,35,400
59210304,880,12,868
59210305,316,3,313
59210306,375,26,349
59210307,301,51,250
59210308,464,32,432
59210309,485,27,458
59210310,488,17,471
59210311,1254,77,1177
59210312,395,2,393
59210313,370,10,360
59210314,466,6,460
59210315,579,18,561
59210316,1163,44,1119
59210317,724,17,707
59210318,392,22,370
59210319,389,2,387
59210320,358,5,353
59210321,398,13,385
59210322,413,5,408
59210323,354,15,339
59210324,383,8,375
59210325,423,19,404
59210326,264,129,135
59210327,456,38,418
59210328,840,41,799
59210329,331,17,314
59210330,431,44,387
59210331,844,15,829
59210332,452,59,393
59210333,306,43,263
59210334,494,1,493
59210335,373,0,373
59210336,332,31,301
59210337,1744,168,1576
59210338,377,2,375
59210339,425,82,343
59210340,493,112,381
59210341,265,3,262
59210342,792,67,725
59210343,444,11,433
59210344,576,20,556
59210345,420,56,364
59210346,285,15,270
59210347,375,16,359
59210348,460,24,436
59210349,464,75,389
59210350,388,59,329
59210351,722,50,672
59210352,378,52,326
59210353,485,36,449
59210354,525,71,454
59210355,1471,69,1402
59210356,431,16,415
59210357,1683,113,1570
59210358,1993,20,1973
59210359,475,11,464
59210360,782,21,761
59210361,443,46,397
59210362,542,20,522
59210363,412,3,409
59210364,487,10,477
59210365,485,41,444
59210366,526,7,519
59210367,584,85,499
59210368,494,2,492
59210369,559,34,525
59210370,999,37,962
59210371,488,66,422
59210372,387,2,385
59210373,426,11,415
59210374,436,3,433
59210375,1446,108,1338
59210376,1199,14,1185
59210377,484,72,412
59210378,431,31,400
59210379,427,8,419
59210380,606,5,601
59210381,599,55,544
59210382,517,27,490
59210383,546,18,528
59210384,472,12,460
59210385,365,3,362
59210386,496,134,362
59210387,388,19,369
59210388,414,39,375
59210389,1934,286,1648
59210390,355,6,349
59210391,515,78,437
59210392,400,6,394
59210393,499,48,451
59210394,394,16,378
59210395,834,75,759
59210396,500,59,441
59210397,485,1,484
59210398,480,30,450
59210399,515,22,493
59210400,572,11,561
59210401,488,7,481
59210402,564,20,544
59210403,877,10,867
59210404,694,26,668
59210405,735,13,722
59210406,536,70,466
59210407,453,5,448
59210408,401,4,397
59210409,490,52,438
59210410,510,149,361
59210411,367,6,361
59210412,518,125,393
59210413,340,170,170
59210414,368,41,327
59210415,546,63,483
59210416,532,19,513
59210417,544,70,474
59210418,366,364,2
59210419,524,176,348
59210420,481,65,416
59210421,469,14,455
59210422,414,160,254
59210423,517,48,469
59210424,393,66,327
59210425,486,4,482
59210426,403,7,396
59210427,501,30,471
59210428,654,83,571
59210429,494,42,452
59210430,778,4,774
59210431,562,150,412
59210432,917,83,834
59210433,646,23,623
59210434,540,55,485
59210435,447,39,408
59210438,523,62,461
59210439,534,20,514
59210440,449,41,408
59210441,23,7,16
59210442,489,40,449
59210443,551,76,475
59210444,470,84,386
59210445,584,82,502
59210446,1074,113,961
59210447,1296,118,1178
59210448,805,9,796
59210449,554,53,501
59210450,352,19,333
59210451,713,75,638
59210452,695,8,687
59210453,293,15,278
59210454,1525,225,1300
59210455,715,31,684
59210456,467,112,355
59210457,524,39,485
59210458,498,24,474
59210459,437,2,435
59210460,535,19,516
59210461,531,8,523
59210462,436,5,431
59210463,838,29,809
59210464,429,14,415
59210465,577,7,570
59210466,554,9,545
59210467,411,6,405
59210468,565,13,552
59210469,466,6,460
59210470,629,2,627
59210471,842,12,830
59210472,773,9,764
59210473,943,58,885
59210474,602,49,553
59210475,855,7,848
59210476,716,23,693
59210478,326,2,324
59210479,809,30,779
59210480,361,361,0
59230076,5,2,3
59230079,2,1,1
59230080,285,273,12
59230081,151,145,6
59230083,19,11,8
59230084,628,594,34
59230086,42,39,3
59230087,647,29,618
59230088,16,6,10
59230089,266,3,263
59230090,853,23,830
59230091,609,95,514
59230092,445,81,364
59230093,611,8,603
59230094,334,17,317
59230095,774,10,764
59230096,482,10,472
59230097,15,8,7
59230098,417,13,404
59230099,364,5,359
59230100,398,45,353
59230101,613,74,539
59230102,532,40,492
59230103,114,99,15
59230104,583,70,513
59230105,519,42,477
59230106,429,30,399
59230107,492,26,466
59230108,442,36,406
59230109,509,9,500
59230110,554,10,544
59230111,468,6,462
59230112,476,13,463
59230113,464,7,457
59230114,468,2,466
59230115,468,1,467
59230116,498,54,444
59230117,561,20,541
59230118,511,4,507
59230119,463,33,430
59230120,515,46,469
59230121,359,28,331
59230122,459,98,361
59230123,452,122,330
59230124,377,99,278
59230125,440,113,327
59230126,540,153,387
59230127,748,208,540
59230128,483,54,429
59230129,519,115,404
59230130,461,176,285
59230131,539,37,502
59230132,502,60,442
59230133,459,113,346
59230134,486,6,480
59230135,10,4,6
59230136,554,13,541
59230137,491,9,482
59230138,470,50,420
59230139,500,17,483
59230140,425,122,303
59230141,517,41,476
59230142,545,525,20
59230143,602,71,531
59230144,410,54,356
59230146,4,2,2
59230148,5,2,3
59230149,0,0,0
59230150,86,78,8
59230151,444,32,412
59230152,471,60,411
59230154,702,42,660
59230155,90,85,5
59230156,220,2,218
59240195,182,176,6
59240196,5,2,3
59240197,31,20,11
59240198,0,0,0
59240199,0,0,0
59240200,245,22,223
59240201,10,5,5
59240202,0,0,0
59240203,90,88,2
59240204,100,0,100
59240205,354,54,300
59240206,487,53,434
59240207,382,57,325
59240208,0,0,0
59240209,325,6,319
59240210,390,0,390
59240211,308,24,284
59240212,486,36,450
59240213,336,43,293
59240214,456,3,453
59240215,420,14,406
59240216,441,73,368
59240217,402,13,389
59240218,533,39,494
59240219,180,21,159
59240220,522,27,495
59240221,642,72,570
59240222,509,44,465
59240223,298,259,39
59240225,1752,131,1621
59240226,205,190,15
59240227,496,32,464
59240228,504,41,463
59240229,584,92,492
59240230,687,132,555
59240231,526,60,466
59240232,455,6,449
59240233,637,7,630
59240234,486,42,444
59240235,382,7,375
59240236,282,15,267
59240237,769,32,737
59240238,1532,82,1450
59240239,437,28,409
59240240,586,74,512
59240241,667,69,598
59240242,449,10,439
59240243,499,13,486
59240244,464,147,317
59240245,422,32,390
59240246,390,40,350
59240247,411,7,404
59240248,477,4,473
59240249,413,4,409
59240250,894,62,832
59240251,547,19,528
59240252,425,20,405
59240253,557,50,507
59240254,657,115,542
59240255,738,183,555
59240256,599,174,425
59240257,411,14,397
59240258,421,3,418
59240259,452,70,382
59240260,394,58,336
59240261,435,109,326
59240262,637,31,606
59240263,355,232,123
59240264,443,23,420
59240265,571,45,526
59240266,525,53,472
59240267,146,137,9
59240269,0,0,0
59240270,0,0,0
59240271,0,0,0
59240272,0,0,0
59240274,480,27,453
59240275,5,3,2
59240276,67,45,22
59240277,559,12,547
59240278,334,17,317
59240280,366,11,355
59240281,465,24,441
59240283,0,0,0
59240284,0,0,0
59240291,662,5,657
59240292,389,9,380
59240293,346,5,341
59240406,629,28,601
59240407,415,3,412
59240408,605,47,558
59240409,293,3,290
59240410,742,20,722
59240411,822,51,771
59240412,570,48,522
59240413,510,4,506
59240419,339,19,320
59240420,0,0,0
59240423,386,1,385
59240425,1261,98,1163
59240426,1402,36,1366
59240427,177,168,9
59240429,38,3,35
59240430,0,0,0
59240431,0,0,0
59240432,521,12,509
59240436,0,0,0
59240437,0,0,0
59260288,603,61,542
59260289,1023,47,976
59260290,903,18,885
59260294,647,50,597
59260295,997,17,980
59260296,850,7,843
59260297,447,10,437
59260298,443,44,399
59260299,633,39,594
59260300,441,16,425
59260301,742,72,670
59260303,592,15,577
59260304,479,59,420
59260305,399,65,334
59260306,405,52,353
59260307,1056,50,1006
59260308,437,4,433
59260309,452,30,422
59260310,591,8,583
59260311,0,0,0
59260312,400,7,393
59260313,396,16,380
59260314,446,40,406
59260315,381,15,366
59260316,372,2,370
59260317,511,64,447
59260318,534,110,424
59260320,187,1,186
59260322,516,29,487
59260323,467,45,422
59260324,550,14,536
59260325,395,24,371
59260326,625,12,613
59260327,562,8,554
59260328,526,48,478
59260329,548,3,545
59260330,468,15,453
59260331,417,11,406
59260332,455,0,455
59260337,403,2,401
59260339,510,8,502
59260341,474,26,448
59260342,650,13,637
59260343,542,6,536
59260344,529,17,512
59260345,631,26,605
59260346,639,17,622
59260347,666,12,654
59260348,530,2,528
59260349,496,5,491
59260350,507,15,492
59260354,375,5,370
59260360,365,2,363
59260361,820,12,808
59260362,582,6,576
59260363,1772,90,1682
59260364,1159,53,1106
59260365,671,3,668
59260366,487,39,448
59260367,519,29,490
59260368,485,13,472
59260369,731,4,727
59260370,460,18,442
59260372,543,7,536
59260373,434,27,407
59260374,386,29,357
59260375,337,8,329
59260376,499,1,498
59260378,624,40,584
59260379,521,0,521
59260382,780,40,740
59260384,720,53,667
59260386,554,16,538
59260387,594,60,534
59260388,618,14,604
59260389,465,25,440
59260390,570,4,566
59260391,532,120,412
59260392,474,10,464
59260393,617,4,613
59260394,827,68,759
59260395,516,33,483
59260396,519,25,494
59260397,38,37,1
59260399,749,29,720
59260400,679,27,652
59260401,872,11,861
59260402,575,13,562
59260403,547,8,539
59260404,1075,23,1052
59260406,684,4,680
59260408,397,3,394
59260409,412,52,360
59260415,354,1,353
59260419,389,39,350
59260420,442,7,435
59260421,633,30,603
59260422,504,1,503
59260423,435,0,435
59260424,389,15,374
59260426,366,38,328
59260427,1206,65,1141
59260428,481,46,435
59260432,559,25,534
59260434,988,61,927
59260435,399,98,301
59260436,1731,27,1704
59260439,568,20,548
59260440,817,5,812
59260442,533,0,533
59260443,735,86,649
59260445,745,4,741
59260447,923,10,913
59260448,149,83,66
59260449,72,18,54
59270048,574,12,562
59270049,0,0,0
59270051,539,51,488
59270052,392,18,374
59270053,558,19,539
59270054,526,5,521
59270055,409,2,407
59270056,537,93,444
59270057,368,8,360
59270058,523,41,482
59270059,662,79,583
59270060,433,59,374
59270061,492,11,481
59270062,520,21,499
59270063,481,0,481
59270064,513,58,455
59270065,597,5,592
59270066,525,63,462
59270067,477,15,462
59270068,429,14,415
59270069,433,21,412
59270070,411,4,407
59270071,463,2,461
59270072,499,17,482
59270073,454,29,425
59270074,610,3,607
59270075,448,48,400
59270076,631,51,580
59270077,497,20,477
59270078,465,21,444
59270079,498,62,436
59270080,591,3,588
59270081,20,14,6
59270082,469,3,466
59270083,325,1,324
59270084,694,4,690
59270085,416,16,400
59270086,374,1,373
59270087,693,113,580
59270088,394,20,374
59270089,575,457,118
59270090,118,24,94
59290096,0,0,0
59290097,579,4,575
59290098,0,0,0
59290099,4,3,1
59290100,0,0,0
59290101,0,0,0
59290102,0,0,0
59290103,0,0,0
59290104,0,0,0
59290105,0,0,0
59290106,0,0,0
59290107,0,0,0
59290108,0,0,0
59290109,0,0,0
59290110,0,0,0
59290111,414,1,413
59290112,443,4,439
59290113,0,0,0
59290114,0,0,0
59290115,0,0,0
59290116,635,2,633
59290117,484,1,483
59290118,0,0,0
59290119,27,24,3
59290120,0,0,0
59290121,655,51,604
59290122,0,0,0
59290123,0,0,0
59290124,0,0,0
59290125,0,0,0
59290126,0,0,0
59290127,0,0,0
59290128,0,0,0
59290129,544,25,519
59290130,0,0,0
59290131,318,27,291
59290132,0,0,0
59290133,502,331,171
59290134,0,0,0
59290135,623,50,573
59290137,514,22,492
59290138,0,0,0
59290139,749,22,727
59290140,0,0,0
59290141,657,54,603
59290143,549,26,523
59290144,766,13,753
59290145,508,28,480
59290146,638,5,633
59290147,603,64,539
59290148,450,23,427
59290149,508,23,485
59290150,519,18,501
59290151,648,6,642
59290152,137,17,120
59290153,1450,4,1446
59290154,631,10,621
59290155,0,0,0
59290156,383,11,372
59290157,580,14,566
59290158,758,47,711
59290159,446,1,445
59290160,521,7,514
59290161,483,18,465
59290162,477,11,466
59290163,872,17,855
59290164,395,4,391
59290165,469,9,460
59290166,628,31,597
59290168,708,71,637
59290170,562,36,526
59290171,401,3,398
59290172,521,44,477
59290173,370,12,358
59290174,7,5,2
59290175,556,3,553
59290176,456,33,423
59290177,536,59,477
59290178,0,0,0
59290179,0,0,0
59290180,734,21,713
59290181,455,10,445
59290182,496,3,493
59290183,390,2,388
59290184,996,1,995
59290186,868,15,853
59290188,720,23,697
59290189,434,30,404
59310119,184,8,176
59310120,372,24,348
59310121,263,254,9
59310122,22,17,5
59310123,5,4,1
59310124,5,4,1
59310125,11,8,3
59310126,76,76,0
59310127,12,10,2
59310128,5,4,1
59310129,58,49,9
59310130,11,10,1
59310131,82,78,4
59310132,117,117,0
59310133,2,1,1
59310134,473,2,471
59310135,44,33,11
59310136,28,28,0
59310137,5,4,1
59310138,75,54,21
59310139,268,260,8
59310140,549,142,407
59310141,383,114,269
59310142,434,193,241
59310143,612,149,463
59310144,0,0,0
59310145,141,136,5
59310146,44,18,26
59310147,25,19,6
59310148,7,3,4
59310150,117,88,29
59310151,0,0,0
59310152,13,13,0
59310153,1096,1083,13
59310154,87,76,11
59310156,65,55,10
59310158,16,11,5
59310162,14,2,12
59310163,134,121,13
59310164,259,7,252
59310165,1328,126,1202
59310168,1062,2,1060
59310169,576,2,574
59310170,263,3,260
59310171,958,4,954
59310172,680,3,677
59310173,596,13,583
59310174,646,2,644
59310175,748,2,746
59310176,1716,3,1713
59310177,496,0,496
59310178,595,4,591
59310179,479,3,476
59310180,502,5,497
59310182,494,7,487
59310183,899,2,897
59310184,389,9,380
59310186,59,59,0
59310187,928,134,794
59310188,624,26,598
59310189,183,181,2
59310190,486,10,476
59310191,493,17,476
59310192,587,11,576
59310193,1558,25,1533
59310194,53,7,46
59310195,38,25,13
59310196,807,5,802
59310197,778,87,691
59310198,1117,6,1111
59310199,32,23,9
59310200,1124,43,1081
59310201,1461,66,1395
59310202,1125,29,1096
59310203,809,30,779
59310204,119,110,9
59310205,388,5,383
59310206,444,1,443
59310207,410,8,402
59310208,373,31,342
59310209,440,31,409
59310210,472,5,467
59310211,940,31,909
59310212,627,22,605
59310213,1993,66,1927
59310214,531,5,526
59310215,1213,68,1145
59310216,709,84,625
59310217,560,2,558
59310218,169,155,14
59310221,1153,1,1152
59310223,1432,25,1407
59310225,508,0,508
59310231,891,55,836
59310232,857,2,855
59310235,253,1,252
59310236,114,4,110
59310240,34,0,34
59310241,292,7,285
59330040,2097,89,2008
59330041,1033,11,1022
59330042,576,19,557
59330043,1028,147,881
59330045,822,184,638
59330047,1077,39,1038
59330048,680,3,677
59330049,1069,107,962
59330050,365,50,315
59330051,328,28,300
59330053,428,0,428
59330054,593,14,579
59330055,438,3,435
59330056,519,0,519
59330057,409,24,385
59330058,348,57,291
59330061,416,4,412
59330062,372,110,262
59330063,425,115,310
59330064,448,7,441
59330065,632,168,464
59330066,498,5,493
59330067,474,52,422
59330068,512,102,410
59330069,508,25,483
59330070,352,37,315
59330071,424,92,332
59330072,377,73,304
59330073,812,34,778
59330074,667,185,482
59330075,416,96,320
59330076,432,101,331
59330077,457,63,394
59330078,715,2,713
59330079,615,269,346
59330080,481,4,477
59330081,261,17,244
59330082,832,149,683
59330083,586,46,540
59330084,493,11,482
59330085,444,28,416
59330086,620,96,524
59330087,402,43,359
59330088,567,106,461
59330089,614,36,578
59330090,594,27,567
59330091,782,20,762
59330092,596,31,565
59330093,780,66,714
59330094,609,60,549
59330095,1458,99,1359
59330096,304,1,303
59330097,584,33,551
59330098,575,114,461
59330099,621,5,616
59330100,391,43,348
59330101,340,26,314
59330102,448,79,369
59330103,514,6,508
59330104,526,157,369
59330105,626,107,519
59330106,615,16,599
59330107,365,0,365
59330108,1122,82,1040
59330109,2894,54,2840
59330110,388,80,308
59330114,892,45,847
59330115,438,10,428
59330116,570,5,565
59330117,467,5,462
59330118,559,44,515
59330121,551,51,500
59330122,699,108,591
59330123,506,5,501
59330124,437,4,433
59330126,774,91,683
59330128,567,0,567
59330129,740,73,667
59330130,644,42,602
59330131,476,1,475
59330133,407,18,389
59330134,744,56,688
59330135,345,64,281
59330136,425,48,377
59330137,445,59,386
59330138,431,17,414
59330140,441,71,370
59330141,366,48,318
59330142,628,36,592
59330143,357,19,338
59330144,661,14,647
59330145,323,2,321
59330146,1061,34,1027
59330147,547,76,471
59330148,501,0,501
59330149,1890,115,1775
59330150,303,3,300
59330151,1054,127,927
59330152,870,24,846
59330153,487,25,462
59330154,570,42,528
59330155,594,40,554
59330156,1202,28,1174
59330157,674,5,669
59330158,437,0,437
59330159,338,16,322
59330166,988,37,951
59330167,604,62,542
59330168,1005,47,958
59330170,551,23,528
59330171,599,26,573
59330172,926,7,919
59330173,1371,136,1235
59330174,795,14,781
59330175,990,113,877
59330176,359,6,353
59330177,384,0,384
59330312,1531,160,1371
59330313,481,7,474
59330318,1344,21,1323
59330319,1018,23,995
59330320,1124,98,1026
59330323,1987,145,1842
59331449,1193,47,1146
59331450,58,58,0
59331451,302,25,277
59331452,2,2,0
59331453,0,0,0
59331454,645,112,533
59331455,416,26,390
59331456,34,22,12
59331457,355,22,333
59331458,0,0,0
59331459,574,57,517
59331460,0,0,0
59331461,15,6,9
59331462,400,37,363
59331463,429,9,420
59331464,401,59,342
59331465,9,7,2
59331466,68,45,23
59331467,25,24,1
59331468,289,41,248
59331469,287,17,270
59331470,1,0,1
59331471,0,0,0
59331472,0,0,0
59331473,24,20,4
59331474,117,103,14
59331475,87,87,0
59331476,23,19,4
59331477,348,6,342
59331478,595,86,509
59331479,5,3,2
59331480,5,4,1
59331481,0,0,0
59331482,5,3,2
59331483,0,0,0
59331484,0,0,0
59331485,0,0,0
59331486,429,27,402
59331487,584,75,509
59331488,465,6,459
59331489,504,16,488
59331490,605,66,539
59331491,652,8,644
59331492,332,29,303
59331493,297,264,33
59331494,552,15,537
59331495,60,56,4
59331496,495,36,459
59331497,571,75,496
59331498,380,1,379
59331499,583,36,547
59331500,387,39,348
59331501,684,465,219
59331504,543,109,434
59331506,359,5,354
59331507,838,24,814
59331508,448,5,443
59331509,476,5,471
59331511,526,12,514
59331512,419,46,373
59331513,285,58,227
59331514,362,38,324
59331515,819,111,708
59331516,321,31,290
59331517,424,76,348
59331518,0,0,0
59331519,305,263,42
59331523,10,7,3
59331526,513,15,498
59331528,2,2,0
59331529,214,185,29
59331531,10,3,7
59331535,512,20,492
59331538,232,1,231
59331542,406,2,404
59331543,474,0,474
59331544,535,86,449
59331545,480,75,405
59331546,25,20,5
59331547,0,0,0
59331548,148,140,8
59331549,121,117,4
59331550,558,33,525
59331551,43,41,2
59331553,319,277,42
59331554,24,24,0
59331555,457,52,405
59331556,545,31,514
59331557,427,6,421
59331558,413,20,393
59331559,367,27,340
59331560,361,104,257
59331562,844,99,745
59331563,562,61,501
59331564,452,9,443
59331565,394,4,390
59331566,466,2,464
59331567,745,181,564
59331568,530,107,423
59331569,525,100,425
59331570,536,410,126
59331571,2,0,2
59331573,146,144,2
59331574,5,4,1
59331575,9,8,1
59331576,5,4,1
59331577,5,5,0
59331578,5,3,2
59331579,41,27,14
59331581,5,5,0
59331582,63,63,0
59331584,10,9,1
59331585,0,0,0
59331587,0,0,0
59331588,65,65,0
59331589,0,0,0
59331590,0,0,0
59331591,15,11,4
59331592,244,1,243
59331593,80,77,3
59331594,30,28,2
59331595,9,7,2
59331596,10,9,1
59331597,0,0,0
59331598,29,19,10
59331599,10,9,1
59331600,143,139,4
59331601,2,1,1
59331602,74,69,5
59331603,5,4,1
59331604,0,0,0
59331605,5,1,4
59331608,4,3,1
59331609,16,7,9
59331610,19,14,5
59331613,4,3,1
59331618,5,0,5
59331620,53,49,4
59331622,0,0,0
59331623,0,0,0
59331624,15,10,5
59331625,5,1,4
59331626,5,4,1
59331627,80,61,19
59331628,91,85,6
59331630,349,0,349
59331631,425,11,414
59331632,920,47,873
59331633,270,9,261
59331634,492,52,440
59331636,443,34,409
59331637,287,17,270
59331638,546,42,504
59331639,290,7,283
59331640,619,28,591
59331641,693,72,621
59331642,142,90,52
59331643,234,31,203
59331644,0,0,0
59331647,136,128,8
59331648,5,0,5
59331650,546,22,524
59331651,639,81,558
59331652,367,16,351
59331654,418,21,397
59331655,1355,137,1218
59331656,435,23,412
59331657,1472,100,1372
59331659,1597,10,1587
59331660,146,23,123
59331661,355,151,204
59331662,352,42,310
59331664,454,46,408
59331665,283,41,242
59331666,115,105,10
59331667,123,113,10
59331668,108,83,25
59331669,0,0,0
59331670,10,4,6
59331671,202,68,134
59350022,665,27,638
59350023,1509,50,1459
59350024,389,24,365
59350025,376,4,372
59350026,803,10,793
59350027,398,10,388
59350028,274,4,270
59350029,1503,29,1474
59350030,826,87,739
59350031,862,82,780
59350032,1795,54,1741
59350034,429,3,426
59350035,1448,37,1411
59350037,1003,83,920
59350038,396,4,392
59350039,617,83,534
59350040,475,1,474
59350041,577,27,550
59350042,938,6,932
59350043,623,5,618
59350044,561,43,518
59350045,529,12,517
59350046,550,5,545
59350047,630,86,544
59350048,264,15,249
59350049,649,9,640
59350050,714,178,536
59350051,817,34,783
59350052,1030,88,942
59350053,445,10,435
59350054,520,18,502
59350055,946,35,911
59350056,619,64,555
59350057,760,101,659
59350058,300,26,274
59350059,410,53,357
59350060,572,10,562
59350061,293,22,271
59350062,1521,116,1405
59350066,695,3,692
59350067,914,32,882
59350068,734,34,700
59350069,512,18,494
59350070,591,4,587
59350071,969,68,901
59350072,554,42,512
59350073,835,19,816
59350074,1143,61,1082
59350075,568,37,531
59350076,1088,10,1078
59350077,2900,116,2784
59350078,515,12,503
59350079,778,31,747
59350080,884,117,767
59350081,650,50,600
59350082,503,58,445
59350083,366,108,258
59350086,675,46,629
59350087,390,5,385
59350088,768,69,699
59350089,688,67,621
59350090,489,29,460
59350091,987,24,963
59350092,497,74,423
59350093,719,16,703
59350094,520,11,509
59350095,453,3,450
59350096,660,17,643
59350097,426,29,397
59350098,524,85,439
59350099,648,43,605
59350100,621,93,528
59350101,355,24,331
59350102,372,6,366
59350103,724,114,610
59350104,635,106,529
59350105,931,24,907
59350106,358,5,353
59350107,699,7,692
59350109,673,53,620
59350110,545,39,506
59350111,636,74,562
59350112,788,5,783
59350113,297,28,269
59350114,441,1,440
59350115,695,15,680
59350116,515,3,512
59350117,487,4,483
59350119,1117,3,1114
59350120,488,41,447
59350121,498,6,492
59350124,706,17,689
59350125,446,6,440
59350126,903,3,900
59350127,891,12,879
59350128,613,5,608
59350129,825,3,822
59350130,769,21,748
59350131,578,54,524
59350132,267,8,259
59350158,672,42,630
59350159,410,45,365
59350161,618,108,510
59350162,447,24,423
59350163,482,8,474
59350164,317,45,272
59350165,644,50,594
59350167,780,20,760
59350169,655,62,593
59350189,1699,17,1682
59350190,1119,57,1062
59350191,671,82,589
59350192,468,30,438
59350193,605,46,559
59350194,951,21,930
59350195,694,56,638
59350196,949,17,932
59350197,557,1,556
59350198,603,73,530
59350199,439,14,425
59350200,425,65,360
59350201,431,76,355
59350202,446,42,404
59350203,578,51,527
59350204,664,9,655
59350205,841,28,813
59350206,565,8,557
59350207,1096,77,1019
59350208,1182,10,1172
59350209,938,106,832
59350210,504,6,498
59350213,662,2,660
59350214,1115,49,1066
59350215,484,7,477
59350216,961,8,953
59350217,1339,8,1331
59350218,865,5,860
59350220,2159,162,1997
59350221,1165,1,1164
59350223,377,39,338
59350224,821,16,805
59350225,578,34,544
59350226,541,63,478
59350227,639,14,625
59350228,938,91,847
59350229,1232,157,1075
59350230,863,46,817
59350231,1051,112,939
59350233,759,90,669
59350241,471,67,404
59350242,630,63,567
59350247,1575,152,1423
59350248,874,6,868
59350249,1210,74,1136
59350250,1323,103,1220
59350253,818,10,808
59350254,1350,63,1287
59350255,892,10,882
59350256,513,12,501
59350257,779,24,755
59350258,3017,164,2853
59350259,583,2,581
59350260,672,23,649
59350261,502,23,479
59350262,1061,4,1057
59350263,564,3,561
59350264,494,35,459
59350265,771,4,767
59350266,1268,5,1263
59350267,973,8,965
59350268,735,16,719
59350269,1964,178,1786
59350270,1134,1,1133
59350271,538,3,535
59350272,418,0,418
59350273,1297,38,1259
59350274,734,11,723
59350275,594,4,590
59350276,719,53,666
59350277,683,1,682
59350278,596,3,593
59350280,553,1,552
59350281,3895,187,3708
59350282,1122,14,1108
59350283,1043,23,1020
59350284,514,6,508
59350285,2306,55,2251
59350286,458,110,348
59350287,627,2,625
59350288,513,2,511
59350289,639,12,627
59350290,722,42,680
59350295,1126,8,1118
59350296,615,55,560
59350297,635,3,632
59350298,898,17,881
59350299,450,23,427
59350300,692,37,655
59350301,864,7,857
59350302,706,4,702
59350303,946,70,876
59350304,534,17,517
59350305,573,36,537
59350306,1440,107,1333
59350307,2114,142,1972
59350308,1049,53,996
59350312,413,2,411
59350313,509,60,449
59350314,364,35,329
59350315,554,13,541
59350316,1905,270,1635
59350317,0,0,0
59350318,0,0,0
59350319,907,85,822
59350321,743,45,698
59350323,725,6,719
59350324,288,5,283
59350325,759,3,756
59350326,785,25,760
59350327,869,2,867
59350328,486,40,446
59350329,467,71,396
59350330,550,1,549
59350332,664,14,650
59350333,1523,8,1515
59350334,467,20,447
59350336,659,23,636
59350337,100,28,72
59350338,1160,9,1151
59350340,182,2,180
59350342,671,31,640
59350343,182,4,178
59350344,367,1,366
59350345,1394,65,1329
59350346,687,6,681
59350348,563,17,546
59350349,693,2,691
59350350,1340,96,1244
59350351,1864,39,1825
59350352,902,26,876
59350353,758,1,757
59350354,2344,22,2322
59350355,528,13,515
59350358,1887,4,1883
59350363,352,12,340
59350366,380,1,379
59350368,1128,749,379
59350371,1375,365,1010
59350373,2573,108,2465
59350374,556,61,495
59350375,132,7,125
59350376,11,4,7
59350377,1190,48,1142
59350378,829,37,792
59350379,0,0,0
59370126,328,46,282
59370127,521,11,510
59370128,452,16,436
59370129,626,151,475
59370130,423,25,398
59370131,517,42,475
59370132,731,55,676
59370133,571,50,521
59370134,493,1,492
59370135,534,15,519
59370136,588,114,474
59370137,318,173,145
59370138,498,23,475
59370139,500,125,375
59370140,569,9,560
59370141,573,27,546
59370142,866,40,826
59370143,433,5,428
59370146,374,60,314
59370147,802,22,780
59370148,925,77,848
59370149,457,16,441
59370150,356,0,356
59370151,484,11,473
59370152,655,111,544
59370154,531,49,482
59370155,5,3,2
59370156,570,4,566
59370159,455,5,450
59370160,446,37,409
59370161,477,32,445
59370162,466,20,446
59370164,550,9,541
59370167,367,41,326
59370168,425,22,403
59370169,424,36,388
59370170,499,45,454
59370171,406,25,381
59370172,467,9,458
59370173,331,40,291
59370179,536,3,533
59370181,504,5,499
59370182,637,75,562
59370183,723,4,719
59370184,489,37,452
59370185,483,4,479
59370193,522,1,521
59370196,512,64,448
59370197,413,77,336
59370198,516,92,424
59370199,609,43,566
59370200,539,36,503
59370201,929,25,904
59370202,459,30,429
59370203,1242,119,1123
59370205,2288,134,2154
59370206,619,79,540
59370207,1059,143,916
59370208,1002,94,908
59370209,394,1,393
59370210,537,104,433
59370211,917,76,841
59370212,430,3,427
59370213,395,30,365
59370214,493,7,486
59370216,587,28,559
59370217,1052,83,969
59370218,834,16,818
59370219,1661,54,1607
59370220,505,71,434
59370221,533,12,521
59370222,521,17,504
59370223,494,22,472
59370224,409,22,387
59370225,364,78,286
59370226,294,8,286
59370227,372,17,355
59370228,620,12,608
59370229,348,28,320
59370230,335,13,322
59370231,423,83,340
59370232,409,23,386
59370233,408,17,391
59370234,360,46,314
59370235,537,32,505
59370240,537,13,524
59370241,893,17,876
59370242,481,31,450
59370243,504,7,497
59370244,466,51,415
59370245,559,85,474
59370246,386,81,305
59370247,383,126,257
59370248,261,38,223
59370249,386,3,383
59370250,635,5,630
59370251,455,7,448
59370252,652,75,577
59370253,143,8,135
59370254,685,38,647
59370255,1384,18,1366
59370256,454,9,445
59370257,789,80,709
59370258,568,42,526
59370259,957,80,877
59370260,531,49,482
59370261,537,18,519
59370262,468,96,372
59370263,1120,26,1094
59370264,0,0,0
59370266,114,16,98
59370270,523,43,480
59370272,484,63,421
59370273,439,14,425
59370276,937,134,803
59370277,415,17,398
59370279,545,26,519
59370280,231,43,188
59370282,539,128,411
59370283,761,302,459
59370286,598,120,478
59370287,439,6,433
59370289,382,29,353
59370290,527,30,497
59370291,539,29,510
59370292,466,30,436
59370293,586,4,582
59370295,573,1,572
59370298,373,98,275
59370304,384,5,379
59370305,440,36,404
59370308,459,51,408
59370309,537,42,495
59370312,472,52,420
59370313,540,44,496
59370314,860,70,790
59370316,1759,49,1710
59370317,611,2,609
59370318,20,0,20
59370319,385,12,373
59370321,359,7,352
59370322,462,8,454
59370325,606,24,582
59370326,1141,83,1058
59370327,618,129,489
59370328,160,69,91
59370329,976,546,430
59370331,771,55,716
59390127,574,18,556
59390128,30,25,5
59390129,19,11,8
59390130,697,10,687
59390131,627,46,581
59390132,516,7,509
59390133,729,15,714
59390134,38,0,38
59390135,166,108,58
59390136,623,46,577
59390137,599,34,565
59390138,794,71,723
59390139,647,52,595
59390140,608,10,598
59390141,604,18,586
59390142,696,23,673
59390143,543,11,532
59390144,49,12,37
59390145,434,3,431
59390146,450,22,428
59390147,731,11,720
59390148,316,56,260
59390149,428,19,409
59390150,636,85,551
59390151,1088,15,1073
59390152,666,84,582
59390153,741,19,722
59390154,608,41,567
59390155,615,34,581
59390156,521,7,514
59390157,598,24,574
59390158,335,8,327
59390159,375,20,355
59390160,723,35,688
59390161,531,235,296
59390162,468,24,444
59390163,846,24,822
59390164,561,11,550
59390165,355,1,354
59390166,442,45,397
59390167,583,34,549
59390168,30,9,21
59390169,452,57,395
59390170,485,64,421
59390171,70,61,9
59390172,98,47,51
59390173,341,3,338
59390174,935,10,925
59390175,786,33,753
59390176,496,3,493
59390177,545,23,522
59390178,446,61,385
59390179,461,2,459
59390180,37,25,12
59390181,76,72,4
59390182,518,3,515
59390183,476,19,457
59390184,527,25,502
59390185,519,31,488
59390186,626,83,543
59390187,373,4,369
59390188,526,22,504
59390189,902,61,841
59390190,370,1,369
59390191,594,50,544
59390192,550,17,533
59390193,433,24,409
59390194,426,22,404
59390195,432,113,319
59390196,401,16,385
59390197,380,17,363
59390198,681,5,676
59390199,452,1,451
59390200,608,22,586
59390201,538,5,533
59390202,474,4,470
59390203,528,2,526
59390204,396,13,383
59390205,541,22,519
59390206,501,39,462
59390207,502,25,477
59390208,441,12,429
59390209,562,16,546
59390210,376,26,350
59390211,443,4,439
59390212,527,50,477
59390213,452,25,427
59390214,831,15,816
59390215,376,19,357
59390216,755,25,730
59390217,418,96,322
59390218,603,46,557
59390219,386,15,371
59390220,379,36,343
59390221,516,14,502
59390222,395,5,390
59390223,427,2,425
59390224,435,10,425
59390225,510,57,453
59390226,438,102,336
59390227,460,42,418
59390228,428,20,408
59390229,469,27,442
59410253,0,0,0
59410254,86,81,5
59410255,5,3,2
59410256,13,12,1
59410257,0,0,0
59410258,26,17,9
59410259,34,29,5
59410260,0,0,0
59410261,0,0,0
59410262,0,0,0
59410263,437,37,400
59410264,535,78,457
59410265,529,90,439
59410266,273,36,237
59410267,603,52,551
59410268,760,91,669
59410269,470,88,382
59410270,808,113,695
59410271,791,195,596
59410272,674,73,601
59410273,508,40,468
59410274,392,2,390
59410275,364,69,295
59410276,249,2,247
59410277,467,115,352
59410278,426,30,396
59410279,363,23,340
59410280,602,63,539
59410281,507,41,466
59410282,416,67,349
59410283,519,92,427
59410284,807,79,728
59410285,503,78,425
59410286,105,105,0
59410287,516,56,460
59410288,762,197,565
59410289,516,51,465
59410290,440,90,350
59410291,639,66,573
59410292,644,110,534
59410293,485,29,456
59410294,17,17,0
59410295,477,40,437
59410296,389,2,387
59410297,392,58,334
59410298,76,3,73
59410299,176,96,80
59410300,468,50,418
59410301,331,56,275
59410302,421,75,346
59410303,410,50,360
59410304,462,52,410
59410305,461,21,440
59410306,206,6,200
59410307,488,21,467
59410308,435,8,427
59410309,443,8,435
59410310,451,11,440
59410311,394,6,388
59410312,423,34,389
59410313,532,51,481
59410314,517,67,450
59410315,186,140,46
59410316,481,58,423
59410317,710,124,586
59410318,654,189,465
59410319,376,100,276
59410320,552,97,455
59410321,365,24,341
59410322,244,87,157
59410323,427,55,372
59410324,354,46,308
59410325,519,94,425
59410326,376,222,154
59410327,448,84,364
59410328,412,47,365
59410329,315,99,216
59410330,441,46,395
59410331,431,48,383
59410332,386,112,274
59410333,447,61,386
59410334,285,20,265
59410335,379,120,259
59410336,427,139,288
59410337,435,127,308
59410338,682,86,596
59410339,406,106,300
59410340,402,31,371
59410341,664,44,620
59410342,456,10,446
59410343,500,51,449
59410344,440,113,327
59410345,5,1,4
59410346,409,76,333
59410347,88,82,6
59410348,459,37,422
59410349,65,55,10
59410350,378,27,351
59410351,374,87,287
59410352,0,0,0
59410353,14,10,4
59410356,498,7,491
59410357,562,123,439
59410358,392,45,347
59410359,361,138,223
59410360,321,316,5
59410361,183,183,0
59410362,5,4,1
59410363,106,105,1
59410364,487,73,414
59410365,297,48,249
59410366,116,1,115
59410367,492,59,433
59410368,1216,114,1102
59410369,266,52,214
59410370,411,49,362
59410371,39,25,14
59410372,18,15,3
59410373,78,78,0
59410374,327,326,1
59410375,9,8,1
59410376,5,4,1
59410377,11,9,2
59410378,5,4,1
59410381,558,150,408
59410382,5,4,1
59410383,517,23,494
59410384,0,0,0
59410385,364,10,354
59410386,556,5,551
59410387,528,34,494
59410388,743,7,736
59410389,420,3,417
59410390,451,4,447
59410391,562,93,469
59410392,664,166,498
59410393,576,96,480
59410394,535,1,534
59410395,780,13,767
59410396,439,24,415
59410397,531,58,473
59410398,418,2,416
59410399,522,66,456
59410400,489,52,437
59410401,473,1,472
59410402,376,1,375
59410403,601,5,596
59410404,387,19,368
59410405,442,9,433
59410406,5,4,1
59410407,227,225,2
59410408,456,11,445
59410409,464,39,425
59410410,453,15,438
59410413,364,92,272
59410414,0,0,0
59410415,88,69,19
59410416,16,14,2
59410417,5,4,1
59410418,197,197,0
59410420,0,0,0
59410423,0,0,0
59410424,0,0,0
59410425,0,0,0
59410427,0,0,0
59410428,0,0,0
59410429,10,8,2
59410430,0,0,0
59410432,2,2,0
59410433,0,0,0
59410434,0,0,0
59410435,0,0,0
59410436,1,1,0
59410437,1,1,0
59410438,0,0,0
59410439,0,0,0
59410440,0,0,0
59410441,13,12,1
59410443,0,0,0
59410444,154,151,3
59410445,0,0,0
59410447,0,0,0
59410448,130,129,1
59410449,40,36,4
59410452,23,15,8
59410453,4,4,0
59410454,19,11,8
59410455,5,4,1
59410456,10,9,1
59410457,18,15,3
59410458,14,12,2
59410459,380,17,363
59410460,238,43,195
59430057,45,44,1
59430061,227,225,2
59430063,0,0,0
59430064,430,4,426
59430065,0,0,0
59430066,28,28,0
59430067,228,220,8
59430068,350,44,306
59430069,333,22,311
59430070,314,30,284
59430071,431,431,0
59430072,923,231,692
59430073,645,173,472
59430074,629,221,408
59430075,396,105,291
59430077,424,40,384
59430078,331,9,322
59430079,398,1,397
59430080,350,28,322
59430081,397,38,359
59430083,320,68,252
59430084,295,4,291
59430085,204,3,201
59430087,28,28,0
59430089,11,11,0
59430092,76,76,0
59430097,132,132,0
59430102,0,0,0
59430103,443,438,5
59430105,64,1,63
59430106,0,0,0
59430107,494,39,455
59430108,148,4,144
59430109,58,7,51
59430112,535,25,510
59430113,408,40,368
59430114,0,0,0
59430115,215,81,134
59430116,462,144,318
59430117,14,7,7
59450025,534,505,29
59450026,475,435,40
59450027,216,9,207
59450028,94,77,17
59450029,145,53,92
59450030,363,323,40
59450031,443,438,5
59450032,402,58,344
59450033,637,33,604
59470052,563,560,3
59470053,351,128,223
59470054,424,144,280
59470055,553,78,475
59470056,873,847,26
59470057,0,0,0
59470058,278,4,274
59470059,0,0,0
59470060,369,11,358
59470061,472,85,387
59470062,338,31,307
59470063,64,18,46
59470064,353,353,0
59470065,60,60,0
59470066,469,139,330
59470067,642,158,484
59470068,357,51,306
59470069,248,82,166
59470070,598,178,420
59470071,409,123,286
59470072,781,562,219
59470073,554,190,364
59470074,478,83,395
59470075,284,78,206
59470076,400,232,168
59470077,390,159,231
59470078,421,238,183
59470079,403,183,220
59470080,465,133,332
59470081,474,126,348
59470082,599,220,379
59470083,603,67,536
59470084,497,150,347
59470085,393,14,379
59470086,278,36,242
59470087,301,124,177
59470088,377,180,197
59470089,304,70,234
59470090,331,142,189
59470091,314,112,202
59470093,457,171,286
59470094,585,247,338
59470096,651,651,0
59470097,87,81,6
59470098,5,5,0
59470099,42,31,11
59470101,377,202,175
59490022,53,51,2
59490023,0,0,0
59490097,144,119,25
59490103,14,12,2
59490104,0,0,0
59490105,374,98,276
59490107,369,352,17
59490109,732,662,70
59490111,374,335,39
59490113,409,8,401
59490114,355,45,310
59490115,274,271,3
59490116,10,6,4
59490117,486,14,472
59490118,367,55,312
59490119,619,68,551
59490120,482,13,469
59490121,377,54,323
59490122,565,47,518
59490123,449,50,399
59490124,383,67,316
59490125,395,51,344
59490126,454,93,361
59490127,453,111,342
59490128,456,98,358
59490129,388,213,175
59490130,477,141,336
59490131,409,199,210
59490132,406,125,281
59490133,425,118,307
59490134,679,394,285
59490135,454,67,387
59490136,411,56,355
59490137,412,56,356
59490138,349,30,319
59490139,527,64,463
59490141,342,297,45
59490142,88,82,6
59490143,443,72,371
59490144,483,60,423
59490145,383,37,346
59490146,450,71,379
59490147,405,68,337
59490148,487,65,422
59490149,448,33,415
59490150,411,63,348
59490152,473,26,447
59490153,417,82,335
59490154,465,124,341
59490155,372,72,300
59490156,0,0,0
59490157,0,0,0
59490158,430,421,9
59490159,425,418,7
59490160,0,0,0
59490161,335,68,267
59490162,443,443,0
59490163,302,81,221
59490164,166,56,110
59490167,0,0,0
59490168,0,0,0
59490169,126,64,62
59490170,553,203,350
59490171,186,173,13
59490172,388,113,275
59490173,236,226,10
59490174,601,600,1
59490175,85,85,0
59490176,106,102,4
59490177,149,112,37
59490178,321,320,1
59490179,5,5,0
59490180,290,271,19
59490181,526,502,24
59490182,402,118,284
59490183,391,70,321
59490184,272,86,186
59490185,410,94,316
59490186,353,40,313
59490187,763,30,733
59490188,819,2,817
59490189,171,6,165
59490190,1258,42,1216
59490191,234,6,228
59490192,947,146,801
59490193,330,4,326
59490194,618,77,541
59490195,751,182,569
59490196,241,2,239
59490197,552,28,524
59490198,489,81,408
59490199,444,276,168
59490201,358,172,186
59490202,71,69,2
59490203,402,347,55
59490204,687,40,647
59490206,0,0,0
59490210,617,587,30
59490212,5,5,0
59490215,285,285,0
59490216,91,80,11
59510142,87,84,3
59510143,502,40,462
59510144,310,0,310
59510145,118,117,1
59510146,5,3,2
59510147,0,0,0
59510148,476,56,420
59510149,466,8,458
59510150,5,4,1
59510151,496,1,495
59510152,520,61,459
59510153,539,26,513
59510154,449,41,408
59510155,448,105,343
59510156,344,58,286
59510157,484,18,466
59510158,501,42,459
59510159,450,1,449
59510160,359,37,322
59510161,453,33,420
59510162,518,13,505
59510163,776,127,649
59510164,367,36,331
59510165,428,14,414
59510166,796,145,651
59510167,46,5,41
59510168,201,6,195
59510169,499,49,450
59510170,560,9,551
59510171,733,15,718
59510172,601,13,588
59510173,226,14,212
59510174,303,36,267
59510175,374,50,324
59510176,357,17,340
59510177,490,33,457
59510178,405,29,376
59510179,481,21,460
59510180,457,98,359
59510181,427,139,288
59510182,434,12,422
59510183,405,151,254
59510184,0,0,0
59510185,11,10,1
59510186,408,16,392
59510187,5,4,1
59510188,5,3,2
59510189,524,60,464
59510190,5,4,1
59510191,43,41,2
59510192,358,93,265
59510193,358,39,319
59510194,690,384,306
59510195,5,3,2
59510196,272,59,213
59510197,235,231,4
59510198,0,0,0
59510199,396,11,385
59510200,0,0,0
59510201,0,0,0
59510202,251,31,220
59510203,533,69,464
59510204,6,5,1
59510205,11,10,1
59510206,14,8,6
59510207,2,1,1
59510208,15,13,2
59510209,11,11,0
59510210,1,0,1
59510211,24,19,5
59510212,19,18,1
59510213,538,65,473
59510214,15,10,5
59510215,10,9,1
59510216,0,0,0
59510217,5,5,0
59510218,5,4,1
59510219,5,5,0
59510220,10,7,3
59510221,2,2,0
59510222,562,3,559
59510223,0,0,0
59510224,330,48,282
59510225,209,199,10
59510226,560,79,481
59510227,0,0,0
59510228,444,4,440
59510229,526,80,446
59510230,16,13,3
59510231,0,0,0
59510232,196,190,6
59510233,544,88,456
59510234,0,0,0
59510235,617,17,600
59510236,0,0,0
59510237,498,76,422
59510238,20,17,3
59510239,309,309,0
59510240,475,3,472
59510241,267,50,217
59510242,393,49,344
59510243,576,7,569
59510244,380,39,341
59510245,909,69,840
59510246,314,148,166
59510247,520,55,465
59510248,546,47,499
59510249,428,30,398
59510250,453,3,450
59510251,421,38,383
59510252,567,546,21
59510253,404,157,247
59510254,429,50,379
59510255,360,98,262
59510259,199,199,0
59510260,399,399,0
59510263,88,81,7
59510264,9,8,1
59510266,0,0,0
59510267,0,0,0
59510270,2,1,1
59510271,586,10,576
59510272,33,28,5
59510273,16,13,3
59510274,5,0,5
59510275,613,42,571
59510276,549,15,534
59510277,557,21,536
59510278,192,186,6
59510279,438,97,341
59510280,381,56,325
59510281,5,3,2
59530018,423,21,402
59530019,564,11,553
59530021,680,79,601
59530022,372,13,359
59530023,696,67,629
59530024,566,32,534
59530025,433,19,414
59530026,336,2,334
59530027,444,71,373
59530028,775,131,644
59530031,344,73,271
59530032,319,4,315
59530033,1657,104,1553
59530034,472,2,470
59530035,477,52,425
59530036,811,116,695
59530041,271,48,223
59530042,466,58,408
59530043,546,5,541
59530044,462,44,418
59530045,380,38,342
59530046,346,141,205
59530047,432,19,413
59530048,440,182,258
59530049,447,13,434
59530050,419,75,344
59530051,434,72,362
59530052,522,196,326
59530053,516,63,453
59530054,455,119,336
59530055,518,75,443
59530056,508,11,497
59530057,476,115,361
59530058,510,36,474
59530059,131,9,122
59530060,332,4,328
59530061,408,18,390
59530062,386,22,364
59530063,574,52,522
59530064,448,84,364
59530065,631,71,560
59530066,377,13,364
59530067,501,110,391
59530068,468,15,453
59530069,435,3,432
59530070,406,44,362
59530071,429,1,428
59530072,522,23,499
59530073,680,113,567
59530074,388,67,321
59530075,640,58,582
59530076,600,110,490
59530077,492,46,446
59530078,500,14,486
59530079,572,9,563
59530080,492,1,491
59530081,919,201,718
59530082,412,21,391
59530083,923,68,855
59530084,453,44,409
59530085,206,7,199
59530086,306,70,236
59530087,435,91,344
59530088,478,49,429
59530089,590,9,581
59530090,529,36,493
59530091,420,3,417
59530092,606,188,418
59530093,388,35,353
59530094,476,96,380
59530095,484,106,378
59530096,955,101,854
59530097,680,3,677
59530098,389,92,297
59530100,475,27,448
59530101,795,39,756
59530102,312,1,311
59530103,323,29,294
59530104,520,4,516
59530105,927,169,758
59530106,335,7,328
59530107,404,21,383
59530108,398,24,374
59530109,340,33,307
59530110,741,113,628
59530127,389,72,317
59530151,524,39,485
59530152,396,199,197
59530153,565,365,200
59530154,315,170,145
59530155,278,24,254
59530156,707,137,570
59530159,356,30,326
59530160,391,34,357
59530161,421,25,396
59530162,333,55,278
59530163,399,117,282
59530164,409,284,125
59530165,342,138,204
59530166,325,83,242
59530167,513,77,436
59530168,535,68,467
59530169,374,100,274
59530170,427,16,411
59530193,526,5,521
59530194,384,17,367
59530195,564,78,486
59530196,353,7,346
59530197,513,1,512
59530198,582,120,462
59530199,256,63,193
59530200,553,114,439
59530201,329,59,270
59530202,90,82,8
59530203,0,0,0
59530204,636,64,572
59530205,504,14,490
59530206,1094,161,933
59530207,715,36,679
59530208,690,69,621
59530209,671,67,604
59530210,608,39,569
59530211,192,53,139
59530212,959,34,925
59530213,475,106,369
59530214,787,164,623
59530215,543,30,513
59530216,496,23,473
59530217,753,55,698
59530218,777,112,665
59530219,696,44,652
59530220,531,60,471
59530221,885,52,833
59530222,937,20,917
59530223,961,60,901
59530224,2216,34,2182
59530225,948,56,892
59530226,739,112,627
59530227,590,5,585
59530228,469,2,467
59530229,779,80,699
59530230,1114,83,1031
59530231,431,12,419
59530232,998,56,942
59530233,610,102,508
59530234,707,49,658
59530235,706,12,694
59530236,235,7,228
59530237,548,45,503
59530238,881,48,833
59530239,785,39,746
59530240,395,22,373
59530241,587,104,483
59530242,452,57,395
59530243,519,103,416
59530244,507,29,478
59530245,603,111,492
59530246,522,75,447
59530247,576,114,462
59530248,969,50,919
59530249,325,4,321
59530250,108,88,20
59530252,485,44,441
59530253,605,49,556
59530254,532,80,452
59530255,371,59,312
59530256,600,52,548
59530257,349,7,342
59530258,298,1,297
59530259,515,52,463
59530260,433,52,381
59530261,561,112,449
59530262,518,14,504
59530263,390,96,294
59550114,352,341,11
59550115,462,23,439
59550116,257,254,3
59550117,246,3,243
59550118,519,58,461
59550119,508,114,394
59550120,714,152,562
59550121,150,145,5
59550122,397,372,25
59550123,553,90,463
59550124,0,0,0
59550125,0,0,0
59550126,475,93,382
59550127,614,20,594
59550128,0,0,0
59550129,0,0,0
59550130,0,0,0
59550131,453,44,409
59550132,668,73,595
59550133,542,140,402
59550134,574,56,518
59550135,384,65,319
59550136,371,42,329
59550137,661,103,558
59550138,560,110,450
59550139,1425,273,1152
59550140,665,73,592
59550141,442,66,376
59550142,473,24,449
59550143,687,132,555
59550144,506,91,415
59550145,409,35,374
59550146,894,243,651
59550147,488,62,426
59550148,476,125,351
59550149,380,47,333
59550150,411,46,365
59550151,423,19,404
59550152,545,109,436
59550153,495,7,488
59550154,574,52,522
59550155,535,99,436
59550156,507,2,505
59550157,470,78,392
59550158,475,88,387
59550159,452,23,429
59550160,653,170,483
59550161,675,56,619
59550162,468,160,308
59550163,358,9,349
59550164,506,79,427
59550165,484,44,440
59550166,533,46,487
59550167,365,67,298
59550168,398,6,392
59550169,693,27,666
59550170,1012,158,854
59550171,509,27,482
59550172,492,34,458
59550173,501,63,438
59550174,551,105,446
59550175,520,29,491
59550176,1089,281,808
59550177,0,0,0
59550178,378,49,329
59550179,435,47,388
59550180,312,49,263
59550181,573,117,456
59550182,1031,32,999
59550183,496,47,449
59550184,610,188,422
59550185,602,2,600
59550186,518,77,441
59550187,610,89,521
59550188,462,1,461
59550189,508,2,506
59550190,588,5,583
59550191,515,113,402
59550192,468,80,388
59550193,601,25,576
59550194,524,27,497
59550195,651,12,639
59550196,1849,103,1746
59550197,430,13,417
59550198,507,91,416
59550199,597,47,550
59550200,337,51,286
59550201,433,20,413
59550202,569,50,519
59550203,1826,42,1784
59550205,430,3,427
59550206,367,71,296
59550207,361,30,331
59550208,320,79,241
59550209,677,14,663
59550211,810,18,792
59550212,498,132,366
59550213,982,145,837
59550214,850,114,736
59550215,686,67,619
59550217,426,48,378
59550218,437,21,416
59550219,429,41,388
59550220,575,23,552
59550221,121,96,25
59550222,203,193,10
59550223,484,24,460
59550224,750,29,721
59550225,647,20,627
59550226,574,25,549
59550227,461,28,433
59550228,0,0,0
59550229,180,180,0
59550230,474,5,469
59550231,534,144,390
59550232,683,117,566
59550233,447,5,442
59550234,365,39,326
59550235,456,37,419
59550236,647,4,643
59550239,1393,77,1316
59550242,525,103,422
59570021,29,17,12
59570024,86,46,40
59570025,40,39,1
59570200,80,45,35
59570209,111,107,4
59570210,159,24,135
59570217,0,0,0
59570218,30,1,29
59570219,266,15,251
59590013,44,1,43
59590014,281,11,270
59590015,100,93,7
59590016,5,3,2
59590017,0,0,0
59590018,451,403,48
59590019,524,23,501
59590020,454,27,427
59590021,289,4,285
59590022,420,78,342
59590023,489,48,441
59590024,345,4,341
59590025,570,152,418
59590026,540,36,504
59590027,667,47,620
60010118,230,220,10
60010119,868,112,756
60010120,52,45,7
60010121,87,39,48
60010122,0,0,0
60010123,0,0,0
60010124,649,283,366
60010125,0,0,0
60010126,72,57,15
60010127,19,16,3
60010128,376,313,63
60010130,248,46,202
60010131,10,5,5
60010132,0,0,0
60010133,300,258,42
60010135,9,8,1
60010137,511,339,172
60010138,132,125,7
60010139,370,49,321
60010141,24,18,6
60010181,443,131,312
60010183,476,38,438
60010184,324,222,102
60010185,32,27,5
60010186,150,133,17
60010187,129,19,110
60010188,467,125,342
60010189,363,89,274
60010190,245,199,46
60010191,15,12,3
60010192,208,124,84
60010193,19,16,3
60010194,800,440,360
60010195,651,84,567
60010203,922,214,708
60010210,405,357,48
60010223,1138,289,849
60010227,3119,361,2758
60010228,2049,337,1712
60010236,824,58,766
60010238,338,48,290
60010239,406,21,385
60010240,907,77,830
60010241,749,57,692
60010242,798,140,658
60010243,662,66,596
60010244,618,82,536
60010245,277,8,269
60010249,852,170,682
60010250,792,91,701
60010251,1221,152,1069
60010252,1044,137,907
60010253,872,21,851
60010256,988,118,870
60010257,1403,243,1160
60010258,572,164,408
60010259,1053,103,950
60010263,1121,93,1028
60010264,1454,27,1427
60010265,434,96,338
60010269,1037,36,1001
60010270,267,148,119
60010271,855,97,758
60010272,686,56,630
60010273,910,109,801
60010275,201,134,67
60010276,395,244,151
61010024,104,98,6
61010029,260,216,44
61010032,410,393,17
61010033,607,451,156
61010034,718,672,46
61010035,186,180,6
61010037,372,204,168
61010045,281,272,9
61010046,712,453,259
61010047,190,145,45
61010048,277,189,88
61010049,348,213,135
61010050,556,417,139
61010051,513,212,301
61010053,578,531,47
61010054,338,330,8
61010055,6,4,2
61020026,523,474,49
61020027,548,505,43
61020028,473,425,48
61020030,765,275,490
61020031,124,115,9
61020139,0,0,0
61030076,292,272,20
61030077,136,132,4
61030079,495,449,46
61030115,407,326,81
61030116,1037,998,39
61030117,528,502,26
61030140,0,0,0
61040070,123,121,2
61040072,33,26,7
61040073,83,83,0
61040081,85,64,21
61040082,89,75,14
61040084,679,655,24
61040124,328,325,3
61040127,755,579,176
61040128,426,294,132
61040136,391,323,68
61040137,108,96,12
61040139,56,49,7
61050074,461,421,40
61050075,2,2,0
61050078,3,3,0
61050080,296,240,56
61050118,531,262,269
61050119,408,172,236
61050123,443,244,199
61050126,107,55,52
61050129,603,386,217
61050130,824,553,271
61050131,622,383,239
61050132,474,306,168
61050134,325,65,260
61050135,620,279,341
61050136,299,191,108
61050137,562,182,380
61050138,252,99,153
61050142,28,15,13
61060085,248,247,1
61060088,695,182,513
61060092,1005,238,767
61060093,504,268,236
61060094,407,78,329
61060095,370,106,264
61060096,579,125,454
61060100,682,356,326
61060104,313,56,257
61060133,376,347,29
61060135,271,94,177
61060138,947,164,783
61060139,754,108,646
61060140,187,0,187
61060141,32,11,21
61060142,355,81,274
61060143,852,152,700
61060144,511,84,427
61060145,458,45,413
61060146,484,300,184
61060147,764,139,625
61060148,515,155,360
61060149,346,100,246
61060150,718,114,604
61060151,1395,535,860
61060152,780,180,600
61060153,374,55,319
61060154,797,218,579
61060155,1189,399,790
61060156,665,132,533
61060157,531,164,367
61060158,1099,107,992
61060159,567,227,340
61060160,775,147,628
61060161,64,56,8
61060162,528,108,420
61060163,1130,261,869
61060164,285,60,225
62040032,138,127,11
62040035,2,2,0
62040038,911,876,35
62040039,896,866,30
62040040,10,10,0
62040041,640,588,52
62040042,0,0,0
62040043,935,904,31
62040044,0,0,0
62040046,199,168,31
62040048,401,371,30
62040059,79,72,7
62040060,2484,1622,862
62040061,3421,1785,1636
62040062,2316,1539,777
62040063,639,634,5
62040064,918,909,9
62040065,882,787,95
62040066,637,615,22
62040067,743,738,5
62040068,961,923,38
62040069,1128,1075,53
62040070,629,609,20
62040071,785,701,84
62040072,334,288,46
62050012,1137,1110,27
62050013,0,0,0
62050014,443,391,52
62050015,933,892,41
62050017,459,449,10
62050020,1527,1262,265
62050021,1416,1122,294
62050022,942,868,74
62050023,722,662,60
62050024,501,467,34
62050025,1491,1415,76
62050026,518,482,36
62050027,786,753,33
62080015,0,0,0
62080017,1094,1028,66
62080018,1017,970,47
62080020,0,0,0
62080021,5,2,3
62080022,766,574,192
62080023,615,504,111
62080024,486,365,121
62080025,567,456,111
62080026,1019,912,107
62080027,816,764,52
62080028,566,561,5
