CODE,AITOT,AIABOR,AINABOR
10010165,515,19,496
10010166,328,0,328
10010167,442,41,401
10010168,531,11,520
10010169,317,0,317
10010170,403,28,375
10010171,489,14,475
10010172,228,2,226
10010173,907,9,898
10010174,883,58,825
10010175,979,46,933
10010176,433,11,422
10010180,542,9,533
10010181,376,0,376
10010182,371,26,345
10010187,679,64,615
10010191,659,3,656
10010192,292,20,272
10010193,464,1,463
10010194,224,19,205
10010195,851,17,834
10010196,522,17,505
10010198,441,9,432
10010199,243,4,239
10010200,418,4,414
10010201,471,17,454
10010202,448,9,439
10010203,338,6,332
10010204,553,2,551
10010206,920,61,859
10010207,1336,13,1323
10010208,1825,105,1720
10010209,503,14,489
10010210,412,5,407
10010211,654,8,646
10010212,409,11,398
10010213,753,3,750
10010214,358,10,348
10010215,374,42,332
10010216,356,2,354
10010217,330,0,330
10010218,350,30,320
10010219,636,24,612
10010220,337,11,326
10010221,565,0,565
10010222,560,2,558
10010223,510,7,503
10010224,436,23,413
10010225,257,8,249
10010226,584,41,543
10010227,407,13,394
10010228,384,4,380
10010229,446,26,420
10010230,461,34,427
10010231,585,19,566
10010232,411,4,407
10010233,392,23,369
10010234,491,15,476
10010235,277,7,270
10010236,507,37,470
10010237,487,17,470
10010238,475,30,445
10010239,584,28,556
10010240,693,11,682
10010241,482,28,454
10010242,643,19,624
10010243,1082,63,1019
10010244,819,15,804
10010245,490,14,476
10010246,431,11,420
10010247,402,13,389
10010248,383,13,370
10010249,498,19,479
10010250,554,8,546
10010251,403,23,380
10010252,487,0,487
10010253,386,0,386
10010254,572,27,545
10010255,497,19,478
10010256,418,5,413
10010257,511,10,501
10010258,553,37,516
10010259,534,22,512
10010260,435,31,404
10010261,542,0,542
10010262,503,8,495
10010263,574,13,561
10010264,491,11,480
10010265,539,7,532
10010266,707,35,672
10010267,589,20,569
10010268,290,15,275
10010269,1105,44,1061
10010270,806,30,776
10010271,464,0,464
10010272,539,20,519
10010273,1768,54,1714
10010276,257,1,256
10010277,475,5,470
10010278,211,20,191
10010279,869,16,853
10010280,306,4,302
10010281,253,0,253
10010282,618,33,585
10010283,826,3,823
10010284,362,7,355
10010285,385,20,365
10010286,454,31,423
10010290,478,19,459
10010294,338,5,333
10010295,408,22,386
10010296,402,1,401
10010297,440,0,440
10010298,430,18,412
10010299,573,22,551
10010300,337,8,329
10010301,375,23,352
10010302,420,10,410
10010303,315,20,295
10010304,488,17,471
10010305,484,21,463
10010306,501,17,484
10010307,353,14,339
10010308,357,14,343
10010309,794,18,776
10010310,445,1,444
10010334,3986,317,3669
10010337,941,52,889
10010338,509,16,493
10010339,470,5,465
10010340,507,7,500
10010341,336,5,331
10010342,412,26,386
10010343,316,1,315
10010344,975,4,971
10010345,950,3,947
10010346,421,4,417
10010348,1494,73,1421
10010356,602,9,593
10010357,320,13,307
10010457,458,29,429
10010458,528,33,495
10010459,501,14,487
10010460,522,22,500
10010461,346,25,321
10010482,472,15,457
10010484,792,13,779
10010485,503,0,503
10010486,1227,27,1200
10010488,566,5,561
10010489,295,0,295
10010490,372,8,364
10010491,1270,67,1203
10010492,610,16,594
10010493,363,11,352
10010494,414,22,392
10010495,357,0,357
10010496,400,5,395
10010497,483,7,476
10010498,579,9,570
10010499,223,0,223
10010500,570,2,568
10010501,342,21,321
10010502,397,0,397
10010503,257,2,255
10010504,397,9,388
10010505,725,15,710
10010506,524,1,523
10010507,412,2,410
10010508,482,1,481
10010509,445,1,444
10010510,368,31,337
10010511,465,12,453
10010512,465,2,463
10010513,456,5,451
10010514,414,1,413
10010515,540,30,510
10010516,407,3,404
10010517,704,0,704
10010518,564,25,539
10010519,420,0,420
10010520,322,11,311
10010521,522,1,521
10010522,451,0,451
10010523,509,5,504
10010524,423,6,417
10010525,477,7,470
10010526,365,1,364
10010527,431,2,429
10010528,0,0,0
10010529,398,6,392
10010530,393,10,383
10010531,299,17,282
10010532,397,3,394
10010533,414,1,413
10010534,408,23,385
10010535,707,6,701
10010536,561,13,548
10010537,733,18,715
10010538,466,3,463
10010539,556,0,556
10010540,829,0,829
10010541,496,3,493
10010542,534,2,532
10010543,624,5,619
10010544,563,32,531
10010545,0,0,0
10010546,596,40,556
10010547,777,33,744
10010548,608,0,608
10010549,667,91,576
10010550,419,5,414
10010551,388,14,374
10010552,358,0,358
10010553,339,16,323
10010554,462,5,457
10010555,490,0,490
10010556,315,0,315
10010557,401,2,399
10010558,430,0,430
10010559,351,0,351
10010560,650,4,646
10010561,355,0,355
10010562,695,0,695
10010563,472,5,467
10010564,563,28,535
10010565,587,1,586
10010566,650,10,640
10010567,638,9,629
10010568,622,44,578
10010569,526,23,503
10010570,650,28,622
10010571,472,32,440
10010572,1355,57,1298
10010573,1338,51,1287
10010574,524,2,522
10010575,1513,162,1351
10010576,848,80,768
10010577,439,28,411
10010578,610,31,579
10010579,1000,85,915
10010580,519,2,517
10010581,654,39,615
10010582,655,26,629
10010583,642,19,623
10010584,994,48,946
10010585,660,8,652
10010586,594,11,583
10010587,333,26,307
10010588,703,12,691
10010589,1297,37,1260
10010590,661,9,652
10010591,693,31,662
10010592,520,17,503
10010593,595,36,559
10010594,474,23,451
10010595,439,5,434
10010596,508,9,499
10010597,504,12,492
10010598,664,14,650
10010599,673,61,612
10010600,657,64,593
10010601,527,29,498
10010602,1179,26,1153
10010603,587,41,546
10010604,614,6,608
10010605,596,0,596
10010606,3041,207,2834
10010607,1271,72,1199
10010608,2385,77,2308
10010609,1152,20,1132
10010610,1171,27,1144
10010611,219,5,214
10010614,380,16,364
10010615,1327,83,1244
10010616,419,10,409
10010617,2967,87,2880
10010618,673,15,658
10010619,558,18,540
10010620,740,6,734
10010621,608,5,603
10010622,650,22,628
10010623,643,5,638
10010624,425,20,405
10010625,388,27,361
10010626,374,12,362
10010627,449,4,445
10010628,431,21,410
10010629,1102,64,1038
10010630,374,49,325
10010631,216,6,210
10010632,697,7,690
10010633,702,12,690
10010634,789,40,749
10010635,409,0,409
10010636,888,28,860
10010637,716,54,662
10010638,463,18,445
10010639,367,0,367
10010640,371,14,357
10010641,405,22,383
10010642,503,10,493
10010643,568,32,536
10010644,1481,24,1457
10010645,427,46,381
10010646,687,3,684
10010647,425,13,412
10010648,347,22,325
10010649,284,3,281
10010650,397,11,386
10010651,1372,28,1344
10010652,508,19,489
10010653,804,61,743
10010654,534,13,521
10010655,322,10,312
10010656,748,4,744
10010657,398,12,386
10010658,395,34,361
10010659,297,0,297
10010660,268,14,254
10010661,1202,54,1148
10010662,381,5,376
10010663,353,1,352
10010664,248,0,248
10010666,492,24,468
10010667,614,25,589
10010668,708,26,682
10010669,760,87,673
10010670,712,5,707
10010671,951,5,946
10010672,490,2,488
10010673,359,20,339
10010674,417,0,417
10010675,570,9,561
10010676,477,12,465
10010677,476,10,466
10010678,659,9,650
10010679,765,8,757
10010680,248,27,221
10010681,865,0,865
10010682,0,0,0
10010683,970,1,969
10010684,661,12,649
10010685,1272,35,1237
10010686,549,3,546
10010687,81,2,79
10010688,467,0,467
10010689,920,26,894
10010690,240,13,227
10010691,473,15,458
10010692,632,29,603
10010693,26,4,22
10010694,424,28,396
10010695,563,0,563
10010696,478,9,469
10010697,567,19,548
10010698,465,7,458
10010699,531,9,522
10010700,424,24,400
10010701,367,7,360
10010702,678,5,673
10010703,216,1,215
10010704,338,0,338
10010705,186,12,174
10010706,565,1,564
10010707,437,0,437
10010708,328,0,328
10010709,316,13,303
10010710,393,9,384
10010711,232,11,221
10010712,665,2,663
10010713,260,33,227
10010714,268,4,264
10010715,256,19,237
10010716,374,1,373
10010717,691,3,688
10010718,488,7,481
10010719,719,0,719
10010720,301,1,300
10010721,573,8,565
10010722,530,0,530
10010723,73,7,66
10010724,414,6,408
10010725,135,16,119
10010726,359,9,350
10010727,117,2,115
10010728,170,0,170
10010729,334,8,326
10010730,236,8,228
10010731,313,5,308
10010732,33,6,27
10010733,64,0,64
10010734,151,0,151
10010735,357,0,357
10010736,116,0,116
10010737,372,9,363
10010738,294,0,294
10010739,50,12,38
10010740,307,0,307
10010741,930,0,930
10010742,498,4,494
10010743,447,2,445
10010744,413,0,413
10010745,79,0,79
10010746,96,1,95
10010747,229,0,229
10010748,239,0,239
10010749,100,1,99
10010750,389,18,371
10010751,245,0,245
10010752,266,0,266
10010753,466,0,466
10010754,324,5,319
10010755,210,2,208
10010756,405,3,402
10010757,277,9,268
10010758,311,4,307
10010759,334,19,315
10010760,301,16,285
10010761,677,6,671
10010762,733,16,717
10010763,0,0,0
10010764,533,19,514
10010765,449,9,440
10010766,525,65,460
10010767,539,7,532
10010768,938,5,933
10010769,1132,25,1107
10010770,593,34,559
10010771,864,66,798
10010772,896,34,862
10010773,398,15,383
10010774,468,4,464
10010775,2256,79,2177
10010776,822,42,780
10010777,810,47,763
10010778,647,59,588
10010779,472,14,458
10010780,565,44,521
10010781,1699,67,1632
10010782,503,14,489
10010783,476,29,447
10010784,434,0,434
10010785,1115,37,1078
10010786,523,18,505
10010787,1084,11,1073
10010788,499,5,494
10010789,765,21,744
10010790,1090,0,1090
10010791,359,0,359
10010792,960,7,953
10010793,903,20,883
10010794,495,7,488
10010795,523,13,510
10010796,522,32,490
10010797,29,3,26
10010798,516,36,480
10010799,638,18,620
10010800,620,17,603
10010801,1920,120,1800
10010802,625,13,612
10010803,690,8,682
10010804,1524,97,1427
10010805,1020,3,1017
10010806,451,16,435
10010807,460,0,460
10010808,485,11,474
10010809,396,0,396
10010810,407,17,390
10010811,433,0,433
10010812,2319,66,2253
10010813,1071,63,1008
10010814,1138,76,1062
10010815,643,39,604
10010817,1637,142,1495
10010818,1033,65,968
10010820,438,8,430
10010821,372,5,367
10010822,333,19,314
10010823,369,29,340
10010824,1435,28,1407
10010825,2813,133,2680
10010826,499,14,485
10010827,2065,140,1925
10020079,540,38,502
10020080,4,0,4
10020081,548,2,546
10020082,195,0,195
10020083,232,0,232
10020084,118,1,117
10020085,231,0,231
10020086,132,3,129
10020087,120,0,120
10020088,242,0,242
10020089,419,14,405
10020090,0,0,0
10020091,461,0,461
10020092,131,2,129
10020093,227,0,227
10020094,573,0,573
10020095,164,0,164
10020096,401,4,397
10020097,444,6,438
10020098,1074,152,922
10020099,819,6,813
10020100,372,3,369
10020101,234,0,234
10020102,351,0,351
10020103,470,34,436
10020104,485,4,481
10020105,215,0,215
10020106,402,24,378
10020107,484,12,472
10020108,286,0,286
10020109,0,0,0
10020110,579,22,557
10020111,480,13,467
10020112,532,6,526
10020113,235,4,231
10020114,522,1,521
10020115,233,0,233
10020116,428,0,428
10020117,113,0,113
10020118,338,4,334
10020119,301,0,301
10020120,469,0,469
10020121,10,7,3
10020122,281,0,281
10020123,318,11,307
10020124,158,0,158
10020125,258,0,258
10020126,85,1,84
10020127,225,0,225
10020128,451,16,435
10020129,369,46,323
10020130,543,59,484
10020131,377,9,368
10020132,387,0,387
10020133,247,0,247
10020134,371,0,371
10020135,396,4,392
10020136,383,0,383
10020137,184,11,173
10030056,36,17,19
10030057,128,9,119
10030058,549,21,528
10030059,186,0,186
10030060,349,3,346
10030061,10,1,9
10030062,229,0,229
10030063,400,7,393
10030064,120,1,119
10030065,5,0,5
10030066,313,13,300
10030067,221,2,219
10030068,992,5,987
10030069,80,15,65
10030070,247,13,234
10030071,108,0,108
10030072,405,13,392
10030073,107,30,77
10030074,419,63,356
10030075,308,39,269
10030076,351,32,319
10030077,78,10,68
10030078,50,1,49
10030079,348,8,340
10030080,291,26,265
10030081,289,0,289
10030082,666,13,653
10030083,356,25,331
10030084,288,43,245
10030085,607,36,571
10030086,624,17,607
10030087,1122,21,1101
10030088,338,1,337
10030089,483,26,457
10030090,259,24,235
10030091,316,5,311
10030092,526,75,451
10030093,585,178,407
10030094,92,11,81
10030095,289,13,276
10030096,409,53,356
10030097,368,325,43
10030098,546,462,84
10040077,46,9,37
10040078,337,169,168
10040079,428,173,255
10040080,455,136,319
10040081,435,151,284
10040082,415,89,326
10040083,389,109,280
10040084,350,131,219
10040085,355,152,203
10040086,493,198,295
10040087,490,250,240
10040088,438,107,331
10040089,410,113,297
10040090,488,170,318
10040091,999,281,718
10040092,459,201,258
10040093,524,192,332
10040094,335,131,204
10040095,649,292,357
10040096,560,270,290
10040097,439,147,292
10040098,369,108,261
10040099,282,145,137
10040100,292,127,165
10040101,312,141,171
10040102,328,183,145
10040103,338,225,113
10040104,607,329,278
10040105,421,330,91
10040106,322,164,158
10040107,443,297,146
10040108,362,258,104
10040109,263,79,184
10040110,344,88,256
10040111,502,95,407
10040112,448,90,358
10040113,537,44,493
10040114,669,41,628
10040115,641,326,315
10040116,832,367,465
10040117,343,138,205
10040118,471,228,243
10040119,516,285,231
10040120,440,163,277
10050076,267,30,237
10050077,447,52,395
10050078,410,15,395
10050079,170,15,155
10050080,574,114,460
10050081,506,34,472
10050082,595,51,544
10050083,508,29,479
10050084,460,47,413
10050085,507,82,425
10050086,351,49,302
10050087,466,51,415
10050088,467,59,408
10050089,1050,176,874
10050090,736,54,682
10050091,49,18,31
10050092,857,95,762
10050093,674,37,637
10050094,529,74,455
10050095,506,115,391
10050096,446,57,389
10050097,616,129,487
10050098,813,119,694
10050099,425,53,372
10050101,1692,372,1320
10050102,502,51,451
10050103,343,50,293
10050104,422,87,335
10050105,420,120,300
10050106,548,105,443
10050107,384,78,306
10050108,366,40,326
10050109,390,80,310
10050110,343,120,223
10050111,390,86,304
10050112,360,131,229
10050113,420,92,328
10050114,381,109,272
10050115,366,117,249
10050116,997,320,677
10050117,257,98,159
10050118,386,104,282
10050119,552,199,353
10050120,401,97,304
10050121,521,241,280
10050122,65,51,14
10050123,692,230,462
10050124,823,441,382
10050125,409,232,177
10050126,303,193,110
10050127,721,255,466
10050129,438,158,280
10050130,332,106,226
10050131,784,171,613
10050132,444,137,307
10050133,2965,774,2191
10050134,357,66,291
10050135,362,156,206
10050136,530,148,382
10050137,449,116,333
10050138,389,79,310
10050139,440,99,341
10050140,685,154,531
10050141,455,120,335
10050143,277,52,225
10050144,504,132,372
10050145,415,174,241
10050146,344,102,242
10050147,404,145,259
10050148,615,191,424
10050149,473,151,322
10050150,291,48,243
10050151,281,50,231
10050152,194,7,187
10050153,333,167,166
10050154,499,143,356
10050155,171,55,116
10050156,446,70,376
10050158,368,65,303
10050159,277,59,218
10050160,270,7,263
10060058,686,54,632
10060059,1094,91,1003
10060060,580,49,531
10060061,698,25,673
10060062,664,83,581
10060063,2542,41,2501
10060064,577,32,545
10060065,511,33,478
10060066,427,6,421
10060067,379,14,365
10060068,513,18,495
10060069,892,75,817
10060070,794,77,717
10060071,466,6,460
10060072,415,22,393
10060073,406,21,385
10060074,184,81,103
10060075,556,103,453
10060076,360,108,252
10060077,413,119,294
10060078,873,23,850
10060079,323,63,260
10060080,385,23,362
10060081,746,41,705
10060082,210,35,175
10060083,949,57,892
10060084,647,42,605
10060085,499,61,438
10060086,639,5,634
10060087,425,27,398
10060088,304,0,304
10060089,601,7,594
10060090,453,24,429
10060091,478,16,462
10060092,440,5,435
10060093,427,47,380
10060094,347,16,331
10060095,480,1,479
10060096,1060,84,976
10060097,358,46,312
10060098,574,16,558
10060099,465,3,462
10060100,593,41,552
10060101,867,56,811
10060102,435,13,422
10060103,412,44,368
10060104,418,39,379
10060105,359,33,326
10060106,440,27,413
10060107,373,3,370
10060108,368,3,365
10060109,364,23,341
10060110,366,23,343
10060111,260,12,248
10060112,1250,77,1173
10060113,474,16,458
10060114,376,16,360
10060115,452,18,434
10060116,521,38,483
10060117,447,9,438
10060118,414,47,367
10060119,379,23,356
10060120,594,33,561
10060121,985,111,874
10060122,406,21,385
10060123,264,38,226
10060124,384,65,319
10060125,105,22,83
10060126,76,0,76
10060127,285,26,259
10060128,334,32,302
10070483,301,7,294
10070484,831,6,825
10070485,408,14,394
10070486,520,15,505
10070487,139,1,138
10070488,173,1,172
10070489,642,20,622
10070490,501,12,489
10070491,8,0,8
10070492,255,6,249
10070493,647,4,643
10070494,407,20,387
10070495,537,19,518
10070496,542,16,526
10070497,484,16,468
10070498,456,5,451
10070499,439,16,423
10070500,46,0,46
10070501,238,0,238
10070502,72,0,72
10070503,138,2,136
10070504,631,4,627
10070505,577,4,573
10070506,509,25,484
10070507,293,9,284
10070508,255,0,255
10070509,214,1,213
10070510,486,0,486
10070511,194,5,189
10070512,120,14,106
10070513,119,0,119
10070514,445,2,443
10070515,548,6,542
10070516,440,2,438
10070517,383,3,380
10070518,305,0,305
10070519,579,24,555
10070520,391,0,391
10070521,423,11,412
10070522,415,5,410
10070523,449,6,443
10070524,177,3,174
10070525,331,7,324
10070526,324,17,307
10070527,85,6,79
10070528,27,1,26
10070529,48,0,48
10070530,439,7,432
10070531,405,2,403
10070532,442,21,421
10070533,348,3,345
10070534,409,16,393
10070535,366,21,345
10070536,445,0,445
10070537,372,10,362
10070538,62,0,62
10070539,296,18,278
10070540,223,1,222
10070541,310,12,298
10070542,379,3,376
10070543,481,3,478
10070544,365,25,340
10070545,491,0,491
10070546,286,1,285
10070547,376,53,323
10070548,303,8,295
10070549,335,1,334
10070550,346,0,346
10070551,560,14,546
10070552,392,5,387
10070553,763,10,753
10070554,440,51,389
10070555,339,5,334
10070556,482,15,467
10070557,392,6,386
10070558,474,50,424
10070559,964,32,932
10070560,1041,133,908
10070561,873,52,821
10070562,474,19,455
10070563,512,34,478
10070564,2,0,2
10070565,566,3,563
10070566,618,0,618
10080161,163,7,156
10080162,227,0,227
10080163,358,7,351
10080164,354,0,354
10080165,366,11,355
10080166,597,4,593
10080167,472,17,455
10080168,192,8,184
10080169,348,23,325
10080170,451,2,449
10080171,385,14,371
10080172,484,8,476
10080173,212,0,212
10080174,471,6,465
10080175,518,22,496
10080176,417,3,414
10080177,334,2,332
10080178,336,4,332
10080179,165,0,165
10080180,299,3,296
10080181,187,0,187
10080182,258,1,257
10080183,389,0,389
10080184,468,21,447
10080185,414,5,409
10080186,384,17,367
10080187,422,21,401
10080188,353,18,335
10080189,441,52,389
10080190,340,16,324
10080191,398,10,388
10080192,471,11,460
10080193,754,41,713
10080194,410,0,410
10080195,506,21,485
10080196,377,34,343
10080197,666,20,646
10080198,263,17,246
10080199,553,5,548
10080200,264,13,251
10080201,151,4,147
10080202,568,31,537
10080203,12,5,7
10080204,283,0,283
10080205,153,3,150
10080206,177,11,166
10080207,478,38,440
10080208,463,2,461
10080209,410,6,404
10080210,98,0,98
10080211,123,10,113
10080212,63,1,62
10080213,464,41,423
10080214,992,35,957
10080215,466,5,461
10080216,868,66,802
10080217,356,4,352
10080218,330,8,322
10080219,631,17,614
10080220,460,33,427
10080221,307,28,279
10080222,74,0,74
10080223,5,2,3
10080224,297,4,293
10080225,295,9,286
10080226,288,14,274
10080227,185,24,161
10080228,305,8,297
10080229,149,0,149
10080230,187,24,163
10080231,157,33,124
10080232,561,31,530
10080233,358,49,309
10080234,314,33,281
10080235,102,14,88
10080236,239,8,231
10080237,385,6,379
10080238,469,43,426
10080239,119,5,114
10080240,95,7,88
10080241,421,2,419
10080242,356,0,356
10080243,243,17,226
10080244,533,7,526
10080245,560,76,484
10080246,506,115,391
10080247,381,61,320
10080248,369,58,311
10080249,390,21,369
10080250,309,12,297
10080251,295,18,277
10080252,158,7,151
10080253,294,6,288
10080254,475,0,475
10080255,120,7,113
10080256,473,0,473
10090078,273,20,253
10090079,172,3,169
10090080,110,14,96
10090081,340,14,326
10090082,164,5,159
10090083,50,0,50
10090084,726,63,663
10090085,1093,85,1008
10090086,220,31,189
10090087,280,17,263
10090088,297,6,291
10090089,521,16,505
10090090,365,8,357
10090091,233,11,222
10090092,236,7,229
10090093,306,11,295
10090094,378,60,318
10090095,431,18,413
10090096,179,22,157
10090097,505,113,392
10090098,37,5,32
10090099,210,4,206
10090100,302,67,235
10090101,337,51,286
10090102,279,74,205
10090103,463,27,436
10090104,272,23,249
10090105,68,11,57
10090106,165,1,164
10090107,238,15,223
10090108,366,47,319
10090109,404,28,376
10090110,179,13,166
10090111,508,25,483
10090112,153,26,127
10090113,407,127,280
10090114,327,171,156
10090115,49,7,42
10090116,243,72,171
10090117,229,76,153
10090118,117,12,105
10090119,547,5,542
10090120,641,152,489
10090121,18,3,15
10090122,630,181,449
10090123,293,81,212
10090124,271,51,220
10090125,213,33,180
10100061,0,0,0
10100062,977,931,46
10100063,0,0,0
10100065,549,328,221
10100066,530,520,10
10100067,1262,651,611
10100068,455,244,211
10100069,529,245,284
10100070,605,322,283
10100071,605,235,370
10100072,474,286,188
10100073,458,226,232
10100074,450,201,249
10100075,426,232,194
10100076,480,108,372
10100077,277,109,168
10100078,355,110,245
10100079,382,127,255
10100080,418,173,245
10100081,775,351,424
10100082,721,171,550
10100083,587,101,486
10100084,459,77,382
10100085,413,14,399
10100086,457,36,421
10100087,507,35,472
10100088,352,29,323
10100089,345,46,299
10100090,427,60,367
10100091,463,14,449
10100092,416,47,369
10100093,446,26,420
10100094,789,83,706
10100095,613,48,565
10100096,566,89,477
10100097,419,27,392
10100098,455,41,414
10100099,466,17,449
10100100,485,20,465
10100101,429,43,386
10100102,371,299,72
10100103,313,181,132
10100104,189,130,59
10100105,286,229,57
10100106,413,337,76
10100107,403,360,43
10100108,65,21,44
10100109,394,144,250
10100110,562,76,486
10100111,108,9,99
10100112,85,6,79
10100113,165,43,122
10100114,219,66,153
10100115,991,978,13
10100116,79,76,3
10110001,0,0,0
10110002,911,872,39
10110003,219,187,32
10110004,624,574,50
10110005,0,0,0
10110006,389,368,21
10110007,180,161,19
10110008,322,303,19
11010040,459,6,453
11010041,361,16,345
11010042,462,5,457
11010043,355,6,349
11010044,603,7,596
11010045,410,31,379
11010046,364,25,339
11010047,309,26,283
11010048,405,6,399
11010049,299,0,299
11010050,482,9,473
11010051,257,0,257
11010052,406,2,404
11010053,385,40,345
11010054,205,2,203
11010055,442,11,431
11010056,318,9,309
11010057,573,4,569
11010058,448,23,425
11010059,381,6,375
11010060,402,3,399
11010061,356,2,354
11010062,404,0,404
11010063,384,7,377
11010064,459,4,455
11010065,331,18,313
11010066,343,10,333
11010067,305,4,301
11010068,272,3,269
11010069,533,13,520
11010070,297,4,293
11010071,394,16,378
11010072,501,1,500
11010073,239,0,239
11010074,536,22,514
11010075,611,45,566
11010076,21,21,0
11010077,293,37,256
11010078,427,11,416
11010079,390,0,390
11010080,237,8,229
11010081,243,0,243
11010082,319,4,315
11010083,329,5,324
11020116,240,1,239
11020117,652,8,644
11020118,0,0,0
11020119,250,232,18
11020120,845,0,845
11020121,621,2,619
11020122,613,19,594
11020123,1007,37,970
11020124,668,9,659
11020125,919,41,878
11020126,586,20,566
11020127,217,3,214
11020128,426,76,350
11020129,250,26,224
11020130,754,29,725
11020131,1174,18,1156
11020132,345,15,330
11020133,1445,95,1350
11020134,480,4,476
11020135,415,0,415
11020136,334,0,334
11020137,714,0,714
11020138,404,26,378
11020139,543,0,543
11020140,345,0,345
11020141,459,10,449
11020142,488,4,484
11020143,570,17,553
11020144,796,26,770
11020145,653,2,651
11020146,399,10,389
11020147,645,35,610
11020148,617,16,601
11020149,718,13,705
11020150,549,16,533
11020151,568,33,535
11020152,547,17,530
11020153,573,17,556
11020154,526,21,505
11020155,607,23,584
11020156,389,0,389
11020157,661,9,652
11020158,635,0,635
11020159,588,1,587
11020160,532,3,529
11020161,480,12,468
11020162,514,4,510
11020163,578,18,560
11020164,527,11,516
11020165,562,17,545
11020166,546,4,542
11020167,620,6,614
11020168,426,0,426
11020169,513,0,513
11020170,558,1,557
11020171,558,11,547
11020172,457,9,448
11020173,330,1,329
11020174,1111,19,1092
11020175,571,8,563
11020176,411,11,400
11020177,462,0,462
11020178,489,0,489
11020179,476,18,458
11020180,891,22,869
11020181,677,0,677
11020182,412,0,412
11020183,702,16,686
11020184,502,0,502
11020185,699,5,694
11020186,738,30,708
11020187,1018,6,1012
11020188,737,18,719
11020189,533,0,533
11020190,490,25,465
11020191,578,0,578
11020192,1013,32,981
11020193,395,0,395
11020194,819,35,784
11020195,58,46,12
11020196,508,6,502
11020197,593,3,590
11020198,758,30,728
11020199,648,3,645
11020200,751,57,694
11020201,768,0,768
11020202,549,0,549
11020203,710,18,692
11020204,398,0,398
11020205,529,2,527
11020206,655,22,633
11020207,663,19,644
11020208,492,4,488
11020209,381,10,371
11020210,682,10,672
11020211,547,19,528
11020212,360,0,360
11020213,689,11,678
11020214,604,22,582
11020215,494,10,484
11020216,503,11,492
11020217,185,0,185
11020218,419,11,408
11020219,513,7,506
11020220,447,5,442
11020221,373,7,366
11020222,486,14,472
11020223,298,8,290
11020224,523,3,520
11020225,72,1,71
11020226,495,12,483
11020227,456,6,450
11020228,1317,59,1258
11020229,580,0,580
11020230,2171,66,2105
11020231,893,10,883
11020232,686,4,682
11020233,322,13,309
11020234,732,0,732
11020235,365,5,360
11020236,1319,13,1306
11020237,527,14,513
11020238,1071,50,1021
11020239,518,30,488
11020240,454,14,440
11020241,251,30,221
11020242,970,20,950
11020243,583,11,572
11020244,560,18,542
11020245,787,0,787
11020246,580,0,580
11020247,638,24,614
11020248,520,2,518
11020249,427,26,401
11020250,545,0,545
11020251,489,0,489
11020252,445,17,428
11020253,338,4,334
11020254,517,14,503
11020255,434,9,425
11020256,951,2,949
11020257,689,40,649
11020258,604,24,580
11020259,345,15,330
11020260,1303,35,1268
11020261,1155,19,1136
11020262,842,5,837
11020263,668,22,646
11020264,810,22,788
11020265,513,7,506
11020266,503,28,475
11020267,554,0,554
11030072,438,5,433
11030073,428,0,428
11030074,324,9,315
11030075,348,21,327
11030076,457,5,452
11030077,451,10,441
11030078,353,12,341
11030079,486,1,485
11030080,141,7,134
11030081,73,0,73
11030082,383,1,382
11030083,689,19,670
11030084,499,0,499
11030085,897,39,858
11030086,563,17,546
11030087,496,5,491
11030088,443,0,443
11030089,413,5,408
11030090,378,22,356
11030091,399,73,326
11030092,356,0,356
11030093,287,21,266
11030094,558,16,542
11030095,464,15,449
11030096,248,0,248
11030097,505,9,496
11030098,369,2,367
11030099,477,1,476
11030100,338,295,43
11030101,2,2,0
11030102,723,24,699
11030103,238,12,226
11030104,388,8,380
11030105,719,4,715
11030106,379,0,379
11030107,354,26,328
11030108,682,0,682
11030109,279,0,279
11030110,473,0,473
11030112,910,10,900
11030113,401,2,399
11030114,445,39,406
11030115,386,10,376
11030116,822,5,817
11030117,421,0,421
11030118,405,35,370
11030119,723,16,707
11030120,465,12,453
11030121,511,10,501
11030122,358,3,355
11030123,436,8,428
11030124,415,0,415
11030125,393,10,383
11030126,635,36,599
11030127,749,16,733
11030128,155,2,153
11030129,318,9,309
11030130,503,14,489
11030131,292,2,290
11030132,893,9,884
11030133,369,0,369
11030134,1502,57,1445
11030135,447,9,438
11030136,472,2,470
11030137,389,7,382
11030138,464,7,457
11030139,403,4,399
11030140,465,0,465
11030141,483,0,483
11030142,389,33,356
11030143,457,29,428
11030144,315,2,313
11030145,496,3,493
11030146,506,7,499
11030147,571,9,562
11030149,550,4,546
11030151,739,6,733
11030152,434,1,433
11030153,445,0,445
11030154,162,0,162
11030155,135,17,118
11030156,523,17,506
11030157,395,17,378
11030158,323,0,323
11030159,401,0,401
11030160,482,12,470
11030161,361,17,344
11030162,320,8,312
11030163,360,0,360
11030164,533,15,518
11030165,514,16,498
11030166,379,2,377
11030167,553,1,552
11030168,517,6,511
11030169,40,0,40
11030174,539,33,506
11030175,322,5,317
11030176,47,0,47
11030177,0,0,0
12010030,478,71,407
12010031,417,45,372
12010032,480,23,457
12010033,381,27,354
12010034,455,27,428
12010035,535,53,482
12010036,413,41,372
12010037,755,65,690
12010038,390,50,340
12010039,621,68,553
12010040,402,40,362
12010041,418,73,345
12010042,468,24,444
12010043,609,87,522
12010044,829,68,761
12010045,411,99,312
12010046,342,22,320
12010047,416,65,351
12010048,575,70,505
12010049,500,88,412
12010050,739,150,589
12010051,671,81,590
12010052,665,70,595
12010053,419,50,369
12010054,359,33,326
12010055,470,34,436
12010056,417,11,406
12020043,680,89,591
12020044,723,127,596
12020045,671,90,581
12020046,546,92,454
12020047,503,40,463
12020048,558,77,481
12020049,563,86,477
12020050,459,66,393
12020051,588,76,512
12020052,478,64,414
12020053,575,45,530
12020054,467,92,375
12020055,518,56,462
12020056,388,34,354
12020057,460,64,396
12020058,451,90,361
12020059,370,61,309
12020060,341,77,264
12020061,471,80,391
12020062,394,139,255
12020063,463,106,357
12020064,444,98,346
12020065,701,198,503
12020066,157,126,31
12020067,550,135,415
12020068,440,125,315
12020069,581,73,508
12020070,342,38,304
12020071,436,37,399
12020072,824,239,585
12020073,358,78,280
12020074,567,142,425
12020075,449,127,322
12020076,397,159,238
12020077,300,82,218
12020078,798,186,612
12020079,651,77,574
12020080,429,69,360
12020081,418,161,257
12020082,543,153,390
12020083,608,122,486
12020084,621,185,436
12020085,1255,289,966
12020086,594,92,502
12020087,591,79,512
12030040,504,3,501
12030041,592,68,524
12030042,383,4,379
12030043,546,35,511
12030044,418,43,375
12030045,582,7,575
12030046,462,18,444
12030047,420,23,397
12030048,431,13,418
12030051,589,54,535
12030052,538,65,473
12030053,397,4,393
12030054,364,4,360
12030055,347,9,338
12030056,762,10,752
12030057,213,12,201
12030058,276,91,185
12030059,396,91,305
12030060,475,85,390
12030061,507,91,416
12030062,459,96,363
12030063,381,88,293
12030064,378,54,324
12030065,457,23,434
12030066,388,34,354
12030067,399,23,376
12030068,413,37,376
12030069,363,44,319
12030070,449,111,338
12030071,486,99,387
12030072,471,59,412
12030073,472,109,363
12030074,453,76,377
12030075,393,85,308
12030076,343,93,250
12030077,458,51,407
12030078,396,33,363
12030079,450,5,445
12030082,151,112,39
12040025,347,5,342
12040026,27,22,5
12040027,428,40,388
12040028,297,13,284
12040029,366,37,329
12040030,335,7,328
12040031,16,14,2
12040032,355,31,324
12040033,442,66,376
12040034,630,78,552
12040035,469,25,444
12040036,354,38,316
12040037,383,22,361
12040038,409,34,375
12040039,894,97,797
12040040,375,1,374
12040041,422,24,398
12040042,386,33,353
12040043,462,42,420
12040044,586,54,532
12040045,527,57,470
12040046,315,16,299
12040047,383,15,368
12040048,377,47,330
12040049,413,0,413
12050044,399,4,395
12050045,459,42,417
12050046,387,36,351
12050047,495,15,480
12050048,465,42,423
12050049,617,52,565
12050050,462,48,414
12050051,376,32,344
12050052,548,47,501
12050053,551,41,510
12050054,837,42,795
12050055,493,39,454
12050056,437,28,409
12050057,663,43,620
12050058,700,58,642
12050059,436,22,414
12050060,375,3,372
12050061,537,33,504
12050062,375,7,368
12050063,377,17,360
12050064,459,2,457
12050065,428,24,404
12050066,450,0,450
12050067,386,13,373
12050068,577,9,568
12050069,367,31,336
12050070,388,35,353
12050071,485,13,472
12050072,646,4,642
12050073,439,26,413
12050074,465,22,443
12050075,454,0,454
12050076,17,15,2
12050077,351,5,346
12050078,423,44,379
12050080,0,0,0
12050082,563,13,550
12050083,357,6,351
12050084,689,41,648
12050085,403,17,386
12050086,383,33,350
12050087,581,46,535
12050088,487,1,486
12050089,549,33,516
12050090,44,38,6
12050093,394,17,377
12060071,0,0,0
12060072,398,8,390
12060073,28,28,0
12060074,672,0,672
12060075,107,1,106
12060077,500,12,488
12060078,470,3,467
12060079,473,14,459
12060080,415,1,414
12060081,548,27,521
12060082,435,0,435
12060083,516,32,484
12060084,515,33,482
12060085,477,41,436
12060087,598,13,585
12060088,510,55,455
12060089,715,20,695
12060090,707,35,672
12060091,928,46,882
12060092,701,4,697
12060093,525,17,508
12060094,467,22,445
12060095,504,59,445
12060096,475,8,467
12060097,513,5,508
12060098,452,23,429
12060099,327,9,318
12060100,445,23,422
12060105,409,26,383
12060106,534,4,530
12060107,464,43,421
12060108,616,14,602
12060109,507,28,479
12060110,276,5,271
12060111,371,3,368
12060112,282,6,276
12060113,495,17,478
12060114,646,13,633
12060115,588,8,580
12060116,418,4,414
12060118,484,12,472
12060119,568,15,553
12060120,488,44,444
12060124,623,3,620
12060125,524,9,515
12060126,833,18,815
12060128,409,13,396
12060129,507,12,495
12060130,545,28,517
12060131,491,39,452
12060132,404,13,391
12060133,329,22,307
12060134,412,10,402
12060135,463,13,450
12060136,785,54,731
12060137,486,15,471
12060138,564,36,528
12060139,564,30,534
12060140,100,78,22
12060141,560,69,491
12060142,540,0,540
12060143,482,34,448
12060144,491,6,485
12060145,247,1,246
12060146,387,39,348
12060147,430,11,419
12060148,344,33,311
12060149,788,15,773
12060150,445,26,419
12060151,841,10,831
12060152,404,3,401
12060153,713,8,705
12060154,367,9,358
12060156,382,4,378
12060157,597,2,595
12060158,414,13,401
12060160,514,28,486
12060161,554,28,526
12060162,489,4,485
12060163,514,24,490
12060166,488,16,472
12060167,188,4,184
12060168,461,14,447
12060169,560,8,552
12060170,491,18,473
12060171,249,0,249
12060172,224,0,224
12060173,395,5,390
12060174,220,17,203
12060176,553,25,528
12060177,141,8,133
12060178,263,20,243
12060179,428,6,422
12060180,70,0,70
12060181,470,39,431
12060182,68,2,66
12060183,29,0,29
12060184,18,0,18
12060185,421,4,417
12060186,374,4,370
12060187,119,5,114
12060188,293,33,260
12060190,328,24,304
12070081,444,18,426
12070082,485,16,469
12070083,480,12,468
12070084,401,15,386
12070085,411,0,411
12070086,528,27,501
12070087,875,57,818
12070088,767,78,689
12070089,420,0,420
12070090,472,16,456
12070091,801,13,788
12070092,451,0,451
12070093,485,36,449
12070094,702,71,631
12070095,380,31,349
12070096,716,36,680
12070097,465,38,427
12070098,727,19,708
12070099,557,17,540
12070100,450,8,442
12070101,231,12,219
12070102,623,15,608
12070103,537,32,505
12070104,355,0,355
12070105,800,104,696
12070106,413,50,363
12070107,365,21,344
12070108,529,13,516
12070109,390,22,368
12070110,679,46,633
12070111,408,19,389
12070112,917,44,873
12070113,762,30,732
12070114,354,10,344
12070115,533,58,475
12070116,528,30,498
12070117,600,57,543
12070118,481,14,467
12070119,586,52,534
12070120,434,57,377
12070121,568,19,549
12070122,435,3,432
12070123,501,26,475
12070124,416,20,396
12070125,363,20,343
12070126,570,65,505
12070127,551,5,546
12070128,493,5,488
12070129,397,6,391
12070130,637,22,615
12070131,598,12,586
12070132,140,109,31
12070133,542,13,529
12070134,454,47,407
12070135,381,23,358
12070136,549,10,539
12070137,377,12,365
12070138,438,9,429
12070139,543,33,510
12070140,392,0,392
12070141,439,12,427
12070142,431,11,420
12070143,650,48,602
12070144,487,18,469
12070145,869,84,785
12070146,558,5,553
12070147,598,30,568
12070148,497,0,497
12070149,346,23,323
12070150,488,29,459
12070151,563,5,558
12070152,576,11,565
12070153,434,2,432
12070154,417,6,411
12070155,573,32,541
12070156,661,27,634
12070157,494,20,474
12070158,547,14,533
12070159,657,15,642
12070160,527,22,505
12070161,640,41,599
12070162,625,5,620
12070163,505,1,504
12070164,510,16,494
12070165,465,10,455
12070166,513,1,512
12070167,618,22,596
12070168,472,15,457
12070169,90,79,11
12070170,0,0,0
12070171,420,8,412
12070172,495,36,459
12070173,496,35,461
12070174,467,21,446
12070175,580,28,552
12070176,439,4,435
12070177,570,63,507
12070178,606,84,522
12070179,374,16,358
12070180,849,30,819
12070181,398,27,371
12070182,375,9,366
12070183,437,30,407
12070184,588,0,588
12070185,782,26,756
12070186,747,4,743
12070187,665,24,641
12070188,479,20,459
12070189,425,40,385
12070190,591,6,585
12070191,522,60,462
12070192,560,35,525
12070193,658,55,603
12070194,487,26,461
12070195,481,1,480
12080056,841,16,825
12080057,565,65,500
12080058,498,481,17
12080059,641,604,37
12080061,0,0,0
12080063,456,34,422
12080064,560,20,540
12080065,797,57,740
12080069,695,7,688
12080070,463,20,443
12080071,1126,80,1046
12080072,842,15,827
12080073,864,72,792
12080074,688,23,665
12080076,606,20,586
12080077,712,47,665
12080078,555,26,529
12080079,467,5,462
12080080,472,11,461
12080081,525,29,496
12080082,528,44,484
12080083,476,20,456
12080084,680,21,659
12080085,713,5,708
12080086,523,2,521
12080087,636,20,616
12080088,776,49,727
12080089,485,2,483
12080090,561,28,533
12080091,963,18,945
12080092,720,92,628
12080093,761,42,719
12080094,483,5,478
12080095,483,31,452
12080096,524,40,484
12080097,480,3,477
12080098,463,8,455
12080099,696,47,649
12080100,1019,61,958
12080101,523,6,517
12080102,584,37,547
12080103,444,41,403
12080104,562,19,543
12080105,498,11,487
12080106,452,0,452
12080107,441,2,439
12080108,447,28,419
12080109,459,43,416
12080110,372,0,372
12080111,447,32,415
12080112,571,0,571
12080113,462,12,450
12080114,505,17,488
12080115,510,19,491
12080116,515,6,509
12080117,752,41,711
12080118,833,34,799
12080119,815,37,778
12080120,819,7,812
12080121,615,28,587
12080122,1013,79,934
12080123,567,9,558
12080127,813,53,760
12080128,523,13,510
12080129,1552,37,1515
12080130,129,11,118
12080131,257,5,252
12080132,1255,35,1220
12080133,103,0,103
12090103,723,18,705
12090104,253,1,252
12090105,672,35,637
12090106,284,34,250
12090108,681,22,659
12090114,489,17,472
12090115,1621,150,1471
12090116,1117,29,1088
12090117,569,7,562
12090118,471,9,462
12090119,571,0,571
12090120,495,12,483
12090121,965,3,962
12090122,395,26,369
12090123,956,40,916
12090128,962,38,924
12090130,1174,29,1145
12090131,683,34,649
12090132,314,5,309
12090133,661,22,639
12090134,664,16,648
12090135,773,46,727
12090136,363,31,332
12090137,448,15,433
12090138,777,65,712
12090139,325,19,306
12090140,473,47,426
12090141,369,29,340
12090142,256,7,249
12090143,459,2,457
12090144,390,28,362
12090145,327,5,322
12090146,649,52,597
12090147,498,5,493
12090148,347,28,319
12090149,493,17,476
12090150,471,17,454
12090152,380,11,369
12090153,576,29,547
12090154,447,28,419
12090158,593,12,581
12090159,555,21,534
12090160,503,17,486
12090161,428,11,417
12090162,501,11,490
12090163,456,40,416
12090164,762,48,714
12090165,506,9,497
12090166,1211,15,1196
12090167,511,12,499
12090168,1212,102,1110
12090169,447,23,424
12090170,478,6,472
12090171,612,14,598
12090172,575,22,553
12090175,517,15,502
12090176,504,25,479
12090177,318,21,297
12090178,512,11,501
12090179,518,7,511
12090182,415,20,395
12090183,578,18,560
12090184,836,16,820
12090185,1946,60,1886
12090186,479,19,460
12090187,349,38,311
12090188,472,11,461
12090189,1014,7,1007
12090190,405,29,376
12090191,581,1,580
12090192,787,25,762
12090193,1228,64,1164
12090194,340,29,311
12090195,490,12,478
12090196,559,33,526
12090197,532,5,527
12090198,417,21,396
12090199,452,24,428
12090200,648,26,622
12090201,550,17,533
12090202,674,50,624
12090203,352,5,347
12090204,460,11,449
12090205,1276,80,1196
12090206,395,34,361
12090209,406,30,376
12090210,417,37,380
12090211,348,0,348
12090212,374,15,359
12090213,489,72,417
12090214,572,40,532
12090215,422,24,398
12090216,1337,89,1248
12090217,665,56,609
12090220,893,98,795
12090223,808,18,790
12090224,356,21,335
12090225,632,32,600
12090226,434,25,409
12090227,505,15,490
12090228,584,16,568
12090229,442,5,437
12090230,590,14,576
12090231,693,53,640
12090232,916,77,839
12090241,405,1,404
12090244,619,12,607
12090245,585,26,559
12090246,738,8,730
12090247,506,14,492
12090248,637,27,610
12090249,1008,1,1007
12090250,823,30,793
12090251,581,0,581
12090252,973,0,973
12090253,531,19,512
12090254,838,36,802
12090255,507,42,465
12090256,343,14,329
12090259,432,7,425
12090260,357,1,356
12090261,453,0,453
12090262,689,18,671
12090263,1048,34,1014
12090264,916,74,842
12090265,717,34,683
12090267,477,9,468
12090270,361,22,339
12090271,322,67,255
12090272,1156,62,1094
12090273,249,15,234
12090277,566,0,566
12090279,751,0,751
12090280,559,11,548
12090281,665,0,665
12090282,428,0,428
12090291,453,13,440
12090292,391,0,391
12090293,531,11,520
12090294,425,0,425
12090295,1164,27,1137
12090296,1080,11,1069
12090297,675,7,668
12090298,609,12,597
12090311,386,15,371
12090312,442,5,437
12090313,755,26,729
12090324,344,0,344
12090325,445,0,445
12090326,598,6,592
12090327,554,8,546
12090328,427,9,418
12090329,414,15,399
12090330,365,0,365
12090331,559,6,553
12090332,459,1,458
12090333,377,1,376
12090334,670,46,624
12090335,435,12,423
12090336,639,31,608
12090337,1399,38,1361
12090340,520,17,503
12090341,774,21,753
12090342,520,10,510
12090343,1534,31,1503
12090344,362,58,304
12090345,481,49,432
12090346,478,40,438
12090347,524,20,504
12090348,152,40,112
12090349,539,18,521
12090350,516,24,492
12090351,719,25,694
12090355,758,48,710
12090356,520,51,469
12090357,931,41,890
12090358,597,26,571
12090359,1135,35,1100
12090362,560,61,499
12090365,491,0,491
12090366,1048,28,1020
12090367,559,60,499
12090368,394,36,358
12090369,578,41,537
12090370,725,41,684
12090371,462,53,409
12090372,1897,161,1736
12090373,397,13,384
12090406,1243,62,1181
12090407,697,77,620
12090415,553,45,508
12090420,401,30,371
12090421,435,10,425
12090474,1124,47,1077
12090475,509,14,495
12090476,581,13,568
12090477,554,0,554
12090478,503,17,486
12090479,721,26,695
12090480,2628,49,2579
12090481,315,11,304
12090482,1440,34,1406
12090483,328,1,327
12090484,336,0,336
12090485,627,27,600
12090486,448,27,421
12090487,704,34,670
12090488,472,14,458
12090489,703,16,687
12090490,519,29,490
12090491,313,18,295
12090492,1124,1,1123
12090493,1226,57,1169
12090494,250,20,230
12090495,469,24,445
12090496,692,27,665
12090497,484,9,475
12090498,484,14,470
12090500,690,37,653
12090501,827,62,765
12090502,784,19,765
12090506,548,41,507
12090507,891,23,868
12090508,349,12,337
12090509,743,31,712
12090510,1035,56,979
12090513,299,14,285
12090514,466,7,459
12090516,520,22,498
12090517,360,19,341
12090518,490,0,490
12090520,1327,46,1281
12090521,1014,14,1000
12090523,1040,44,996
12090528,1041,33,1008
12090530,871,52,819
12090531,579,9,570
12090532,1139,58,1081
12090533,708,36,672
12090534,852,34,818
12090535,3141,78,3063
12090536,551,25,526
12090537,326,1,325
12090538,363,0,363
12090539,602,22,580
12090540,539,7,532
12090541,591,11,580
12090542,844,22,822
12090562,452,21,431
12090563,818,94,724
12090564,946,50,896
12090565,1204,75,1129
12090567,637,14,623
12090569,1126,56,1070
12090570,876,21,855
12090571,480,1,479
12090572,1653,39,1614
12090573,1069,28,1041
12090574,1047,31,1016
12090576,218,12,206
12090577,896,54,842
12090578,533,32,501
12090579,632,3,629
12090580,1690,11,1679
12090581,1059,23,1036
12090582,604,28,576
12090583,323,31,292
12090587,32,17,15
12090588,2,1,1
12090590,22,8,14
12090591,459,14,445
12090592,578,26,552
12090593,383,10,373
12090594,531,16,515
12090595,857,14,843
12090596,615,77,538
12090597,932,91,841
12090598,655,6,649
12090599,815,34,781
12090600,895,95,800
12090602,853,2,851
12090608,1042,20,1022
12090609,504,13,491
12090610,527,14,513
12090611,430,7,423
12090612,587,24,563
12090613,688,14,674
12090614,609,68,541
12090615,664,59,605
12090616,648,31,617
12090617,505,4,501
12090618,453,6,447
12090619,615,30,585
12090620,504,23,481
12090621,580,19,561
12090622,700,30,670
12090623,431,18,413
12090624,567,18,549
12090625,592,67,525
12090627,545,11,534
12090628,755,31,724
12090629,2003,108,1895
12090630,850,52,798
12090631,470,0,470
12090632,966,34,932
12090633,946,45,901
12090634,1087,42,1045
12090635,1437,78,1359
12090636,883,50,833
12090637,969,31,938
12090638,836,34,802
12090640,2973,117,2856
12090641,662,65,597
12090642,1686,26,1660
12090643,729,8,721
12090648,590,45,545
12090649,545,13,532
12090650,487,34,453
12090651,780,55,725
12090652,826,48,778
12090653,925,23,902
12090655,1553,49,1504
12090656,989,40,949
12090657,1030,58,972
12090658,571,16,555
12090659,553,9,544
12090660,632,24,608
12090661,589,20,569
12090662,1100,80,1020
12090663,582,9,573
12090664,791,39,752
12090665,753,16,737
12090666,513,0,513
12090667,775,15,760
12090668,669,26,643
12090671,605,15,590
12090672,581,12,569
12090673,821,30,791
12090674,1129,46,1083
12090677,452,0,452
12090678,2454,145,2309
12090680,453,2,451
12090682,477,5,472
12090683,574,36,538
12090684,1457,119,1338
12090685,421,36,385
12090687,632,18,614
12090688,969,39,930
12090690,1208,64,1144
12090691,500,52,448
12090693,1256,57,1199
12090694,495,18,477
12090695,1120,50,1070
12090696,470,43,427
12090697,1144,93,1051
12090698,475,25,450
12090699,515,29,486
12090700,467,26,441
12090701,936,43,893
12090702,703,44,659
12090703,593,26,567
12090704,521,21,500
12090705,773,2,771
12090706,556,11,545
12090707,544,5,539
12090708,960,19,941
12090709,1434,66,1368
12090710,701,64,637
12090711,802,50,752
12090712,1391,124,1267
12090713,824,7,817
12090715,860,17,843
12090716,0,0,0
12090717,414,28,386
12090719,727,44,683
12090721,619,36,583
12090722,563,15,548
12090723,451,11,440
12090724,692,10,682
12090725,678,11,667
12090728,579,45,534
12090729,485,10,475
12090730,407,0,407
12090731,417,0,417
12090733,828,56,772
12090734,1625,124,1501
12090735,832,48,784
12090736,473,33,440
12090737,980,44,936
12090738,1719,131,1588
12090739,1071,80,991
12090740,820,47,773
12090741,903,65,838
12090743,720,23,697
12090745,621,45,576
12090746,533,0,533
12090747,599,0,599
12090748,906,20,886
12090750,421,9,412
12090751,2290,109,2181
12090752,550,12,538
12090753,604,27,577
12090754,513,2,511
12090755,610,12,598
12090756,499,12,487
12090757,535,41,494
12090758,880,40,840
12090759,455,13,442
12090760,602,27,575
12090761,466,0,466
12090762,781,25,756
12090763,399,23,376
12090764,556,26,530
12090765,658,46,612
12090769,1087,84,1003
12090770,613,80,533
12090771,925,48,877
12090772,516,21,495
12090773,868,76,792
12090774,487,37,450
12090775,635,52,583
12090776,559,40,519
12090777,511,68,443
12090778,424,35,389
12090779,348,10,338
12090780,620,15,605
12090781,396,21,375
12090782,525,4,521
12090783,1646,37,1609
12090784,613,16,597
12090785,367,24,343
12090786,400,0,400
12090787,623,36,587
12090788,518,28,490
12090789,478,16,462
12090790,430,7,423
12090791,3069,5,3064
12090792,807,13,794
12090793,1122,40,1082
12090794,596,18,578
12090795,857,41,816
12090796,827,59,768
12090797,794,26,768
12090798,704,120,584
12090799,1252,46,1206
12090805,667,11,656
12090808,818,55,763
12090809,520,21,499
12090810,700,28,672
12090811,1050,115,935
12090812,795,5,790
12090813,568,35,533
12090814,581,20,561
12090815,567,37,530
12090816,574,119,455
12090817,695,87,608
12090818,1399,59,1340
12090819,404,0,404
12090820,746,19,727
12090823,554,64,490
12090824,739,34,705
12090828,531,37,494
12090832,697,37,660
12090835,1167,64,1103
12090836,338,13,325
12090837,587,35,552
12090838,735,96,639
12090839,7039,67,6972
12090840,465,1,464
12090841,487,24,463
12090842,717,7,710
12090843,598,12,586
12090844,792,50,742
12090845,0,0,0
12090846,1596,27,1569
12090847,774,72,702
12090848,882,40,842
12090849,475,18,457
12090850,587,8,579
12090851,566,14,552
12090852,510,17,493
12090853,794,12,782
12090854,616,21,595
12090855,772,5,767
12090856,494,10,484
12090858,748,13,735
12090860,660,19,641
12090863,500,0,500
12090864,649,41,608
12090865,447,24,423
12090866,644,12,632
12090867,532,9,523
12090868,1042,6,1036
12090869,718,17,701
12090870,1147,12,1135
12090871,616,29,587
12090872,492,26,466
12090873,491,17,474
12090874,512,23,489
12090875,440,25,415
12090876,566,18,548
12090877,500,30,470
12090878,456,16,440
12090879,638,53,585
12090880,559,20,539
12090881,620,87,533
12090882,580,15,565
12090883,426,9,417
12090886,524,67,457
12090888,377,0,377
12090890,1396,133,1263
12090891,2446,72,2374
12090892,1490,54,1436
12090893,546,1,545
12090894,581,34,547
12090895,569,42,527
12090896,764,43,721
12090897,1298,105,1193
12090898,730,33,697
12090899,704,42,662
12090900,900,66,834
12090901,3706,87,3619
12090902,1443,27,1416
12090903,899,32,867
12090904,1855,78,1777
12090905,1083,28,1055
12090909,1079,90,989
12090910,930,71,859
12090911,550,47,503
12090915,978,6,972
12090916,905,33,872
12090917,958,20,938
12090919,1219,67,1152
12090920,734,6,728
12090921,671,47,624
12090922,181,6,175
12090924,730,49,681
12090925,1560,50,1510
12090926,682,30,652
12090927,469,17,452
12090928,958,103,855
12090929,2001,61,1940
12090930,766,96,670
12090932,613,42,571
12090933,729,60,669
12090934,598,4,594
12090936,601,36,565
12090937,1193,32,1161
12090939,991,46,945
12090941,471,51,420
12090942,525,41,484
12090943,595,47,548
12090944,677,65,612
12090945,390,7,383
12090947,479,47,432
12090948,488,16,472
12090950,877,27,850
12090951,1485,57,1428
12090952,414,48,366
12090954,1333,65,1268
12090955,780,5,775
12090956,368,12,356
12090957,873,0,873
12090958,1000,25,975
12090960,440,8,432
12090962,458,6,452
12090963,285,7,278
12090965,1160,16,1144
12090966,374,0,374
12090967,1674,28,1646
12090969,431,0,431
12090970,854,16,838
12090972,489,33,456
12090973,807,27,780
12090974,632,53,579
12090976,593,1,592
12090977,426,57,369
12090978,326,10,316
12090980,287,3,284
12090981,484,26,458
12090982,609,31,578
12090983,617,25,592
12090984,528,7,521
12090985,569,53,516
12090986,1155,66,1089
12090988,311,29,282
12090989,1085,75,1010
12090990,657,26,631
12090991,1660,101,1559
12090992,950,35,915
12090993,1528,85,1443
12090994,881,66,815
12090995,574,8,566
12090996,1535,49,1486
12090997,594,8,586
12090998,748,12,736
12090999,1525,51,1474
12091000,585,22,563
12091001,11,7,4
12091002,173,29,144
12091003,48,39,9
12100077,596,30,566
12100078,477,28,449
12100079,494,21,473
12100080,562,28,534
12100081,399,33,366
12100082,564,50,514
12100083,373,19,354
12100084,488,5,483
12100085,568,17,551
12100086,362,0,362
12100087,588,6,582
12100088,849,49,800
12100089,717,28,689
12100090,900,53,847
12100091,495,2,493
12100092,627,20,607
12100093,528,5,523
12100094,832,7,825
12100095,486,9,477
12100096,1184,81,1103
12100097,649,24,625
12100098,420,4,416
12100099,339,0,339
12100100,416,38,378
12100101,514,28,486
12100102,440,16,424
12100103,521,34,487
12100104,403,20,383
12100105,446,5,441
12100106,590,44,546
12100107,375,14,361
12100108,318,14,304
12100109,736,3,733
12100110,439,14,425
12100111,481,40,441
12100112,417,15,402
12100113,438,57,381
12100114,437,12,425
12100115,426,11,415
12100116,445,14,431
12100117,500,19,481
12100118,480,26,454
12100119,434,1,433
12100120,422,53,369
12100121,452,51,401
12100122,524,50,474
12100123,593,44,549
12100124,677,23,654
12100125,414,42,372
12100126,644,24,620
12100127,608,23,585
12100128,483,3,480
12100129,636,17,619
12100130,668,4,664
12100131,540,41,499
12100132,485,31,454
12100133,559,46,513
12100134,458,1,457
12100135,531,19,512
12100136,396,11,385
12100137,530,3,527
12100138,539,0,539
12100139,692,27,665
12100140,1037,15,1022
12100141,917,52,865
12100142,506,31,475
12100143,513,14,499
12100144,605,28,577
12100145,386,31,355
12100146,505,14,491
12100147,478,18,460
12100148,792,28,764
12100149,648,561,87
12100150,185,174,11
12100151,654,17,637
12100152,723,13,710
12100153,703,54,649
12100154,464,13,451
12100155,518,41,477
12100156,1126,117,1009
12100157,524,9,515
12100158,372,14,358
12100159,524,13,511
12100160,463,34,429
12100161,570,13,557
12100162,421,35,386
12100163,477,16,461
12100164,426,34,392
12100165,468,2,466
12100166,358,21,337
12100167,490,21,469
12100168,509,57,452
12100169,358,13,345
12100170,346,3,343
12110052,467,18,449
12110053,514,6,508
12110054,411,12,399
12110055,402,17,385
12110056,357,10,347
12110057,578,19,559
12110058,427,0,427
12110059,491,5,486
12110060,454,7,447
12110061,372,1,371
12110062,402,14,388
12110063,395,11,384
12110064,501,0,501
12110065,530,40,490
12110066,429,15,414
12110067,388,3,385
12110068,373,23,350
12110069,414,4,410
12110070,397,5,392
12110071,384,22,362
12110072,346,20,326
12110073,392,18,374
12110074,92,0,92
12110075,364,2,362
12110076,380,11,369
12110077,445,27,418
12110078,393,21,372
12110079,399,1,398
12110080,497,5,492
12110081,405,8,397
12110082,331,22,309
12110083,438,36,402
12110084,347,15,332
12110085,326,4,322
12110086,319,10,309
12110087,390,20,370
12110088,381,3,378
12110089,492,1,491
12110090,439,29,410
12110091,631,63,568
12110092,430,4,426
12110093,455,5,450
12110094,417,25,392
12110095,453,7,446
12110096,429,13,416
12110097,487,13,474
12110098,336,19,317
12110099,403,14,389
12110100,426,3,423
12110101,369,7,362
12110102,406,43,363
12110103,446,33,413
12110104,461,24,437
12110105,371,50,321
12110106,903,9,894
12110107,459,38,421
12110108,269,19,250
12110109,336,34,302
12110110,523,17,506
12110111,679,16,663
12110112,458,12,446
12110113,611,0,611
12110114,511,0,511
12110115,492,4,488
12110116,512,18,494
12110117,531,11,520
12110118,364,4,360
12120063,356,25,331
12120064,357,39,318
12120065,408,13,395
12120066,324,11,313
12120067,0,0,0
12120068,426,31,395
12120069,720,13,707
12120070,0,0,0
12120071,573,21,552
12120072,643,31,612
12120073,556,33,523
12120074,681,34,647
12120075,496,26,470
12120076,492,17,475
12120077,487,18,469
12120078,269,0,269
12120079,428,16,412
12120080,393,0,393
12120081,637,50,587
12120082,431,16,415
12120083,504,24,480
12120084,464,3,461
12120085,444,4,440
12120086,585,46,539
12120087,428,44,384
12120088,476,4,472
12120089,403,5,398
12120090,570,28,542
12120091,397,0,397
12120092,437,38,399
12120093,345,15,330
12120094,320,4,316
12120095,361,6,355
12120096,400,15,385
12120097,440,11,429
12120098,611,17,594
12120099,412,0,412
12120100,620,23,597
12120101,459,6,453
12120102,463,7,456
12120103,427,41,386
12120104,467,5,462
12120105,449,11,438
12120106,384,36,348
12120107,644,27,617
12120108,500,1,499
12120109,483,11,472
12120110,615,16,599
12120111,361,14,347
12120112,368,5,363
12120113,526,68,458
12120114,385,36,349
12120115,481,28,453
12120116,429,4,425
12120117,438,19,419
12120118,370,6,364
12120119,598,9,589
12120120,334,13,321
12120121,504,464,40
12120122,636,13,623
12120123,437,4,433
12120124,391,35,356
12120125,405,16,389
12120126,364,51,313
12120127,422,3,419
12120128,392,3,389
12120129,378,13,365
12120130,407,19,388
12120131,285,7,278
12120132,394,2,392
12120133,484,29,455
12120134,613,25,588
12120135,471,37,434
12120136,494,4,490
12120137,750,24,726
12120138,547,23,524
12120139,411,10,401
12120140,376,33,343
12120141,484,10,474
12120142,253,6,247
12120143,493,20,473
12120144,577,33,544
12120145,623,7,616
12120146,633,18,615
12120147,521,3,518
12120148,506,12,494
12120149,417,6,411
12120150,319,6,313
12120151,478,9,469
12120152,458,30,428
12120153,435,4,431
12120154,408,9,399
12120155,428,5,423
12120156,331,0,331
12120157,637,5,632
12120158,407,0,407
12130021,363,0,363
12130022,336,27,309
12130023,345,45,300
12130024,425,36,389
12130025,255,0,255
12130026,321,10,311
12130027,316,46,270
12130028,547,27,520
12130029,511,26,485
12130030,482,17,465
12130031,540,10,530
12130032,495,22,473
12130033,441,39,402
12130034,571,34,537
12130035,440,43,397
12130036,664,44,620
12140039,269,61,208
12140040,507,145,362
12140041,364,121,243
12140042,360,80,280
12140043,327,36,291
12140044,447,72,375
12140045,444,109,335
12140046,419,41,378
12140047,38,18,20
12140048,205,198,7
12140049,445,35,410
12140050,159,154,5
12140051,580,25,555
12140052,450,8,442
12140053,554,15,539
12140054,586,33,553
12140055,0,0,0
12140056,849,59,790
12140057,479,11,468
12140058,248,8,240
12140059,307,9,298
12140060,433,10,423
12140061,336,10,326
12140062,434,5,429
12140063,372,10,362
12140064,470,20,450
12140065,1017,17,1000
12140066,552,31,521
12140067,617,36,581
12140068,1007,52,955
12140069,629,24,605
12140070,559,9,550
12140071,354,42,312
12140072,482,4,478
12140073,496,24,472
12140074,415,17,398
12140075,419,28,391
12140076,289,40,249
12140077,941,29,912
12140078,428,37,391
12140079,606,10,596
12140080,364,4,360
12150034,371,33,338
12150035,357,8,349
12150036,388,45,343
12150037,310,47,263
12150038,415,64,351
12150039,483,83,400
12150040,358,1,357
12150041,423,71,352
12150042,369,0,369
12150043,293,13,280
12150044,407,10,397
12150045,430,0,430
12150046,454,11,443
12150047,333,5,328
12150048,420,11,409
12150049,409,7,402
12150050,433,10,423
12150051,475,42,433
12150052,452,13,439
12150053,0,0,0
12150054,827,818,9
12150055,326,13,313
12150056,348,19,329
12150057,361,20,341
12150058,309,13,296
12150059,410,22,388
12150060,407,12,395
12150061,497,14,483
12150062,487,43,444
12150063,422,38,384
12150064,464,21,443
12150065,378,64,314
12150066,384,21,363
12150067,427,20,407
12150068,447,22,425
12150069,345,11,334
12150070,449,10,439
12150071,339,4,335
12150072,518,7,511
12150073,487,25,462
12160017,553,46,507
12160018,504,58,446
12160019,410,55,355
12160020,503,473,30
12160021,483,19,464
12160022,531,50,481
12160023,507,32,475
12160024,416,59,357
12160025,512,76,436
12160026,657,160,497
12160027,477,56,421
12160028,431,126,305
12160029,484,105,379
12160030,358,70,288
12160031,799,137,662
12160032,407,106,301
12160033,514,41,473
12170342,0,0,0
12170343,0,0,0
12170344,0,0,0
12170346,251,247,4
12170347,800,794,6
12170348,908,905,3
12170349,896,883,13
12170350,647,641,6
12170352,627,13,614
12170353,648,3,645
12170354,633,79,554
12170355,585,26,559
12170356,712,29,683
12170357,359,10,349
12170358,617,68,549
12170359,370,4,366
12170360,443,5,438
12170361,444,23,421
12170362,815,17,798
12170363,429,34,395
12170364,571,2,569
12170365,461,18,443
12170366,346,70,276
12170367,454,6,448
12170368,437,9,428
12170369,347,24,323
12170370,425,30,395
12170371,474,11,463
12170372,440,33,407
12170373,467,15,452
12170374,464,16,448
12170375,588,26,562
12170376,456,25,431
12170377,315,11,304
12170378,637,46,591
12170379,433,18,415
12170380,614,35,579
12170381,413,4,409
12170382,334,38,296
12170383,389,15,374
12170384,456,26,430
12170385,551,17,534
12170386,620,16,604
12170387,504,10,494
12170388,679,57,622
12170389,628,12,616
12170390,516,0,516
12170391,193,2,191
12170392,448,20,428
12170393,544,12,532
12170394,426,24,402
12170395,870,0,870
12170396,411,6,405
12170397,439,22,417
12170398,241,0,241
12170399,303,0,303
12170400,331,11,320
12170401,584,9,575
12170402,689,51,638
12170403,301,30,271
12170404,481,47,434
12170405,495,33,462
12170406,501,12,489
12170407,335,38,297
12170408,486,15,471
12170409,352,4,348
12170410,278,6,272
12170411,656,17,639
12170412,139,0,139
12170413,326,17,309
12170414,665,61,604
12170415,619,9,610
12170416,446,11,435
12170417,647,81,566
12170418,478,9,469
12170419,614,50,564
12170420,432,5,427
12170421,577,4,573
12170422,331,17,314
12170423,492,0,492
12170424,704,14,690
12170425,507,20,487
12170426,475,12,463
12170427,449,48,401
12170428,679,26,653
12170429,749,28,721
12170430,447,8,439
12170431,894,10,884
12170432,283,29,254
12170433,502,10,492
12170434,538,25,513
12170435,543,0,543
12170436,494,25,469
12170437,596,10,586
12170438,469,13,456
12170439,327,0,327
12170440,482,16,466
12170441,401,6,395
12170442,527,41,486
12170443,397,21,376
12170444,362,12,350
12170445,481,10,471
12170446,454,34,420
12170447,561,21,540
12170448,597,46,551
12170449,425,50,375
12170450,372,40,332
12170451,499,56,443
12170452,544,84,460
12170453,602,38,564
12170454,412,28,384
12170455,451,53,398
12170456,614,16,598
12170457,679,58,621
12170458,506,1,505
12170459,451,12,439
12170460,434,23,411
12170461,464,16,448
12170462,419,21,398
12170463,707,5,702
12170464,330,6,324
12170465,505,15,490
12170466,486,29,457
12170467,540,25,515
12170468,394,1,393
12170469,362,23,339
12170470,477,0,477
12170471,577,30,547
12170472,408,30,378
12170473,453,25,428
12170474,566,57,509
12170475,482,5,477
12170476,418,28,390
12170477,288,32,256
12170478,572,28,544
12170479,215,10,205
12170480,361,11,350
12170481,431,7,424
12170482,299,16,283
12170483,551,19,532
12170484,455,14,441
12170485,468,29,439
12170486,66,0,66
12170487,514,45,469
12170488,321,40,281
12170489,310,24,286
12170490,351,12,339
12170491,445,22,423
12170492,484,11,473
12170493,619,23,596
12170494,181,13,168
12170495,339,13,326
12170497,709,35,674
12170498,580,32,548
12170499,371,0,371
12170500,181,0,181
12170501,558,10,548
12170502,381,22,359
12170503,301,19,282
12170504,632,7,625
12170505,535,30,505
12170506,306,25,281
12170507,589,34,555
12170508,385,0,385
12170509,628,2,626
12170510,387,12,375
12170511,573,5,568
12170512,420,0,420
12170513,397,36,361
12170514,575,10,565
12170515,691,17,674
12170516,439,21,418
12170517,437,3,434
12170518,619,48,571
12170519,979,67,912
12170520,543,0,543
12170521,294,0,294
12170522,457,12,445
12170523,120,4,116
12170524,250,17,233
12170525,487,12,475
12170526,308,13,295
12170527,410,26,384
12170528,463,56,407
12170529,647,13,634
12170530,417,1,416
12170531,347,0,347
12170532,436,7,429
12170533,471,9,462
12170534,403,36,367
12170535,394,11,383
12170536,381,0,381
12170537,490,31,459
12170538,436,0,436
12170540,507,0,507
12170541,724,17,707
12170542,565,46,519
12170543,334,4,330
12170544,326,19,307
12170546,1035,966,69
12180020,391,55,336
12180021,401,15,386
12180022,403,6,397
12180023,340,18,322
12180024,391,33,358
12180025,387,25,362
12180026,716,61,655
12180027,520,10,510
12180028,460,17,443
12180029,422,19,403
12180030,268,2,266
12180031,516,1,515
12180032,452,14,438
12180033,500,482,18
12180034,0,0,0
12180035,302,0,302
13010010,451,24,427
13010011,518,0,518
13010012,368,31,337
13010013,1720,80,1640
13010014,524,0,524
13010015,344,4,340
13010016,674,7,667
13010017,416,0,416
13010018,644,5,639
13010019,613,12,601
13010020,541,4,537
13010021,515,13,502
13010022,383,25,358
13010023,591,4,587
13010024,316,0,316
13010025,449,4,445
13010026,573,3,570
13010027,433,44,389
13010028,859,5,854
13010029,440,9,431
13010030,187,2,185
13010031,501,11,490
13010032,281,12,269
13010033,514,6,508
13010034,404,8,396
13010035,414,4,410
13010036,503,39,464
13010037,428,4,424
13010038,23,18,5
13010039,510,9,501
13010040,302,26,276
13010041,327,27,300
13010042,285,9,276
13010043,373,6,367
13010044,408,10,398
13010045,745,4,741
13010046,448,29,419
13010047,473,44,429
13010048,350,11,339
13010050,443,29,414
13010051,462,1,461
13010052,499,58,441
13010053,508,10,498
13010054,455,27,428
13010055,546,39,507
13010056,515,30,485
13010057,554,2,552
13010059,431,12,419
13010060,745,37,708
13010063,368,12,356
13010064,1315,18,1297
13010065,328,25,303
13010066,377,10,367
13010067,472,4,468
13010068,287,0,287
13010069,384,17,367
13010070,398,13,385
13010071,338,8,330
13010072,344,14,330
13010073,323,27,296
13010074,393,0,393
13010075,316,14,302
13010076,483,14,469
13010077,488,0,488
13010078,361,25,336
13010079,338,2,336
13010080,544,6,538
13010081,744,2,742
13010082,442,8,434
13010083,483,11,472
13010084,447,1,446
13010085,535,12,523
13010087,706,9,697
13010088,511,0,511
13010089,743,4,739
13010090,522,38,484
13010091,1008,0,1008
13010092,780,9,771
13010093,433,2,431
13010094,794,2,792
13010095,1024,2,1022
13010096,435,0,435
13010097,551,18,533
13010098,667,20,647
13010099,811,6,805
13010103,254,0,254
13010104,330,23,307
13010105,575,14,561
13010106,377,18,359
13010107,437,21,416
13010108,278,11,267
13010109,435,52,383
13010110,560,36,524
13010111,691,1,690
13010112,477,0,477
13010113,441,16,425
13010114,374,0,374
13010115,464,10,454
13010116,638,24,614
13010117,472,39,433
13010118,571,0,571
13010119,310,5,305
13010120,588,19,569
13010121,421,25,396
13010122,361,9,352
13010123,456,23,433
13010124,268,12,256
13010125,341,5,336
13010126,501,25,476
13010127,677,9,668
13010128,258,13,245
13010129,585,10,575
13010130,820,3,817
13010133,1117,41,1076
13010134,1520,11,1509
13010135,835,14,821
13010136,529,6,523
13010137,668,0,668
13010138,545,0,545
13010139,729,17,712
13010140,820,5,815
13010141,887,30,857
13010143,350,0,350
13010144,612,1,611
13010146,109,4,105
13010147,536,5,531
13010148,473,13,460
13010149,507,0,507
13010150,246,5,241
13010151,428,2,426
13010152,485,0,485
13010153,508,18,490
13010154,750,10,740
13010155,548,8,540
13010156,281,12,269
13010157,642,14,628
13010158,902,13,889
13010159,746,9,737
13010160,475,25,450
13010161,711,25,686
13010162,625,50,575
13010163,634,26,608
13010164,610,5,605
13010165,653,41,612
13020051,67,6,61
13020052,511,14,497
13020053,411,8,403
13020054,541,5,536
13020055,511,29,482
13020056,866,19,847
13020057,550,8,542
13020058,424,2,422
13020059,482,35,447
13020060,437,4,433
13020061,543,43,500
13020062,291,7,284
13020063,374,7,367
13020064,430,12,418
13020065,420,19,401
13020066,386,24,362
13020067,307,7,300
13020068,518,13,505
13020069,326,6,320
13020070,367,5,362
13020071,391,3,388
13020072,544,14,530
13020073,0,0,0
13020074,561,45,516
13020075,364,0,364
13020076,381,2,379
13020077,384,0,384
13020078,668,7,661
13020079,587,3,584
13020080,450,23,427
13020081,528,6,522
13020082,560,7,553
13020083,354,12,342
13020084,530,6,524
13020085,407,23,384
13020086,349,8,341
13020087,518,29,489
13020088,502,0,502
13020089,462,4,458
13020090,387,17,370
13020091,403,28,375
13020092,550,5,545
13020093,481,15,466
13020094,472,15,457
13020095,454,6,448
13020096,395,22,373
13020097,417,22,395
13020098,489,17,472
13020099,324,6,318
13020100,690,17,673
13020101,789,42,747
13020102,142,0,142
13020103,447,24,423
13020104,214,18,196
13020105,282,4,278
13020106,605,26,579
13030044,616,38,578
13030045,522,14,508
13030046,463,11,452
13030047,339,17,322
13030048,511,3,508
13030049,788,45,743
13030050,404,43,361
13030051,802,12,790
13030052,296,14,282
13030053,539,5,534
13030054,412,15,397
13030055,2008,152,1856
13030056,589,39,550
13030057,457,12,445
13030058,737,15,722
13030059,997,116,881
13030060,558,11,547
13030061,621,32,589
13030062,684,21,663
13030063,431,18,413
13030064,417,16,401
13030065,595,25,570
13030066,445,16,429
13030067,425,22,403
13030068,417,23,394
13030069,447,35,412
13030070,393,38,355
13030071,463,14,449
13030072,296,10,286
13030073,456,19,437
13030074,156,12,144
13030075,65,0,65
13030076,280,241,39
13030077,392,25,367
13030078,483,20,463
13030079,568,30,538
13030080,838,71,767
13030081,93,2,91
13030082,528,38,490
13030083,440,30,410
13030084,675,52,623
13030085,453,15,438
13030086,585,41,544
13030087,428,2,426
13030088,656,18,638
13030089,598,40,558
13030090,444,0,444
13030091,370,13,357
13030092,393,1,392
13030093,752,21,731
13030094,779,25,754
13040035,449,26,423
13040036,353,0,353
13040038,361,0,361
13040040,481,12,469
13040041,330,9,321
13040042,523,16,507
13040043,196,5,191
13040044,534,6,528
13040045,553,4,549
13040046,623,10,613
13040047,302,7,295
13040048,267,9,258
13040049,406,0,406
13040050,280,6,274
13040051,368,5,363
13040052,539,22,517
13040053,346,0,346
13040054,365,6,359
13040055,371,4,367
13040056,415,9,406
13040057,409,5,404
13040058,315,11,304
13040059,267,4,263
13040060,327,1,326
13040062,428,20,408
13050084,576,9,567
13050085,483,0,483
13050086,472,14,458
13050087,475,20,455
13050088,445,0,445
13050089,577,5,572
13050090,476,2,474
13050091,589,3,586
13050092,574,22,552
13050093,417,26,391
13050094,367,15,352
13050095,473,35,438
13050096,542,3,539
13050097,579,10,569
13050098,482,27,455
13050099,482,26,456
13050100,496,8,488
13050101,557,3,554
13050102,352,8,344
13050103,599,0,599
13050104,426,4,422
13050105,529,3,526
13050106,457,0,457
13050107,667,9,658
13050108,480,40,440
13050109,392,0,392
13050110,597,7,590
13050111,735,11,724
13050112,423,6,417
13050113,338,9,329
13050114,510,8,502
13050115,564,23,541
13050116,556,13,543
13050117,470,8,462
13050118,608,23,585
13050119,687,5,682
13050120,685,7,678
13050121,352,0,352
13050122,587,11,576
13050123,483,14,469
13050124,617,33,584
13050125,430,5,425
13050126,467,16,451
13050127,533,12,521
13050128,470,7,463
13050129,646,8,638
13050130,604,20,584
13050132,532,0,532
13050133,552,0,552
13050134,558,5,553
13050135,398,9,389
13050136,377,6,371
13050137,404,4,400
13050138,371,0,371
13050139,480,2,478
13050140,386,4,382
13050141,477,20,457
13050142,217,0,217
13050143,525,6,519
13050144,346,3,343
13050145,358,0,358
13050146,312,0,312
13050147,331,0,331
13050148,393,58,335
13050149,1305,6,1299
13050150,428,13,415
13050151,502,1,501
13050152,430,0,430
13050153,286,12,274
13050155,415,2,413
13050156,422,22,400
13050157,1051,6,1045
13050158,447,6,441
13050159,1993,33,1960
13050160,448,0,448
13050163,582,1,581
13050164,523,22,501
13050166,402,0,402
13050167,434,5,429
13050168,387,0,387
13050169,503,0,503
13050170,495,7,488
13050173,242,0,242
13050174,590,0,590
13050175,580,32,548
13050176,271,2,269
13050177,825,4,821
13050178,526,0,526
13050179,391,0,391
13050180,406,3,403
13050181,1137,18,1119
13050182,350,16,334
13050183,687,16,671
13050184,492,8,484
13050185,614,5,609
13050186,413,7,406
13050187,411,22,389
13050188,253,22,231
13050189,597,5,592
13050190,489,14,475
13050191,561,9,552
13050192,579,0,579
13050193,512,20,492
13050194,430,23,407
13050195,573,9,564
13050196,560,0,560
13050197,581,48,533
13050198,511,7,504
13050199,500,3,497
13050200,328,1,327
13050201,525,0,525
13050202,440,35,405
13050203,792,12,780
13050204,654,0,654
13050205,513,13,500
13050206,373,7,366
13050207,544,0,544
13050208,317,3,314
13050209,243,10,233
13050210,482,0,482
13050211,390,20,370
13050212,490,0,490
13050213,572,24,548
13050214,552,2,550
13050215,944,35,909
13050217,710,2,708
13050218,1650,23,1627
13050221,515,0,515
13050223,456,1,455
13050224,443,0,443
13050226,617,3,614
13060001,479,0,479
13060002,364,39,325
13060003,543,2,541
13060004,1928,5,1923
13060005,333,7,326
13060006,476,34,442
13060007,1852,46,1806
13060008,535,15,520
13060009,685,17,668
13060010,469,3,466
13060011,469,12,457
13060012,421,10,411
13060013,445,8,437
13060014,769,24,745
13060017,505,44,461
13060018,434,22,412
13060019,578,20,558
13060020,549,17,532
13060021,391,10,381
13060022,221,0,221
13060023,427,18,409
13060024,400,21,379
13060025,530,30,500
13060026,357,16,341
13060027,999,19,980
13060028,1123,6,1117
13060029,1143,25,1118
13060030,548,27,521
13060031,444,18,426
13060032,424,0,424
13060052,540,3,537
13060053,658,7,651
13060054,598,32,566
13060055,702,24,678
13060056,431,14,417
13060057,442,18,424
13060058,475,14,461
13060059,391,6,385
13060060,490,13,477
13060061,286,13,273
13060062,391,7,384
13060063,323,8,315
13060064,337,1,336
13060065,217,0,217
13060066,5,0,5
13060067,409,12,397
13060068,515,25,490
13060069,471,3,468
13060070,491,25,466
13060071,567,9,558
13060072,862,1,861
13060073,424,13,411
13060074,441,0,441
13070033,682,25,657
13070034,2125,4,2121
13070035,1893,68,1825
13070036,849,13,836
13070037,491,35,456
13070038,196,1,195
13070039,2093,83,2010
13070040,403,31,372
13070041,427,0,427
13070042,466,18,448
13070043,436,0,436
13070044,601,12,589
13070045,969,18,951
13070046,501,0,501
13070047,551,4,547
13070048,491,91,400
13070049,656,14,642
13070050,431,12,419
13070051,807,36,771
13070052,476,2,474
13070053,448,12,436
13070054,509,11,498
13070055,637,40,597
13070056,435,23,412
13070057,645,35,610
13070058,374,18,356
13070059,1390,6,1384
13070060,361,15,346
13070061,360,0,360
13070062,402,15,387
13070063,665,6,659
13070064,543,4,539
13070065,640,5,635
13070066,1369,39,1330
13070067,589,21,568
13070068,503,1,502
13070069,379,25,354
13070070,437,15,422
13070071,409,21,388
13070072,579,13,566
13070073,509,0,509
13070074,478,7,471
13070075,503,18,485
13070076,703,39,664
13070077,510,21,489
13070078,479,42,437
13070079,481,14,467
13070080,569,6,563
13070081,494,35,459
13070082,369,41,328
13070083,373,4,369
13070084,394,25,369
13070085,362,17,345
13070088,435,2,433
13070089,433,40,393
13070090,428,3,425
13070092,459,8,451
13070093,417,1,416
13070094,521,26,495
13070095,610,29,581
13070096,1008,3,1005
13070097,475,16,459
13070098,439,46,393
13070099,819,8,811
13070100,1170,3,1167
13070101,393,1,392
13070102,555,14,541
13070105,370,8,362
13070106,485,8,477
13070107,380,7,373
13070109,365,13,352
13070110,662,40,622
13070111,902,0,902
13070113,2318,73,2245
13070114,520,4,516
13070115,693,15,678
13070116,669,8,661
13070117,575,28,547
13070118,543,26,517
13070119,323,4,319
13070120,443,0,443
13070121,541,6,535
13070122,456,14,442
13070123,288,7,281
13070124,488,12,476
13070125,436,8,428
13070126,483,0,483
13070127,407,6,401
13070128,625,28,597
13070129,454,23,431
13070130,341,17,324
13070131,426,8,418
13070132,757,4,753
13070133,405,15,390
13070134,406,14,392
13070135,361,18,343
13070136,359,30,329
13070137,491,10,481
13070138,413,13,400
13070139,460,3,457
13070140,530,4,526
13070141,514,4,510
13070142,442,4,438
13070143,548,9,539
13070146,1091,1,1090
13070147,254,16,238
13070175,1457,41,1416
13070176,1261,69,1192
13070177,338,10,328
13070180,888,11,877
13070181,2799,66,2733
13070182,3985,115,3870
13070183,383,4,379
13070184,979,27,952
13070186,2507,51,2456
13070187,700,7,693
13070188,1087,18,1069
13070225,782,11,771
13070226,1091,34,1057
13070227,1327,16,1311
13070228,318,6,312
13070229,780,3,777
13070230,502,2,500
13070231,727,6,721
13070232,518,14,504
13070233,622,15,607
13070234,748,13,735
13070235,1319,74,1245
13070236,622,24,598
13070238,439,33,406
13070239,1047,19,1028
13070240,531,20,511
13070241,872,5,867
13070242,732,9,723
13070246,611,11,600
13070248,635,12,623
13070249,870,5,865
13070250,736,18,718
13070251,487,15,472
13070252,952,20,932
13070253,690,0,690
13070254,665,51,614
13070255,585,10,575
13070256,1731,38,1693
13070257,702,29,673
13070258,503,0,503
13070259,667,5,662
13070260,524,2,522
13070261,1192,0,1192
13070262,580,10,570
13070263,608,32,576
13070264,649,5,644
13070265,597,27,570
13070266,616,3,613
13070267,645,18,627
13070268,510,16,494
13070269,479,20,459
13070270,436,5,431
13070271,586,15,571
13070272,614,5,609
13070273,507,10,497
13070274,547,4,543
13070275,530,11,519
13070276,590,30,560
13070277,1135,27,1108
13070278,969,71,898
13070279,434,12,422
13070280,643,12,631
13070281,537,34,503
13070282,506,6,500
13070283,778,40,738
13070284,143,9,134
13070285,517,3,514
13070286,538,57,481
13070287,749,57,692
13070288,465,38,427
13070289,404,1,403
13070290,294,13,281
13070291,39,24,15
13070292,72,9,63
13070293,411,3,408
13070294,570,5,565
13070295,666,0,666
13070296,912,27,885
13070297,561,6,555
13070298,420,14,406
13070299,544,0,544
13070300,715,3,712
13070301,520,16,504
13070302,505,20,485
13070303,627,14,613
13070304,500,19,481
13070305,513,24,489
13070306,442,17,425
13070307,391,30,361
13070308,644,17,627
13070309,457,30,427
13070310,597,11,586
13070311,382,0,382
13070312,574,0,574
13070313,595,3,592
13070314,704,14,690
13070315,634,30,604
13070316,414,0,414
13070317,549,9,540
13070318,576,13,563
13070319,811,25,786
13070321,536,20,516
13070322,2398,52,2346
13070323,1165,35,1130
13070324,797,0,797
13070325,3226,60,3166
13070326,1144,15,1129
13070327,619,6,613
13070328,598,36,562
13070329,1104,36,1068
13070330,194,6,188
13070331,840,50,790
13070332,782,4,778
13070333,409,6,403
13070334,927,23,904
13070335,501,7,494
13070336,363,10,353
13070338,733,29,704
13070339,920,35,885
13070340,679,8,671
13070342,2193,40,2153
13070343,0,0,0
13070344,793,20,773
13080067,310,52,258
13080068,364,72,292
13080069,463,56,407
13080070,370,47,323
13080071,449,130,319
13080072,406,11,395
13080073,593,126,467
13080074,431,51,380
13080075,460,46,414
13080076,415,61,354
13080077,356,76,280
13080078,444,7,437
13080079,355,82,273
13080080,542,47,495
13080081,729,717,12
13080082,710,687,23
13080083,532,515,17
13080084,481,18,463
13080085,0,0,0
13080086,408,35,373
13080087,434,103,331
13080088,381,27,354
13080089,417,22,395
13080090,507,74,433
13080091,324,56,268
13080092,352,17,335
13080093,13,12,1
13080094,331,17,314
13080095,421,4,417
13080096,452,3,449
13080097,403,10,393
13080098,521,15,506
13080099,597,4,593
13080100,430,0,430
13080101,99,83,16
13080102,485,24,461
13080103,484,42,442
13080104,329,19,310
13080105,320,33,287
13080106,592,30,562
13080108,455,4,451
13080109,390,39,351
13080110,481,41,440
13080111,414,23,391
13080112,362,8,354
13080113,488,79,409
13080114,154,148,6
13080116,561,0,561
13080119,395,0,395
13080121,681,35,646
13080122,532,9,523
13080123,434,11,423
13080124,377,15,362
13080129,538,0,538
13080130,368,47,321
13080131,721,22,699
13080132,408,10,398
13080133,410,4,406
13080137,840,27,813
13080139,211,15,196
13080146,692,8,684
13080147,486,15,471
13080148,441,19,422
13080149,373,12,361
13080150,677,10,667
13080151,757,24,733
13090106,1,1,0
13090107,6,6,0
13090108,0,0,0
13090109,4,4,0
13090110,489,30,459
13090111,413,19,394
13090112,346,16,330
13090113,455,18,437
13090114,676,626,50
13090115,510,494,16
13090117,532,59,473
13090118,593,24,569
13090121,447,23,424
13090122,504,10,494
13090123,277,6,271
13090124,285,15,270
13090125,462,51,411
13090126,903,29,874
13090127,435,44,391
13090128,440,32,408
13090129,748,78,670
13090130,416,28,388
13090131,445,30,415
13090132,368,4,364
13090133,366,18,348
13090134,304,14,290
13090135,612,29,583
13090136,619,9,610
13090137,430,20,410
13090138,376,15,361
13090139,384,9,375
13090140,703,14,689
13090141,585,32,553
13090142,481,19,462
13090143,413,14,399
13090144,418,18,400
13090145,389,41,348
13090146,818,22,796
13090147,363,23,340
13090148,354,5,349
13090149,428,32,396
13090150,252,12,240
13090151,398,7,391
13090152,320,5,315
13090153,400,6,394
13090154,528,19,509
13090155,432,42,390
13090156,427,7,420
13090157,416,48,368
13090158,403,9,394
13090159,530,22,508
13090160,378,8,370
13090161,390,35,355
13090162,546,10,536
13090163,363,4,359
13090164,399,27,372
13090165,369,8,361
13090166,441,50,391
13090167,481,81,400
13090168,395,27,368
13090169,399,0,399
13090170,47,41,6
13090174,0,0,0
13090175,0,0,0
13090176,0,0,0
13090177,0,0,0
13090178,0,0,0
13090179,0,0,0
13090180,0,0,0
13090181,0,0,0
13090182,0,0,0
13090183,0,0,0
13090184,0,0,0
13090185,0,0,0
13090186,0,0,0
13090187,0,0,0
13090188,0,0,0
13090189,258,233,25
13090190,421,18,403
13090191,672,17,655
13090192,329,15,314
13090193,390,34,356
13090194,54,43,11
13090195,372,26,346
13090196,599,106,493
13090197,542,438,104
13090198,296,5,291
13090199,562,7,555
13090200,581,17,564
13090201,434,4,430
13090202,343,0,343
13090203,327,8,319
13090204,399,6,393
13090205,595,19,576
13090206,456,5,451
13090207,265,40,225
13090208,404,13,391
13090209,441,47,394
13090210,420,23,397
13090211,650,18,632
13090212,496,12,484
13090213,589,48,541
13090214,453,32,421
13090215,377,47,330
13090216,321,73,248
13090217,363,74,289
13090218,439,9,430
13090219,341,0,341
13090220,456,4,452
13090221,440,12,428
13090222,513,12,501
13090322,250,0,250
13090324,459,0,459
13090326,440,2,438
13090327,507,38,469
13090334,327,7,320
13090336,290,35,255
13100162,391,32,359
13100163,393,42,351
13100164,605,20,585
13100165,644,28,616
13100166,1111,7,1104
13100167,731,85,646
13100168,786,21,765
13100169,842,3,839
13100170,1877,33,1844
13100171,638,6,632
13100172,514,50,464
13100173,431,0,431
13100174,497,48,449
13100175,493,28,465
13100176,492,25,467
13100177,0,0,0
13100178,527,20,507
13100179,0,0,0
13100180,1190,97,1093
13100181,703,44,659
13100182,738,645,93
13100183,588,29,559
13100184,516,12,504
13100185,409,3,406
13100186,563,17,546
13100187,469,36,433
13100188,479,3,476
13100189,470,22,448
13100190,443,5,438
13100191,797,53,744
13100192,687,44,643
13100193,502,6,496
13100194,444,16,428
13100195,1006,44,962
13100196,445,13,432
13100197,555,33,522
13100198,496,30,466
13100199,406,12,394
13100200,454,42,412
13100201,421,7,414
13100202,573,22,551
13100203,617,62,555
13100204,909,26,883
13100205,505,3,502
13100206,580,14,566
13100207,625,6,619
13100208,657,21,636
13100209,563,2,561
13100210,504,21,483
13100211,544,30,514
13100212,679,21,658
13100213,787,1,786
13100214,504,32,472
13100215,429,10,419
13100216,531,21,510
13100217,522,9,513
13100218,585,0,585
13100219,1364,39,1325
13100220,631,36,595
13100221,941,66,875
13100222,570,0,570
13100223,914,12,902
13100224,478,1,477
13100225,827,1,826
13100226,461,20,441
13100227,1307,62,1245
13100228,648,33,615
13100229,553,31,522
13100230,668,1,667
13100231,1031,8,1023
13100232,526,7,519
13100233,542,4,538
13100234,788,24,764
13100235,1104,11,1093
13100236,578,10,568
13100237,703,46,657
13100238,510,20,490
13100239,399,3,396
13100240,1326,59,1267
13100241,466,16,450
13100242,551,8,543
13100243,525,26,499
13100244,630,42,588
13100245,564,7,557
13100246,729,20,709
13100247,1792,18,1774
13100248,805,12,793
13100249,770,32,738
13100250,451,0,451
13100251,649,3,646
13100252,559,9,550
13100253,705,7,698
13100254,1523,69,1454
13100256,337,0,337
13100257,918,19,899
13100258,1333,38,1295
13100259,429,0,429
13100260,559,0,559
13100262,698,50,648
13100263,867,29,838
13100264,525,4,521
13100265,1119,10,1109
13100266,551,34,517
13100267,463,0,463
13100268,627,16,611
13100269,622,5,617
13100270,1005,37,968
13100271,750,12,738
13100272,690,12,678
13100273,362,3,359
13100274,602,9,593
13100275,432,10,422
13100276,556,16,540
13100277,100,0,100
13100278,374,7,367
13100279,352,28,324
13100280,418,9,409
13100281,520,18,502
13100282,353,17,336
13100283,236,7,229
13100284,164,0,164
13100285,491,4,487
13100286,509,1,508
13100287,523,59,464
13100288,424,49,375
13100289,550,15,535
13100290,284,5,279
13100291,525,24,501
13100292,761,1,760
13100293,729,1,728
13100294,723,50,673
13100295,774,0,774
13100296,1015,24,991
13100297,553,47,506
13100298,1368,50,1318
13100299,556,22,534
13100300,604,12,592
13100301,3620,106,3514
13100302,432,381,51
13100303,1094,64,1030
13100304,479,18,461
13100305,454,16,438
13100306,1275,14,1261
13100307,423,14,409
13100308,753,10,743
13100309,593,4,589
13100310,550,524,26
13100312,676,19,657
13100313,785,53,732
13100315,560,11,549
13100316,691,19,672
13100317,365,14,351
13100318,386,33,353
13100319,504,16,488
13100320,540,15,525
13100321,0,0,0
13100326,467,51,416
13100328,10,10,0
13100338,684,20,664
13100339,895,6,889
13100340,749,8,741
13100341,699,56,643
13110047,414,15,399
13110048,283,10,273
13110049,463,16,447
13110050,600,17,583
13110051,396,22,374
13110052,712,23,689
13110053,501,0,501
13110054,376,16,360
13110055,449,29,420
13110056,512,27,485
13110057,785,20,765
13110058,484,33,451
13110059,498,0,498
13110060,484,42,442
13110062,570,43,527
13110063,544,16,528
13110064,540,4,536
13110065,487,15,472
13110066,516,10,506
13110067,486,5,481
13110068,507,10,497
13110069,497,26,471
13110071,326,31,295
13110072,328,253,75
13110074,400,5,395
13110075,418,6,412
13110076,559,22,537
13110077,475,0,475
13110078,448,10,438
13110079,778,48,730
13110080,410,10,400
13110081,581,6,575
13110082,454,21,433
13110083,592,12,580
13110084,562,25,537
13110085,828,5,823
13110086,766,6,760
13110087,594,0,594
13110088,428,38,390
13110089,665,28,637
13110090,422,13,409
13110091,465,80,385
13110092,357,3,354
13110093,438,12,426
13110094,450,19,431
13110095,571,30,541
13110096,734,25,709
13110099,909,45,864
13110100,579,42,537
13120037,440,15,425
13120038,351,8,343
13120039,548,19,529
13120040,341,11,330
13120041,398,28,370
13120042,507,21,486
13120043,623,18,605
13120044,362,12,350
13120045,386,0,386
13120046,386,16,370
13120047,510,17,493
13120048,440,18,422
13120049,328,2,326
13120050,516,0,516
13120051,447,27,420
13120052,448,24,424
13120053,372,4,368
13120054,373,11,362
13120055,514,34,480
13120056,554,10,544
13120057,538,8,530
13120058,430,42,388
13120059,340,53,287
13120060,327,11,316
13120061,293,16,277
13120062,433,4,429
13120063,461,0,461
13120064,507,17,490
13120065,321,22,299
13120066,443,20,423
13120067,415,16,399
13120068,418,5,413
13120069,6,5,1
13120070,15,13,2
13120071,0,0,0
13120072,0,0,0
13120073,471,442,29
13120074,516,483,33
13120075,409,20,389
13120076,292,4,288
13120077,524,68,456
13120078,256,34,222
13120079,415,38,377
13120080,253,0,253
13120081,292,44,248
13120082,353,12,341
13120083,455,7,448
13130065,0,0,0
13130066,9,9,0
13130067,419,42,377
13130068,374,35,339
13130069,433,17,416
13130070,606,22,584
13130071,551,11,540
13130072,489,8,481
13130073,402,28,374
13130074,394,53,341
13130075,527,12,515
13130076,525,6,519
13130077,851,40,811
13130078,385,6,379
13130079,463,8,455
13130080,397,2,395
13130081,402,29,373
13130082,390,14,376
13130083,446,0,446
13130084,371,0,371
13130085,317,1,316
13130086,445,22,423
13130087,443,24,419
13130088,396,28,368
13130089,319,10,309
13130090,645,8,637
13130091,286,30,256
13130092,483,0,483
13130093,459,8,451
13130094,222,9,213
13130095,485,28,457
13130096,263,0,263
13130097,556,34,522
13130099,175,13,162
13130100,247,0,247
13130101,383,6,377
13130102,352,6,346
13130103,225,9,216
13130104,444,5,439
13130105,361,2,359
13130106,207,167,40
13130107,399,5,394
13130108,481,11,470
13130109,965,11,954
13130110,382,10,372
13130111,493,20,473
13130112,514,12,502
13130113,343,9,334
13130114,399,1,398
13130115,511,12,499
13130116,276,14,262
13130117,298,0,298
13130118,356,0,356
13130119,570,20,550
13130120,429,11,418
13130121,288,5,283
13130122,358,11,347
13130123,444,16,428
13130124,428,8,420
13130125,443,21,422
13130126,504,0,504
13130127,268,7,261
13130128,430,3,427
13130129,456,14,442
13130130,328,2,326
13130131,395,0,395
13130132,475,2,473
13130133,263,11,252
13130134,341,12,329
13130138,331,29,302
13130139,547,9,538
13130140,3,3,0
13130141,472,22,450
13130142,2,1,1
13130144,342,0,342
13130145,395,14,381
13130146,451,10,441
13140086,335,24,311
13140087,363,26,337
13140088,313,43,270
13140089,355,20,335
13140090,272,46,226
13140091,489,41,448
13140092,310,0,310
13140093,404,37,367
13140094,96,79,17
13140095,0,0,0
13140097,338,298,40
13140099,304,29,275
13140100,392,88,304
13140101,426,47,379
13140102,451,32,419
13140103,487,27,460
13140104,653,25,628
13140108,354,74,280
13140109,456,26,430
13140110,392,33,359
13140111,364,16,348
13140112,467,27,440
13140113,457,16,441
13140114,417,33,384
13140115,339,21,318
13140116,444,16,428
13140117,402,64,338
13140118,433,16,417
13140119,396,21,375
13140120,376,17,359
13140121,407,10,397
13140122,537,23,514
13140123,387,41,346
13140124,403,8,395
13140125,365,27,338
13140126,543,6,537
13140127,361,3,358
13140128,271,18,253
13140131,594,15,579
13140135,231,14,217
13140136,332,37,295
13140137,236,43,193
13140138,449,27,422
13140139,517,46,471
13140140,293,4,289
13140141,250,5,245
13140142,287,18,269
13140143,397,15,382
13140144,432,0,432
13140145,456,52,404
13140146,327,31,296
13140147,319,14,305
13140148,422,8,414
13140149,314,10,304
13140150,597,14,583
13140151,525,26,499
13140152,313,6,307
13140153,455,4,451
13140154,560,4,556
13140155,331,10,321
13140156,312,10,302
13140157,425,23,402
13140158,626,10,616
13140159,567,26,541
13140162,5,2,3
13140166,237,24,213
13140167,392,14,378
13140174,303,47,256
13140176,527,54,473
13140177,264,38,226
13140181,355,27,328
13140184,23,1,22
13140189,719,10,709
13140190,324,7,317
13140191,702,37,665
13140192,398,52,346
13150103,365,10,355
13150158,513,47,466
13150159,628,62,566
13150160,391,116,275
13150161,365,9,356
13150162,367,35,332
13150163,313,45,268
13150164,515,74,441
13150165,442,2,440
13150166,391,17,374
13150167,345,20,325
13150168,423,13,410
13150169,362,26,336
13150170,392,30,362
13150171,348,22,326
13150172,478,32,446
13150173,491,3,488
13150174,378,3,375
13150175,337,19,318
13150176,425,6,419
13150177,369,8,361
13150178,281,31,250
13150179,325,19,306
13150180,361,1,360
13150181,374,21,353
13150182,420,28,392
13150183,425,27,398
13150185,356,8,348
13150186,546,8,538
13150187,434,28,406
13150188,353,0,353
13150189,659,20,639
13150190,463,22,441
13150191,463,28,435
13150192,409,0,409
13150194,308,12,296
13150195,668,22,646
13150196,374,16,358
13150197,437,14,423
13150198,431,16,415
13150199,335,0,335
13150200,431,21,410
13150201,328,10,318
13150202,440,12,428
13150203,307,12,295
13150204,350,9,341
13150205,549,33,516
13150206,352,0,352
13150207,550,7,543
13150209,0,0,0
13150210,464,18,446
13150211,356,13,343
13150212,280,0,280
13150213,336,1,335
13150215,546,17,529
13150216,447,21,426
13150217,433,11,422
13150218,321,11,310
13150219,440,28,412
13150220,521,0,521
13150221,454,44,410
13150222,464,12,452
13150223,130,85,45
13150224,410,33,377
13150225,413,38,375
13150226,444,28,416
13150227,381,8,373
13150228,259,9,250
13150229,286,13,273
13150230,291,17,274
13150231,353,1,352
13150232,398,0,398
13150233,366,10,356
13150234,319,10,309
13150235,639,31,608
13150236,419,4,415
13150237,360,28,332
13150238,437,13,424
13150239,458,15,443
13150240,330,4,326
13150241,321,0,321
13150242,336,22,314
13150243,199,3,196
13150244,515,55,460
13150245,490,3,487
13150246,426,9,417
13150247,472,20,452
13150248,512,15,497
13150249,407,15,392
13150250,495,30,465
13150251,449,16,433
13150252,456,3,453
13150253,494,9,485
13150254,363,11,352
13150255,595,17,578
13150256,436,17,419
13150257,369,18,351
13150258,401,13,388
13150259,513,28,485
13150260,475,47,428
13150261,632,5,627
13150262,198,13,185
13150263,353,1,352
13150264,398,23,375
13150265,405,6,399
13150266,452,8,444
13150267,413,20,393
13150268,462,10,452
13150269,297,4,293
13150270,450,23,427
13150271,375,21,354
13150272,495,12,483
13150273,386,9,377
13150274,410,57,353
13150275,233,24,209
13150276,436,46,390
13150277,269,29,240
13150278,338,49,289
13150279,442,20,422
13150280,369,24,345
13150281,322,12,310
13150282,373,0,373
13150283,371,12,359
13150287,357,30,327
13150291,444,14,430
13150292,508,19,489
13150293,482,40,442
13150294,543,6,537
13150295,462,19,443
13150296,433,34,399
13150297,346,12,334
13150298,518,19,499
13150299,429,30,399
13150300,710,37,673
13150301,717,27,690
13150302,461,5,456
13150303,405,14,391
13150304,516,17,499
13150305,1083,32,1051
13150306,400,20,380
13150307,418,1,417
13150308,363,20,343
13150309,482,2,480
13150310,601,17,584
13150311,411,12,399
13150312,480,22,458
13150313,178,11,167
13150314,1393,20,1373
13150315,358,1,357
13150316,516,1,515
13150317,314,17,297
13150318,254,6,248
13150319,381,9,372
13150320,282,19,263
13150321,418,49,369
13150322,757,6,751
13150323,449,4,445
13150324,554,16,538
13150325,496,20,476
13150326,467,16,451
13150329,418,3,415
13150331,393,0,393
13150334,380,7,373
13150342,545,24,521
13150343,353,32,321
13150344,497,6,491
13150345,628,10,618
13150346,616,30,586
13150347,402,24,378
13150348,513,6,507
13150349,688,19,669
24010018,457,15,442
24010019,460,27,433
24010020,481,0,481
24010021,499,11,488
24010022,513,0,513
24010023,522,23,499
24010024,453,7,446
24010025,457,0,457
24010026,524,21,503
24010027,635,1,634
24010028,634,6,628
24010029,572,16,556
24010030,535,22,513
24010031,569,32,537
24010032,529,10,519
24010033,518,10,508
24010034,612,22,590
24010035,625,0,625
24010036,611,31,580
24010037,1135,79,1056
24010038,627,13,614
24020035,459,125,334
24020036,425,66,359
24020037,478,81,397
24020038,374,69,305
24020039,409,40,369
24020040,458,44,414
24020041,399,20,379
24020042,588,48,540
24020043,495,104,391
24020044,523,67,456
24020045,503,56,447
24020046,424,58,366
24020047,427,88,339
24020048,535,133,402
24020049,496,59,437
24020050,568,75,493
24020051,383,37,346
24020052,694,64,630
24020053,432,38,394
24020054,430,47,383
24020055,558,41,517
24020056,399,105,294
24020057,495,67,428
24020058,793,37,756
24020059,464,58,406
24020060,657,100,557
24020061,1010,66,944
24020062,468,37,431
24020063,419,47,372
24020064,413,64,349
24020065,485,86,399
24020066,429,61,368
24020067,372,16,356
24020068,0,0,0
24020069,409,74,335
24030034,263,2,261
24030035,396,20,376
24030036,171,10,161
24030037,507,56,451
24030038,507,16,491
24030039,0,0,0
24030040,336,30,306
24030041,293,0,293
24030042,0,0,0
24030043,317,68,249
24030044,973,173,800
24030045,941,143,798
24030046,336,65,271
24030047,509,27,482
24030048,486,24,462
24030049,1335,160,1175
24030050,432,41,391
24030051,887,230,657
24030052,631,91,540
24030053,575,69,506
24030054,508,61,447
24030055,773,122,651
24030056,512,45,467
24030057,545,71,474
24030058,330,11,319
24030059,461,50,411
24030060,446,11,435
24030061,576,66,510
24030062,923,101,822
24030063,711,57,654
24030064,758,18,740
24030065,503,24,479
24040028,285,2,283
24040029,384,27,357
24040030,345,0,345
24040031,373,6,367
24040032,150,11,139
24040033,132,1,131
24040034,266,5,261
24040035,246,0,246
24040036,177,16,161
24040037,641,30,611
24040038,453,26,427
24040039,369,9,360
24040040,486,10,476
24040041,554,32,522
24040042,634,1,633
24040043,366,3,363
24040044,474,30,444
24040045,459,23,436
24040046,354,8,346
24040047,458,0,458
24040048,397,10,387
24040049,398,36,362
24040050,296,1,295
24040051,467,22,445
24040052,332,19,313
24040053,410,14,396
24040054,405,13,392
24040055,377,13,364
24040056,369,20,349
24040057,0,0,0
24050035,41,21,20
24050036,694,30,664
24050037,442,39,403
24050038,604,29,575
24050039,476,30,446
24050040,671,37,634
24050041,471,27,444
24050042,604,57,547
24050043,365,11,354
24050044,337,44,293
24050045,485,59,426
24050046,437,71,366
24050047,481,20,461
24050048,428,61,367
24050049,393,27,366
24050050,415,9,406
24050051,472,121,351
24050052,422,64,358
24050053,442,61,381
24050054,547,46,501
24050055,332,75,257
24050056,375,43,332
24050057,276,19,257
24050058,556,21,535
24050059,518,22,496
24050060,465,6,459
24050061,462,5,457
24050062,488,26,462
24050063,467,65,402
24050064,524,25,499
24050065,435,49,386
24050066,613,86,527
24050067,542,31,511
24050068,555,58,497
24050069,405,48,357
24050070,724,118,606
24060034,698,656,42
24060035,527,21,506
24060036,453,12,441
24060037,364,31,333
24060038,545,13,532
24060039,599,94,505
24060040,530,37,493
24060041,685,28,657
24060042,400,13,387
24060043,790,35,755
24060044,342,17,325
24060045,434,0,434
24060046,456,16,440
24060047,535,10,525
24060048,480,11,469
24060049,370,23,347
24060050,351,25,326
24060051,477,34,443
24060052,546,8,538
24060053,452,29,423
24060054,336,324,12
24060055,727,704,23
24060056,508,18,490
24060057,433,37,396
24060058,0,0,0
24060061,173,5,168
24060062,634,48,586
24060063,162,2,160
24060064,467,20,447
24060065,291,19,272
24060066,341,24,317
24060067,162,7,155
24060068,0,0,0
24060069,30,29,1
24060071,449,434,15
24070049,5,0,5
24070050,2,0,2
24070051,155,16,139
24070052,428,78,350
24070053,441,30,411
24070054,363,23,340
24070055,377,14,363
24070056,537,62,475
24070057,404,9,395
24070058,506,3,503
24070059,328,10,318
24070060,553,7,546
24070061,719,32,687
24070062,361,6,355
24070063,578,11,567
24070064,362,8,354
24070065,427,5,422
24070066,452,10,442
24070067,441,9,432
24070068,418,15,403
24070069,548,14,534
24070070,473,9,464
24070071,606,15,591
24070072,476,20,456
24070073,384,15,369
24070074,5,0,5
24070075,348,1,347
24070076,654,39,615
24070077,250,0,250
24070078,452,1,451
24070079,325,6,319
24070080,545,15,530
24070081,382,6,376
24070082,340,0,340
24070083,0,0,0
24070084,321,25,296
24070085,388,2,386
24070086,501,21,480
24070087,350,19,331
24070088,5,0,5
24070089,0,0,0
24070090,215,0,215
24070091,369,4,365
24070092,19,0,19
24070093,422,14,408
24070094,404,9,395
24070095,265,10,255
24080043,451,2,449
24080044,497,12,485
24080045,383,11,372
24080046,156,0,156
24080047,507,10,497
24080048,516,25,491
24080049,519,3,516
24080050,425,8,417
24080051,477,2,475
24080052,505,19,486
24080053,438,14,424
24080054,433,33,400
24080055,455,9,446
24080056,479,4,475
24080057,399,6,393
24080058,381,0,381
24080059,321,10,311
24080060,456,8,448
24080061,721,4,717
24080062,474,10,464
24080063,339,16,323
24080064,470,0,470
24080065,413,7,406
24080066,410,5,405
24080067,388,12,376
24080068,444,4,440
24080069,422,0,422
24080070,506,4,502
24080071,484,20,464
24080072,462,15,447
24080073,409,26,383
24080074,417,13,404
24080075,496,6,490
24080076,433,3,430
24080077,392,12,380
24080078,477,8,469
24080079,534,29,505
24080080,0,0,0
24080081,428,18,410
24080082,240,18,222
24080083,394,3,391
24080084,516,12,504
24080085,515,1,514
24080086,584,6,578
24080087,519,0,519
24080088,429,11,418
24090035,558,5,553
24090036,247,16,231
24090037,510,28,482
24090038,468,7,461
24090039,387,11,376
24090040,368,9,359
24090041,530,13,517
24090042,211,7,204
24090043,355,9,346
24090044,4,0,4
24090045,502,32,470
24090046,467,12,455
24090047,764,14,750
24090048,482,13,469
24090049,463,34,429
24090050,474,46,428
24090051,424,26,398
24090052,411,28,383
24090053,435,13,422
24090054,412,13,399
24090055,401,0,401
24090056,497,3,494
24090057,502,0,502
24090058,223,4,219
24090059,512,19,493
24090060,461,0,461
24090061,435,10,425
24090062,469,5,464
24090063,550,11,539
24090064,614,6,608
24090065,496,0,496
24090066,238,17,221
24090067,429,34,395
24090068,278,27,251
24090069,510,21,489
24090070,448,29,419
24090071,0,0,0
24090072,5,0,5
24090073,455,12,443
24090074,427,0,427
24090075,450,8,442
24090076,508,25,483
24090077,487,14,473
24100074,646,15,631
24100075,624,3,621
24100076,631,23,608
24100077,650,20,630
24100078,568,12,556
24100079,1020,29,991
24100080,560,15,545
24100081,586,12,574
24100082,652,12,640
24100083,3608,79,3529
24100084,620,3,617
24100085,538,1,537
24100086,516,13,503
24100087,765,14,751
24100088,939,25,914
24100089,446,9,437
24100090,629,7,622
24100091,422,7,415
24100092,838,1,837
24100093,510,14,496
24100094,535,1,534
24100095,474,36,438
24100096,519,11,508
24100097,1518,0,1518
24100098,472,10,462
24100099,492,8,484
24100100,455,7,448
24100101,672,11,661
24100102,557,11,546
24100106,640,1,639
24100107,1098,14,1084
24100108,705,39,666
24100109,452,3,449
24100110,445,1,444
24100111,458,14,444
24100112,492,3,489
24100113,562,9,553
24100114,598,5,593
24100115,1054,22,1032
24100116,513,0,513
24100117,471,8,463
24100118,503,10,493
24100119,451,2,449
24100120,478,16,462
24100121,798,14,784
24100122,775,15,760
24100123,789,8,781
24100124,486,13,473
24100125,454,17,437
24100126,469,12,457
24100127,498,2,496
24100128,736,19,717
24100129,498,32,466
24100130,565,22,543
24100131,469,0,469
24100132,580,42,538
24100133,594,15,579
24100134,753,17,736
24100135,447,4,443
24100136,370,29,341
24100137,646,18,628
24100138,573,19,554
24100139,621,16,605
24100140,956,12,944
24100141,550,2,548
24100142,573,0,573
24100143,889,18,871
24100144,935,3,932
24100145,882,2,880
24100146,419,19,400
24100147,906,31,875
24100148,426,6,420
24100149,365,10,355
24100150,536,15,521
24100151,217,19,198
24100152,336,0,336
24100153,30,4,26
24100154,353,0,353
24100155,526,14,512
24100156,399,1,398
24100157,404,0,404
24100158,463,14,449
24100159,431,0,431
24100160,585,19,566
24100161,414,8,406
24100162,603,8,595
24100163,11,0,11
24100164,290,9,281
24100167,1394,14,1380
24100168,720,0,720
24110021,430,11,419
24110022,643,23,620
24110023,0,0,0
24110024,207,0,207
24110025,49,0,49
24110026,425,29,396
24110027,307,6,301
24110028,335,13,322
24110029,344,1,343
24110030,407,0,407
24110031,386,4,382
24110032,491,28,463
24110033,430,9,421
24110034,437,14,423
24110035,401,9,392
24110036,399,2,397
24110037,470,8,462
24110038,425,9,416
24110039,361,6,355
24110040,316,1,315
24110041,271,7,264
24110042,275,0,275
24110043,447,0,447
24120050,371,6,365
24120051,521,18,503
24120052,376,3,373
24120053,494,14,480
24120054,304,37,267
24120055,247,0,247
24120056,331,7,324
24120057,738,11,727
24120058,470,0,470
24120059,446,3,443
24120060,404,7,397
24120061,338,5,333
24120062,1090,2,1088
24120063,917,11,906
24120064,498,5,493
24120065,367,7,360
24120066,347,0,347
24120067,422,3,419
24120068,422,0,422
24120069,369,3,366
24120070,445,1,444
24120071,685,15,670
24120072,490,2,488
24120073,468,7,461
24120074,399,8,391
24120075,502,1,501
24120076,459,9,450
24120077,417,3,414
24120078,471,11,460
24120079,453,11,442
24120080,594,7,587
24120081,476,6,470
24120082,396,3,393
24120083,1549,36,1513
24120084,457,0,457
24120085,407,3,404
24120086,738,16,722
24120087,1144,3,1141
24120088,684,3,681
24120089,541,3,538
24120090,324,9,315
24120091,274,13,261
24120092,357,0,357
24120093,852,46,806
24120094,704,1,703
24120095,879,24,855
24120096,489,1,488
24120097,449,0,449
24120098,490,14,476
24120099,577,15,562
24120100,664,7,657
24120101,503,6,497
24120102,589,1,588
24120106,411,18,393
24120107,565,7,558
24120108,383,0,383
24120109,715,46,669
24120110,34,8,26
24120111,721,0,721
24120112,523,0,523
24120113,507,0,507
24120117,418,2,416
24120118,464,4,460
24120119,554,13,541
24130039,509,0,509
24130040,358,0,358
24130041,323,0,323
24130042,350,1,349
24130043,454,14,440
24130044,258,1,257
24130045,441,0,441
24130046,640,7,633
24130047,568,32,536
24130048,549,4,545
24130049,444,11,433
24130050,506,7,499
24130051,610,7,603
24130052,238,11,227
24130053,613,3,610
24130054,364,12,352
24130055,366,0,366
24130056,442,23,419
24130057,335,16,319
24130058,420,0,420
24130059,572,4,568
24130060,322,0,322
24130061,384,3,381
24130062,378,0,378
24130063,406,1,405
24130064,323,0,323
24130065,334,3,331
24130066,321,0,321
24130067,340,23,317
24130068,396,25,371
24130069,493,33,460
24130070,625,22,603
24130071,554,15,539
24130072,476,11,465
24130073,379,40,339
24130074,508,0,508
24130075,511,19,492
24130076,424,8,416
24130077,579,11,568
24130078,443,14,429
24130079,391,17,374
24130080,415,18,397
24130081,121,11,110
24130082,390,0,390
24140048,370,2,368
24140049,355,20,335
24140050,792,0,792
24140051,484,4,480
24140052,563,14,549
24140053,371,5,366
24140054,512,6,506
24140055,353,2,351
24140056,272,9,263
24140057,384,0,384
24140058,497,0,497
24140059,458,3,455
24140060,501,2,499
24140061,524,0,524
24140062,499,7,492
24140063,389,19,370
24140064,513,0,513
24140065,12,7,5
24140066,429,29,400
24140067,393,0,393
24140068,420,0,420
24140069,517,7,510
24140070,611,1,610
24140071,540,0,540
24140072,384,3,381
24140073,574,2,572
24140074,325,1,324
24140075,572,0,572
24140076,362,16,346
24140077,335,5,330
24140078,387,10,377
24140079,531,35,496
24140080,288,1,287
24140081,340,0,340
24140082,386,19,367
24140083,422,0,422
24140084,417,5,412
24140085,306,0,306
24140086,613,0,613
24140087,545,0,545
24140088,474,1,473
24140089,335,1,334
24140090,333,15,318
24140091,555,10,545
24140092,614,23,591
24140093,0,0,0
24140094,0,0,0
24150028,209,11,198
24150029,353,36,317
24150030,487,17,470
24150031,317,8,309
24150032,358,18,340
24150033,334,24,310
24150034,342,9,333
24150035,419,9,410
24150036,292,1,291
24150037,615,9,606
24150038,577,40,537
24150039,628,30,598
24150040,502,26,476
24150041,492,3,489
24150042,477,2,475
24150043,521,17,504
24150044,419,16,403
24150045,933,1,932
24150046,519,14,505
24150047,369,10,359
24150048,641,13,628
24150049,622,20,602
24150050,884,7,877
24150051,396,13,383
24150052,443,27,416
24150053,447,12,435
24150054,463,12,451
24150055,455,0,455
24150056,399,0,399
24150057,64,0,64
24150058,131,17,114
24150059,512,17,495
24150060,408,9,399
24150061,400,32,368
24160029,467,10,457
24160030,675,36,639
24160031,490,16,474
24160032,438,2,436
24160033,451,9,442
24160034,638,35,603
24160035,0,0,0
24160036,726,4,722
24160037,715,7,708
24160038,361,0,361
24160039,958,2,956
24160040,390,8,382
24160041,512,3,509
24160042,630,4,626
24160043,507,7,500
24160044,635,2,633
24160045,615,2,613
24160046,726,1,725
24160047,418,1,417
24160048,392,14,378
24160049,322,1,321
24160050,847,13,834
24160051,390,0,390
24160052,566,12,554
24170032,452,33,419
24170033,476,5,471
24170034,626,16,610
24170035,768,34,734
24170036,526,7,519
24170037,464,10,454
24170038,460,3,457
24170039,528,0,528
24170040,697,9,688
24170041,804,5,799
24170042,426,2,424
24170043,522,0,522
24170044,582,3,579
24170045,467,0,467
24170046,595,1,594
24170047,644,4,640
24170048,436,2,434
24170049,720,14,706
24170050,554,14,540
24170051,672,11,661
24170052,578,14,564
24170053,352,9,343
24170054,365,6,359
24170055,386,9,377
24170056,440,3,437
24170057,380,1,379
24170058,446,5,441
24170059,400,2,398
24170060,432,9,423
24170061,332,15,317
24170062,353,2,351
24170063,367,19,348
24170064,272,0,272
24170065,502,0,502
24170066,427,10,417
24180039,144,0,144
24180040,498,7,491
24180041,471,7,464
24180042,463,0,463
24180043,559,3,556
24180044,567,0,567
24180045,538,0,538
24180046,434,14,420
24180047,643,2,641
24180048,641,15,626
24180049,648,5,643
24180050,611,18,593
24180051,591,3,588
24180052,425,10,415
24180053,370,4,366
24180054,664,0,664
24180055,633,0,633
24180056,504,13,491
24180057,478,3,475
24180058,432,0,432
24180059,477,16,461
24180060,419,0,419
24180061,387,0,387
24180062,464,13,451
24180063,413,8,405
24180064,338,0,338
24180065,377,7,370
24180066,420,4,416
24180067,487,5,482
24180068,540,15,525
24180069,646,14,632
24180070,450,16,434
24180071,532,7,525
24180072,521,11,510
24180073,540,13,527
24180074,413,28,385
24180075,392,0,392
24180076,318,5,313
24180077,382,11,371
24180078,366,0,366
24180079,526,0,526
24180080,471,6,465
24180081,274,5,269
24180082,390,0,390
24180083,181,7,174
24180084,342,0,342
24180085,295,2,293
24180086,498,15,483
24190046,550,1,549
24190047,506,0,506
24190048,441,5,436
24190049,518,3,515
24190050,812,12,800
24190051,881,10,871
24190052,482,4,478
24190053,1010,3,1007
24190054,578,0,578
24190055,803,16,787
24190056,521,0,521
24190057,635,0,635
24190058,433,3,430
24190059,365,0,365
24190060,416,17,399
24190061,596,0,596
24190062,759,6,753
24190063,356,2,354
24190064,462,11,451
24190065,725,19,706
24190066,559,16,543
24190067,617,4,613
24190068,389,0,389
24190069,567,2,565
24190070,802,18,784
24190071,398,1,397
24190072,544,6,538
24190073,552,1,551
24190074,730,5,725
24190075,1212,2,1210
24190076,594,12,582
24190077,400,4,396
24190078,804,0,804
24190079,779,14,765
24190080,1139,2,1137
24190081,533,6,527
24190082,775,4,771
24190083,1884,16,1868
24190084,488,0,488
24190085,499,6,493
24190086,428,2,426
24190087,523,7,516
24190088,347,11,336
24190089,481,4,477
24190090,462,0,462
24190091,490,0,490
24190092,229,9,220
24190093,353,0,353
24190094,399,1,398
24190095,397,0,397
24190096,307,0,307
24190097,495,27,468
24190098,465,39,426
24190099,451,0,451
24190100,347,13,334
24190101,393,0,393
24190102,499,9,490
24190103,479,6,473
24190104,590,10,580
24190105,704,1,703
24190106,768,12,756
24190107,487,5,482
24190108,639,0,639
24200011,489,12,477
24200012,440,2,438
24200013,222,0,222
24200014,809,0,809
24200015,924,26,898
24200016,531,8,523
24200017,1028,2,1026
24200018,438,30,408
24200019,849,0,849
24200020,468,7,461
24200021,492,16,476
24210038,0,0,0
24210039,499,27,472
24210040,0,0,0
24210041,419,1,418
24210042,527,0,527
24210043,789,14,775
24210044,1020,82,938
24210045,750,4,746
24210046,770,9,761
24210047,691,5,686
24210048,981,9,972
24210049,603,1,602
24210050,514,12,502
24210051,629,19,610
24210052,488,5,483
24210053,441,11,430
24210054,454,4,450
24210055,5,0,5
24210056,623,12,611
24210057,372,1,371
24210058,649,0,649
24210059,651,4,647
24210060,456,6,450
24210061,1209,21,1188
24210062,468,0,468
24210063,552,1,551
24210064,356,11,345
24210065,624,0,624
24210066,465,6,459
24210067,380,0,380
24210068,860,0,860
24210069,373,6,367
24210070,443,14,429
24210071,774,4,770
24210072,747,1,746
24210073,524,14,510
24210074,1479,22,1457
24210075,1584,0,1584
24210076,1863,10,1853
24210077,442,5,437
24210078,352,10,342
24210079,342,9,333
24210080,1184,21,1163
24210081,614,3,611
24220036,0,0,0
24220037,584,17,567
24220038,1494,40,1454
24220039,1162,6,1156
24220040,744,24,720
24220041,650,5,645
24220042,963,3,960
24220043,664,3,661
24220044,772,19,753
24220045,1388,8,1380
24220046,624,10,614
24220047,2264,58,2206
24220048,962,9,953
24220049,836,0,836
24220050,690,14,676
24220051,1145,4,1141
24220052,460,0,460
24220053,447,2,445
24220055,531,3,528
24220056,425,3,422
24220057,1665,13,1652
24220058,0,0,0
24220059,555,4,551
24220060,595,14,581
24220061,1328,0,1328
24220062,2762,48,2714
24220063,323,1,322
24220064,1500,54,1446
24220065,977,21,956
24220066,755,11,744
24220067,512,17,495
24220068,2765,32,2733
24220069,263,0,263
24220070,1087,14,1073
24220071,1049,20,1029
24220072,992,14,978
24220073,894,3,891
24220074,679,3,676
24220075,540,1,539
24220076,513,2,511
24220077,1254,24,1230
24220078,2324,6,2318
24220079,1175,45,1130
24220080,1161,15,1146
24220081,646,23,623
24220082,413,8,405
24220083,533,81,452
24220084,434,10,424
24220085,476,0,476
24220086,63,1,62
24220087,1142,22,1120
24230001,838,0,838
24230002,732,9,723
24230003,481,16,465
24230004,776,12,764
24230005,1093,6,1087
24230006,555,2,553
24230007,1436,28,1408
24230008,540,4,536
24230009,383,2,381
24230010,481,7,474
24230011,419,4,415
24230012,541,2,539
24230013,571,2,569
24230014,483,2,481
24230015,494,5,489
24230016,334,1,333
24230017,387,2,385
24230018,305,2,303
24230019,395,0,395
24230020,570,3,567
24230021,468,0,468
24230022,445,4,441
24230023,657,10,647
24230024,479,8,471
24230025,629,4,625
24230026,335,0,335
24230027,4618,25,4593
24230028,1472,3,1469
24230029,913,22,891
24230030,505,0,505
24230031,608,7,601
24230032,442,6,436
24230033,873,22,851
24230034,390,6,384
24230035,442,18,424
24230036,538,7,531
24230037,576,9,567
24230038,565,13,552
24230039,375,14,361
24230040,528,0,528
24230041,516,8,508
24230042,513,9,504
24230043,584,7,577
24230044,710,0,710
24230045,298,13,285
24230046,421,3,418
24230047,443,15,428
24230048,501,0,501
24230049,316,0,316
24230050,457,0,457
24230051,482,0,482
24230052,551,2,549
24230053,881,0,881
24230054,318,0,318
24230055,381,0,381
24230056,310,0,310
24230057,287,0,287
24230058,617,0,617
24230059,495,11,484
24230060,652,19,633
24230061,405,4,401
24230062,325,3,322
24230063,327,8,319
24230064,438,3,435
24230065,1224,7,1217
24230066,354,7,347
24230067,1087,41,1046
24230068,547,5,542
24230069,598,8,590
24230070,418,14,404
24230071,485,1,484
24230072,365,4,361
24230073,455,0,455
24230074,438,4,434
24230075,377,3,374
24230076,2057,37,2020
24230077,759,5,754
24230078,633,14,619
24230079,431,0,431
24230080,561,0,561
24230081,575,2,573
24230082,380,0,380
24230083,417,14,403
24230084,427,8,419
24230085,440,0,440
24230086,455,6,449
24230087,588,1,587
24230088,853,0,853
24230089,675,10,665
24230090,858,11,847
24230091,463,1,462
24230092,555,6,549
24230093,569,9,560
24230094,590,0,590
24230095,576,20,556
24230096,528,1,527
24230097,437,0,437
24230098,320,4,316
24230099,335,3,332
24230100,1004,9,995
24230101,447,3,444
24230102,423,0,423
24230103,349,1,348
24230104,424,0,424
24230105,505,7,498
24230106,475,21,454
24230107,535,4,531
24230108,607,33,574
24230109,467,4,463
24230110,486,24,462
24230111,442,0,442
24230112,383,0,383
24230113,437,8,429
24230115,814,16,798
24230116,332,1,331
24230117,383,9,374
24230118,479,36,443
24230119,438,20,418
24230120,345,9,336
24230121,501,8,493
24230122,414,7,407
24230123,416,0,416
24230124,382,0,382
24230125,559,27,532
24230126,634,0,634
24230127,610,9,601
24230128,522,8,514
24230129,589,9,580
24230130,519,8,511
24230131,384,20,364
24230132,293,0,293
24230133,348,11,337
24230134,422,10,412
24230135,538,28,510
24230136,420,1,419
24230137,454,1,453
24230138,501,9,492
24230139,427,23,404
24230140,512,12,500
24230141,517,14,503
24230142,506,6,500
24230143,648,12,636
24230144,579,0,579
24230145,526,13,513
24230146,429,7,422
24230147,664,43,621
24230148,578,5,573
24230149,648,13,635
24230150,484,5,479
24230151,606,9,597
24230152,595,1,594
24230153,436,10,426
24230154,507,15,492
24230155,751,9,742
24230158,544,0,544
24230159,766,33,733
24230160,540,13,527
24230161,708,9,699
24230162,536,6,530
24230163,353,1,352
24230164,484,8,476
24230165,785,24,761
24230166,683,7,676
24230167,460,6,454
24230168,815,3,812
24230169,732,9,723
24230170,523,6,517
24230171,558,6,552
24230172,491,10,481
24230173,856,1,855
24230174,509,9,500
24230175,549,1,548
24230176,568,25,543
24230177,790,17,773
24230178,504,0,504
24230179,647,10,637
24230180,503,9,494
24230181,506,5,501
24230182,775,1,774
24230183,622,10,612
24230185,449,5,444
24230188,380,3,377
24230189,437,4,433
24230190,608,6,602
24230191,779,20,759
24230192,589,0,589
24230193,539,0,539
24230194,443,4,439
24230195,360,3,357
24230196,493,5,488
24230197,434,3,431
24230198,514,4,510
24230199,531,4,527
24230200,415,5,410
24230201,465,1,464
24230202,471,9,462
24230203,438,16,422
24230204,897,0,897
24230206,1066,10,1056
24230208,516,0,516
24230209,547,8,539
24230210,456,2,454
24230211,405,0,405
24230212,1146,16,1130
24230215,987,20,967
24230216,570,0,570
24230217,668,7,661
24230218,514,8,506
24230219,642,0,642
24230220,534,0,534
24230221,337,14,323
24230222,297,3,294
24230223,506,0,506
24230224,561,4,557
24230225,477,1,476
24230226,482,17,465
24230227,635,2,633
24230228,453,0,453
24230229,532,1,531
24230230,424,1,423
24230231,546,6,540
24230232,443,3,440
24230233,635,3,632
24230234,277,8,269
24230235,449,1,448
24230236,297,1,296
24230237,467,0,467
24230238,351,0,351
24230239,574,7,567
24230240,627,5,622
24230241,341,5,336
24230242,466,9,457
24230243,388,6,382
24230246,1314,7,1307
24230247,201,1,200
24230248,794,18,776
24230249,688,0,688
24230250,1098,10,1088
24230251,649,17,632
24230252,482,2,480
24230253,617,18,599
24230254,554,0,554
24230255,412,6,406
24230259,679,7,672
24230260,650,6,644
24230261,431,0,431
24230262,620,1,619
24230263,834,0,834
24230264,741,12,729
24230265,317,0,317
24230266,445,12,433
24230267,537,11,526
24230270,642,1,641
24230271,403,0,403
24230272,410,0,410
24230273,914,9,905
24230274,444,0,444
24230275,915,8,907
24230276,378,1,377
24230277,869,5,864
24230278,594,16,578
24230279,472,2,470
24230280,519,0,519
24230281,495,12,483
24230282,606,15,591
24230283,540,8,532
24230284,482,5,477
24230285,567,3,564
24230286,423,11,412
24230287,515,18,497
24230288,397,0,397
24230289,682,27,655
24230290,529,8,521
24230291,627,5,622
24230292,690,13,677
24230293,468,25,443
24230294,434,7,427
24230295,390,9,381
24230296,629,0,629
24230297,743,2,741
24230298,351,5,346
24230299,525,8,517
24230300,458,5,453
24230301,433,10,423
24230302,508,6,502
24230303,424,8,416
24230304,424,5,419
24230305,579,6,573
24230306,517,12,505
24230310,548,8,540
24230311,623,7,616
24230312,646,11,635
24230313,373,5,368
24230314,428,0,428
24230315,454,0,454
24230316,426,7,419
24230317,499,12,487
24230318,507,3,504
24230319,495,11,484
24230320,630,9,621
24230321,460,9,451
24230322,329,0,329
24230323,483,35,448
24230324,369,12,357
24230325,691,4,687
24230326,462,16,446
24230327,500,4,496
24230328,595,12,583
24230329,652,6,646
24230330,602,1,601
24230331,508,36,472
24230335,503,14,489
24230336,466,2,464
24230337,665,12,653
24230338,366,0,366
24230339,460,16,444
24230340,342,0,342
24230341,454,8,446
24230342,367,5,362
24230343,564,7,557
24230344,484,5,479
24230345,498,4,494
24230346,415,0,415
24230347,384,11,373
24230348,470,7,463
24230349,482,11,471
24230350,724,24,700
24230351,352,7,345
24230352,760,4,756
24230353,448,6,442
24230354,1934,24,1910
24230355,1111,9,1102
24230356,449,1,448
24230357,565,0,565
24230358,615,1,614
24230359,619,1,618
24230360,783,4,779
24230361,455,6,449
24230362,480,5,475
24230363,590,5,585
24230364,314,10,304
24230365,387,1,386
24230366,997,22,975
24230367,411,6,405
24230368,420,17,403
24230369,419,0,419
24230371,882,11,871
24230372,295,5,290
24230374,375,0,375
24230375,344,0,344
24230376,563,0,563
24230377,528,8,520
24230378,604,4,600
24230379,440,11,429
24230380,393,0,393
24230381,1151,9,1142
24230382,802,16,786
24230383,701,3,698
24230385,332,7,325
24230386,1062,8,1054
24230387,503,16,487
24230388,1481,18,1463
24230389,439,9,430
24230390,642,8,634
24230391,369,11,358
24230392,395,0,395
24230393,380,1,379
24230394,367,8,359
24230395,521,7,514
24230396,485,19,466
24230397,483,3,480
24230398,402,17,385
24230399,392,1,391
24230400,376,1,375
24230401,1513,4,1509
24230402,634,14,620
24230403,986,13,973
24230404,452,1,451
24230405,449,0,449
24230406,3768,91,3677
24230407,869,4,865
24230408,267,5,262
24230409,366,11,355
24230410,784,13,771
24230411,1943,11,1932
24230412,557,4,553
24230413,578,0,578
24230414,461,0,461
24230415,1594,31,1563
24230416,799,20,779
24230417,710,23,687
24230418,671,12,659
24230419,798,4,794
24230420,1153,0,1153
24230421,402,0,402
24230430,686,51,635
24230431,1005,4,1001
24230432,764,30,734
24230433,520,16,504
24230434,467,0,467
24230435,410,0,410
24230438,493,6,487
24230440,1011,9,1002
24230471,514,0,514
24230472,397,5,392
24230473,382,15,367
24230474,340,5,335
24230475,424,0,424
24230476,466,0,466
24230477,769,17,752
24230478,270,1,269
24230479,455,0,455
24230480,592,8,584
24230481,559,0,559
24230482,390,0,390
24230483,381,8,373
24230484,578,2,576
24230485,519,1,518
24230486,348,0,348
24230488,518,11,507
24230489,1334,7,1327
24230490,390,0,390
24230491,556,4,552
24230492,438,14,424
24230493,438,2,436
24230494,384,2,382
24230495,541,0,541
24230496,394,1,393
24230497,376,4,372
24230498,546,3,543
24230499,388,0,388
24230500,364,2,362
24230501,880,22,858
24230502,465,9,456
24230503,557,17,540
24230506,847,2,845
24230507,604,0,604
24230508,320,8,312
24230509,296,2,294
24230510,311,16,295
24230511,366,0,366
24230512,536,12,524
24230513,475,12,463
24230533,680,0,680
24230539,581,3,578
24230540,241,0,241
24230541,981,21,960
24230542,876,15,861
24230544,411,0,411
24230545,598,0,598
24230546,1157,14,1143
24230548,660,0,660
24230550,374,0,374
24230552,341,8,333
24230553,719,0,719
24230554,305,7,298
24230555,263,11,252
24230556,395,3,392
24230557,602,8,594
24230558,296,13,283
24230559,641,8,633
24230561,298,1,297
24230562,426,5,421
24230563,839,0,839
24230564,1188,17,1171
24230566,421,3,418
24230567,490,4,486
24230568,763,1,762
24230569,1003,8,995
24230570,825,1,824
24230571,1391,7,1384
24230572,760,0,760
24230574,651,9,642
24230576,985,16,969
24230577,542,1,541
24230578,959,0,959
24230579,909,10,899
24230580,930,0,930
24230581,1213,11,1202
24230582,776,5,771
24230583,614,6,608
24230584,432,5,427
24230585,355,1,354
24230586,523,1,522
24230587,582,10,572
24230588,633,7,626
24230589,393,8,385
24230590,453,1,452
24230591,427,8,419
24230592,544,0,544
24230593,501,5,496
24230594,373,0,373
24230595,349,0,349
24230596,436,0,436
24230597,333,0,333
24230598,349,1,348
24230599,555,0,555
24230600,447,6,441
24230601,438,12,426
24230602,636,4,632
24230603,502,10,492
24230604,376,7,369
24230605,384,3,381
24230606,500,8,492
24230607,527,0,527
24230608,461,2,459
24230610,754,6,748
24230611,752,0,752
24230612,686,17,669
24230613,433,9,424
24230614,698,9,689
24230615,575,10,565
24230616,481,4,477
24230618,554,3,551
24230619,450,0,450
24230620,510,0,510
24230621,572,11,561
24230622,343,2,341
24230623,376,2,374
24230626,470,9,461
24230629,404,2,402
24230630,411,3,408
24230631,886,5,881
24230632,1678,0,1678
24230633,835,1,834
24230634,505,0,505
24230635,790,4,786
24230636,631,0,631
24230637,453,1,452
24230638,461,0,461
24230639,391,11,380
24230640,735,23,712
24230641,739,12,727
24230642,535,2,533
24230643,467,0,467
24230644,442,0,442
24230645,486,2,484
24230646,426,10,416
24230647,409,0,409
24230648,561,16,545
24230649,422,18,404
24230650,521,7,514
24230651,717,10,707
24230652,638,15,623
24230654,370,0,370
24230656,383,0,383
24230657,354,0,354
24230658,313,2,311
24230659,954,2,952
24230660,1479,44,1435
24230661,393,0,393
24230662,874,37,837
24230663,391,3,388
24230664,670,23,647
24230665,534,12,522
24230666,410,0,410
24230667,419,4,415
24230668,562,0,562
24230669,365,2,363
24230670,487,1,486
24230671,544,0,544
24230672,300,3,297
24230673,511,0,511
24230674,446,0,446
24230675,451,29,422
24230676,516,26,490
24230677,478,17,461
24230678,325,7,318
24230679,573,7,566
24230680,438,2,436
24230682,409,8,401
24230684,1555,0,1555
24230685,3394,36,3358
24230686,1866,16,1850
24230687,464,1,463
24230688,617,11,606
24230690,356,18,338
24230692,673,24,649
24230693,440,15,425
24230694,404,0,404
24230695,970,22,948
24230696,448,53,395
24230698,816,83,733
24230701,489,30,459
24230702,562,25,537
24230703,446,9,437
24230704,529,16,513
24230705,389,11,378
24230706,575,23,552
24230707,600,15,585
24230708,752,3,749
24230710,415,8,407
24230711,547,12,535
24230712,623,6,617
24230713,356,14,342
24230721,457,2,455
24230724,330,12,318
24230725,322,13,309
24230726,470,1,469
24230727,434,1,433
24230728,407,2,405
24230729,348,5,343
24230730,380,41,339
24230732,493,25,468
24230733,4995,46,4949
24230734,1974,32,1942
24230735,378,12,366
24230736,475,6,469
24230737,706,12,694
24230738,923,7,916
24230739,513,12,501
24230740,446,3,443
24230741,1439,6,1433
24230742,707,2,705
24230743,675,13,662
24230744,506,8,498
24230745,426,8,418
24230746,3858,29,3829
24230747,113,1,112
24230748,1541,6,1535
24230749,680,3,677
24230750,298,7,291
24230751,849,0,849
24230752,451,0,451
24230753,558,2,556
24230754,428,0,428
24230755,424,17,407
24230756,639,13,626
24230757,630,2,628
24230758,386,4,382
24230759,483,7,476
24230760,781,21,760
24230761,334,9,325
24230762,402,6,396
24230763,511,15,496
24230764,478,3,475
24230765,628,0,628
24230766,349,18,331
24230767,435,2,433
24230768,404,8,396
24230769,855,25,830
24230770,394,8,386
24230771,515,0,515
24230772,424,0,424
24230773,485,9,476
24230774,502,28,474
24230775,574,17,557
24230776,676,22,654
24230777,413,7,406
24230778,540,13,527
24230779,327,19,308
24230780,395,8,387
24230781,442,15,427
24230782,490,7,483
24230783,712,0,712
24230784,462,6,456
24230785,3623,30,3593
24230786,979,28,951
24230787,462,0,462
24230790,276,11,265
24230791,889,10,879
24230792,871,32,839
24230793,732,14,718
24230794,335,0,335
24230795,849,24,825
24230796,428,0,428
24230797,565,2,563
24230798,525,1,524
24230799,516,0,516
24230800,581,22,559
24230801,422,1,421
24230802,924,0,924
24230803,543,17,526
24230804,367,0,367
24230805,780,35,745
24230806,399,1,398
24230807,511,13,498
24230808,288,0,288
24230809,319,0,319
24230810,351,0,351
24230811,521,0,521
24230812,292,2,290
24230815,531,5,526
24230816,483,0,483
24230817,426,6,420
24230818,634,8,626
24230819,419,10,409
24230820,326,1,325
24230821,1391,6,1385
24230822,544,4,540
24230823,588,10,578
24230824,678,19,659
24230825,518,0,518
24230826,540,3,537
24230827,520,8,512
24230828,505,7,498
24230829,713,15,698
24230830,423,6,417
24230834,449,8,441
24230835,310,12,298
24230836,639,3,636
24230837,443,11,432
24230838,392,13,379
24230839,832,13,819
24230840,667,12,655
24230843,561,10,551
24230844,447,5,442
24230845,443,1,442
24230846,494,0,494
24230847,395,31,364
24230848,357,10,347
24230849,714,11,703
24230850,671,1,670
24230851,558,5,553
24230852,559,7,552
24230853,527,5,522
24230854,540,2,538
24230855,666,9,657
24230856,606,12,594
24230857,371,4,367
24230860,228,1,227
24230861,542,0,542
24230862,287,0,287
24230863,355,5,350
24230865,452,8,444
24230866,893,7,886
24230867,380,1,379
24230868,500,1,499
24230869,510,4,506
24230870,367,0,367
24230871,425,10,415
24230872,394,6,388
24230873,517,4,513
24230874,953,0,953
24230875,373,13,360
24230876,345,0,345
24230882,670,25,645
24230883,504,12,492
24230884,483,8,475
24230885,583,10,573
24230886,488,11,477
24230887,406,11,395
24230888,471,1,470
24230889,647,10,637
24230890,1332,5,1327
24230891,703,7,696
24230892,1629,9,1620
24230893,454,0,454
24230894,393,0,393
24230895,422,17,405
24230896,552,7,545
24230897,317,2,315
24230898,349,7,342
24230899,468,0,468
24230901,374,7,367
24230902,780,0,780
24230903,1321,14,1307
24230904,419,6,413
24230905,1030,14,1016
24230906,479,9,470
24230907,1091,37,1054
24230908,1203,25,1178
24230909,740,7,733
24230910,884,22,862
24230911,849,19,830
24230914,1187,184,1003
24230915,401,3,398
24230916,540,9,531
24230917,573,8,565
24230918,644,20,624
24230919,603,11,592
24230920,757,7,750
24230921,631,11,620
24230922,700,25,675
24230923,741,6,735
24230924,1558,38,1520
24230925,1093,29,1064
24230926,502,19,483
24230927,400,1,399
24230928,361,19,342
24230929,882,19,863
24230930,708,0,708
24230931,398,17,381
24230932,393,8,385
24230933,407,5,402
24230934,382,0,382
24230935,1356,38,1318
24230936,411,17,394
24230937,543,21,522
24230938,602,9,593
24230939,406,7,399
24230940,504,21,483
24230941,1473,46,1427
24230942,436,12,424
24230943,566,18,548
24230944,552,14,538
24230945,353,0,353
24230946,402,13,389
24230947,677,3,674
24230948,389,8,381
24230949,378,1,377
24230950,524,0,524
24230951,436,0,436
24230952,380,12,368
24230953,625,2,623
24230954,383,5,378
24230955,523,1,522
24230956,457,0,457
24230957,462,9,453
24230958,570,13,557
24230959,462,34,428
24230960,477,0,477
24230961,2061,26,2035
24230962,888,11,877
24230963,969,30,939
24230964,415,13,402
24230965,416,1,415
24230966,886,6,880
24230967,777,29,748
24230968,557,22,535
24230969,684,3,681
24230970,1099,11,1088
24230971,451,11,440
24230972,450,0,450
24230973,434,5,429
24230974,479,3,476
24230975,736,9,727
24230976,410,0,410
24230977,614,22,592
24230978,780,45,735
24230979,3293,28,3265
24230980,712,11,701
24230981,539,9,530
24230982,504,3,501
24230983,349,7,342
24230984,407,14,393
24230985,685,12,673
24230986,466,6,460
24230987,411,8,403
24230988,1102,29,1073
24230989,678,9,669
24230990,365,3,362
24230991,397,9,388
24230992,1350,43,1307
24230993,948,13,935
24230994,362,16,346
24230995,535,14,521
24230996,1138,6,1132
24230997,418,29,389
24230998,526,1,525
24230999,286,0,286
24231000,723,10,713
24231001,794,18,776
24231002,248,7,241
24231003,899,2,897
24231004,715,9,706
24231005,568,42,526
24231006,705,15,690
24231007,718,12,706
24231008,495,11,484
24231009,932,42,890
24231010,657,0,657
24231011,1534,29,1505
24231012,805,3,802
24231013,655,9,646
24231014,766,10,756
24231015,453,11,442
24231016,411,7,404
24231017,302,12,290
24231018,299,11,288
24231019,645,0,645
24231020,483,0,483
24231021,199,1,198
24231022,1177,15,1162
24231023,439,9,430
24231024,551,17,534
24231025,384,13,371
24231026,394,29,365
24231027,499,0,499
24231028,361,6,355
24231029,603,4,599
24231030,711,4,707
24231031,572,27,545
24231032,574,10,564
24231034,827,2,825
24231035,0,0,0
24231036,61,0,61
24231037,568,10,558
24231038,457,0,457
24231039,540,0,540
24231040,491,2,489
24231041,690,0,690
24231042,472,9,463
24231043,472,0,472
24231044,692,16,676
24231045,541,7,534
24231046,553,0,553
24231059,308,0,308
24231060,1774,32,1742
24231061,648,0,648
24231062,314,1,313
24231063,427,9,418
24231064,468,15,453
24231065,399,0,399
24231066,536,11,525
24231067,442,10,432
24231068,627,0,627
24231069,883,29,854
24231070,822,3,819
24231071,548,0,548
24231072,533,3,530
24231073,596,0,596
24231074,641,0,641
24231075,324,0,324
24231076,293,0,293
24231077,576,8,568
24231078,698,3,695
24231079,831,0,831
24231080,1036,4,1032
24231081,957,5,952
24231082,406,3,403
24231084,332,0,332
24231086,982,14,968
24231090,888,41,847
24231091,378,11,367
24231093,796,0,796
24231095,974,1,973
24231096,589,1,588
24231097,391,11,380
24231099,288,2,286
24231100,604,0,604
24231101,430,9,421
24231102,647,5,642
24231103,1407,13,1394
24231104,2531,36,2495
24231106,618,36,582
24231107,469,20,449
24231108,567,11,556
24231110,474,13,461
24231111,501,7,494
24231112,40,0,40
24231113,0,0,0
24231114,568,6,562
24231115,0,0,0
24231116,1143,6,1137
24231117,1713,1293,420
24231118,15,15,0
24231119,440,304,136
24231120,0,0,0
24231121,851,2,849
24250003,464,12,452
24250004,684,12,672
24250005,818,21,797
24250006,448,16,432
24250007,590,0,590
24250008,444,0,444
24250009,548,1,547
24250010,985,1,984
24250011,422,8,414
24250012,261,0,261
24250013,724,9,715
24250016,1297,30,1267
24250017,1137,16,1121
24250018,447,4,443
24250019,647,0,647
24250022,328,21,307
24250023,620,2,618
24250024,375,8,367
24250025,388,12,376
24250026,491,1,490
24250027,543,2,541
24250028,435,5,430
24250029,442,13,429
24250032,1182,3,1179
24250033,505,9,496
24250035,488,0,488
24250036,392,2,390
24250037,384,0,384
24250039,426,0,426
24250040,339,3,336
24250041,331,3,328
24250042,791,0,791
24250043,541,9,532
24250044,377,4,373
24250045,469,0,469
24250046,721,22,699
24250047,323,8,315
24250048,853,7,846
24250055,685,2,683
24250056,709,18,691
24250057,425,0,425
24250059,1363,19,1344
24250060,368,6,362
24250061,573,16,557
24250063,324,0,324
24250064,562,0,562
24250065,771,0,771
24250066,375,10,365
24250067,426,0,426
24250068,486,5,481
24250069,799,16,783
24250070,402,0,402
24250071,485,13,472
24250073,370,14,356
24250074,595,2,593
24250075,1038,13,1025
24250076,408,0,408
24250078,697,0,697
24250079,1357,27,1330
24250080,294,11,283
24250082,616,6,610
24250086,1495,12,1483
24250087,367,13,354
24250088,493,6,487
24250089,292,0,292
24250090,391,14,377
24250091,424,6,418
24250092,323,0,323
24250093,470,5,465
24250094,1064,0,1064
24250095,585,2,583
24250096,776,2,774
24250097,205,2,203
24250098,485,16,469
24250099,667,0,667
24250100,392,9,383
24250101,767,0,767
24250102,492,5,487
24250103,395,1,394
24250105,555,0,555
24250106,434,15,419
24250107,1733,17,1716
24250108,372,2,370
24250109,566,15,551
24250110,471,0,471
24250111,410,1,409
24250112,584,0,584
24250113,520,2,518
24250114,379,39,340
24250115,451,5,446
24250116,421,0,421
24250117,749,0,749
24250122,404,7,397
24250123,437,21,416
24250124,443,0,443
24250126,364,2,362
24250127,296,0,296
24250128,544,2,542
24250181,1128,20,1108
24250182,2721,11,2710
24250183,757,1,756
24250184,652,19,633
24250185,548,0,548
24250186,1593,27,1566
24250187,830,13,817
24250188,332,0,332
24250189,289,6,283
24250190,626,9,617
24250191,474,1,473
24250192,376,4,372
24250193,485,4,481
24250194,493,0,493
24250195,479,0,479
24250196,433,6,427
24250197,407,0,407
24250198,366,6,360
24250199,425,0,425
24250200,423,1,422
24250201,632,0,632
24250202,482,2,480
24250203,317,5,312
24250204,598,21,577
24250205,465,14,451
24250206,554,0,554
24250207,699,2,697
24250208,983,8,975
24250209,507,0,507
24250210,508,5,503
24250211,380,0,380
24250212,781,20,761
24250213,447,1,446
24250214,401,5,396
24250215,502,0,502
24250216,445,1,444
24250217,466,3,463
24250218,445,2,443
24250219,418,1,417
24250220,546,3,543
24250221,428,8,420
24250222,447,1,446
24250223,370,5,365
24250224,665,1,664
24250225,558,7,551
24250226,785,23,762
24250227,435,6,429
24250228,434,5,429
24250229,503,0,503
24250230,418,0,418
24250231,537,1,536
24250232,424,9,415
24250233,379,1,378
24250234,386,0,386
24250235,455,23,432
24250236,958,2,956
24250237,435,7,428
24250238,694,11,683
24250239,389,0,389
24250240,648,16,632
24250241,770,3,767
24250242,343,0,343
24250243,316,5,311
24250244,764,22,742
24250245,464,4,460
24250246,697,4,693
24250247,480,0,480
24250248,496,7,489
24250249,486,0,486
24250250,596,4,592
24250252,1116,27,1089
24250253,509,4,505
24250254,497,0,497
24250255,549,0,549
24250256,438,13,425
24250257,355,2,353
24250258,485,2,483
24250259,494,0,494
24250260,486,6,480
24250261,677,11,666
24250262,560,2,558
24250263,389,2,387
24250264,464,7,457
24250265,628,7,621
24250266,462,1,461
24250267,534,5,529
24250268,961,10,951
24250269,653,0,653
24250270,512,0,512
24250271,643,5,638
24250272,983,0,983
24250273,1706,13,1693
24250274,682,15,667
24250275,448,28,420
24250276,733,16,717
24250277,1332,30,1302
24250278,434,23,411
24250279,485,9,476
24250280,435,4,431
24250281,636,4,632
24250282,380,3,377
24250283,479,0,479
24250284,510,0,510
24250285,395,11,384
24250286,1684,0,1684
24250287,431,1,430
24250288,2307,0,2307
24250289,350,14,336
24250290,461,0,461
24250291,320,10,310
24250292,335,0,335
24250293,371,0,371
24250294,1718,23,1695
24250295,457,0,457
24250296,777,3,774
24250297,523,2,521
24250298,1329,17,1312
24250299,315,2,313
24250300,583,3,580
24250301,855,1,854
24250302,840,13,827
24250303,946,1,945
24250304,584,16,568
24250305,407,0,407
24250306,550,1,549
24250307,677,20,657
24250308,856,3,853
24250309,412,0,412
24250310,426,11,415
24250311,2011,0,2011
24250312,2349,1,2348
24250313,790,4,786
24250314,388,5,383
24250315,612,6,606
24250316,1984,37,1947
24260033,646,1,645
24260034,570,27,543
24260035,633,10,623
24260036,1042,16,1026
24260037,1744,41,1703
24260038,825,4,821
24260039,775,23,752
24260040,1307,20,1287
24260041,618,19,599
24260042,756,13,743
24260043,890,12,878
24260044,566,7,559
24260045,760,0,760
24260046,671,0,671
24260047,1314,0,1314
24260048,536,11,525
24260049,601,4,597
24260050,651,0,651
24260051,786,1,785
24260052,937,1,936
24260053,792,9,783
24260054,437,2,435
24260055,584,2,582
24260056,732,4,728
24260057,767,9,758
24260058,982,1,981
24260059,768,14,754
24260060,518,15,503
24260061,453,9,444
24260062,590,2,588
24260063,599,2,597
24260064,2711,23,2688
24260065,971,25,946
24260066,890,1,889
24260067,756,11,745
24260068,787,21,766
24260069,1105,11,1094
24260070,427,0,427
24260071,458,9,449
24260072,353,1,352
24260073,583,12,571
24260074,405,3,402
24260075,473,3,470
24260076,706,13,693
24260077,610,11,599
24260078,648,22,626
24260079,593,21,572
24260080,503,0,503
24260081,572,0,572
24270029,451,19,432
24270030,393,15,378
24270031,508,2,506
24270032,547,0,547
24270033,482,7,475
24270034,528,0,528
24270035,522,0,522
24270036,511,6,505
24270037,526,1,525
24270038,466,10,456
24270039,481,0,481
24270040,608,12,596
24270041,445,10,435
24270042,507,8,499
24270043,417,7,410
24270044,667,6,661
24270045,477,0,477
24270046,434,0,434
24270047,570,12,558
24270048,552,5,547
24270049,394,0,394
24270050,547,0,547
24270051,493,5,488
24270052,409,3,406
24270053,467,20,447
24270054,523,2,521
24270055,536,1,535
24270056,288,0,288
24270057,417,5,412
24270058,477,28,449
24270059,422,15,407
24270060,513,0,513
24270061,665,9,656
24270062,452,14,438
24270063,863,2,861
24270064,700,24,676
24270065,423,0,423
24270066,381,0,381
24280030,622,4,618
24280031,345,12,333
24280032,346,0,346
24280033,430,0,430
24280034,459,14,445
24280035,463,0,463
24280036,427,0,427
24280037,481,0,481
24280038,389,0,389
24280039,366,7,359
24280040,388,9,379
24280041,336,11,325
24280042,436,10,426
24280043,431,1,430
24280044,589,7,582
24280045,527,2,525
24280046,427,0,427
24280047,348,8,340
24280048,406,3,403
24280049,422,2,420
24280050,484,2,482
24280051,437,9,428
24280052,369,0,369
24280053,371,7,364
24280054,474,5,469
24280055,370,0,370
24280056,419,4,415
24280057,472,0,472
24280058,429,4,425
24280059,552,0,552
24280060,334,1,333
24280061,273,3,270
24280062,396,7,389
24280063,413,0,413
24280064,456,0,456
24280065,423,8,415
24280066,654,0,654
24290063,566,12,554
24290064,899,26,873
24290065,725,44,681
24290066,692,2,690
24290067,503,20,483
24290068,1473,7,1466
24290069,458,0,458
24290070,628,27,601
24290071,461,0,461
24290072,1078,16,1062
24290073,486,7,479
24290074,539,0,539
24290075,393,0,393
24290076,403,0,403
24290077,492,0,492
24290078,439,26,413
24290079,450,2,448
24290080,433,0,433
24290081,423,1,422
24290082,598,0,598
24290083,646,0,646
24290084,1135,26,1109
24290085,1545,20,1525
24290086,1584,4,1580
24290087,417,12,405
24290088,871,8,863
24290089,1089,8,1081
24290090,701,39,662
24290091,1109,22,1087
24290092,304,0,304
24290093,469,22,447
24290094,497,10,487
24290095,428,8,420
24290096,510,6,504
24290097,367,8,359
24290098,445,4,441
24290099,471,1,470
24290100,624,11,613
24290101,476,18,458
24290102,544,9,535
24290103,969,1,968
24290104,605,0,605
24290105,1130,2,1128
24290106,700,15,685
24290107,495,8,487
24290108,477,3,474
24290109,568,8,560
24290110,507,14,493
24290111,569,9,560
24290112,151,0,151
24290113,473,9,464
24290114,395,0,395
24290115,436,28,408
24290116,439,0,439
24290117,578,2,576
24290118,528,6,522
24290119,525,8,517
24290120,551,13,538
24290121,497,23,474
24290122,416,13,403
24290123,545,2,543
24290124,493,15,478
24290125,443,0,443
24290126,527,2,525
24290127,554,18,536
24290128,526,8,518
24290129,777,34,743
24290130,412,1,411
24290131,670,8,662
24290132,537,0,537
24290133,858,5,853
24290134,570,0,570
24290135,550,0,550
24290136,369,7,362
24290137,768,19,749
24290138,660,6,654
24290139,404,0,404
24290140,1358,5,1353
24290141,508,0,508
24290142,701,44,657
24290143,707,13,694
24290144,380,0,380
24290145,530,0,530
24290146,508,8,500
24290147,95,1,94
24300040,0,0,0
24300041,573,0,573
24300042,436,22,414
24300043,612,9,603
24300044,736,25,711
24300045,439,16,423
24300046,574,39,535
24300047,431,0,431
24300048,418,0,418
24300049,504,8,496
24300050,362,2,360
24300051,1180,29,1151
24300052,345,0,345
24300053,441,8,433
24300054,424,0,424
24300055,329,7,322
24300056,211,6,205
24300057,380,18,362
24300058,368,7,361
24300059,408,0,408
24300060,477,32,445
24300061,751,8,743
24300062,640,22,618
24300063,732,23,709
24300064,519,13,506
24300065,348,6,342
24300066,314,10,304
24300067,183,9,174
24300068,365,23,342
24300069,957,58,899
24300070,707,28,679
24300071,422,1,421
24300072,631,10,621
24300073,530,16,514
24300074,702,5,697
24300075,333,4,329
24300076,334,9,325
24300077,473,2,471
24300078,448,1,447
24300079,366,4,362
24300080,656,21,635
24300081,481,1,480
24300082,430,8,422
24300083,495,27,468
24310067,357,4,353
24310068,322,0,322
24310069,351,12,339
24310070,439,0,439
24310071,557,0,557
24310072,507,3,504
24310073,377,11,366
24310074,499,5,494
24310075,632,7,625
24310076,572,5,567
24310077,843,22,821
24310078,177,0,177
24310079,383,3,380
24310080,721,0,721
24310081,374,1,373
24310082,382,3,379
24310083,471,2,469
24310084,378,2,376
24310085,417,10,407
24310086,294,10,284
24310087,457,9,448
24310088,459,0,459
24310089,454,8,446
24310090,468,2,466
24310091,489,4,485
24310092,496,18,478
24310093,465,0,465
24310094,566,0,566
24310095,508,0,508
24310096,604,3,601
24310097,521,1,520
24310098,585,0,585
24310099,649,3,646
24310100,616,8,608
24310101,326,6,320
24310102,434,2,432
24310103,428,0,428
24310104,347,7,340
24310105,418,2,416
24310106,429,1,428
24310107,456,0,456
24310108,368,9,359
24310109,510,6,504
24310110,437,2,435
24310111,765,11,754
24310112,535,0,535
24310113,436,0,436
24310114,475,0,475
24310115,421,18,403
24310116,452,0,452
24310117,401,0,401
24310120,547,17,530
24310121,186,33,153
24310122,261,1,260
24310123,372,19,353
24310124,461,23,438
24310125,401,21,380
24310126,421,5,416
24310127,379,5,374
24310128,538,16,522
24310129,585,0,585
24310130,450,0,450
24310131,447,5,442
24310132,407,0,407
24310133,477,5,472
24310134,469,5,464
24310135,485,6,479
24310136,648,0,648
24310137,570,0,570
24310138,511,14,497
24310139,575,3,572
24310140,318,32,286
24310141,706,1,705
24310142,419,7,412
24310143,413,3,410
24310144,555,5,550
24310145,528,5,523
24310146,509,0,509
24310147,415,19,396
24310148,396,13,383
24310149,454,2,452
24310150,397,24,373
24310151,470,4,466
24310152,442,9,433
24310153,768,35,733
24310154,584,0,584
24310156,333,0,333
24320035,426,0,426
24320036,587,36,551
24320037,536,0,536
24320038,447,21,426
24320039,428,1,427
24320040,432,0,432
24320041,651,0,651
24320042,489,9,480
24320043,501,1,500
24320044,401,3,398
24320045,438,0,438
24320046,578,0,578
24320047,447,12,435
24320048,463,0,463
24320049,528,19,509
24320050,517,5,512
24320051,453,0,453
24320052,407,7,400
24320053,412,0,412
24320054,585,1,584
24320055,491,14,477
24320056,457,20,437
24320057,652,15,637
24320058,684,1,683
24320059,457,9,448
24320060,609,18,591
24320061,522,0,522
24320062,546,2,544
24320063,653,7,646
24320064,597,0,597
24320065,686,0,686
24320066,471,0,471
24320067,934,0,934
24320068,1083,13,1070
24320069,438,3,435
24320070,610,26,584
24320071,535,5,530
24320072,422,12,410
24320073,401,3,398
24320074,454,1,453
24320075,773,33,740
24320076,543,2,541
24320077,382,4,378
24330041,892,8,884
24330042,531,0,531
24330043,728,26,702
24330044,668,7,661
24330045,746,46,700
24330046,1922,33,1889
24330047,511,6,505
24330048,449,5,444
24330049,385,27,358
24330050,480,0,480
24330051,772,0,772
24330052,443,8,435
24330053,453,16,437
24330054,329,13,316
24330055,523,10,513
24330056,498,8,490
24330057,556,1,555
24330058,490,18,472
24330059,461,5,456
24330060,420,7,413
24330061,558,10,548
24330062,609,2,607
24330063,1020,19,1001
24330064,1110,2,1108
24330065,1038,0,1038
24330066,392,4,388
24330067,578,1,577
24330068,507,9,498
24330069,956,16,940
24330070,1077,23,1054
24330071,547,14,533
24330072,1071,38,1033
24330073,432,16,416
24330074,712,0,712
24330075,541,10,531
24330076,495,3,492
24330077,535,4,531
24330078,477,0,477
24330079,496,0,496
24330080,547,6,541
24330081,508,15,493
24330082,436,0,436
24330083,477,9,468
24330084,469,4,465
24330085,389,1,388
24330086,300,1,299
24330087,411,14,397
24330088,377,12,365
24330089,627,7,620
24330090,418,30,388
24330091,491,0,491
24330092,714,0,714
24330093,567,8,559
24330094,375,7,368
24340074,36,0,36
24340075,8,0,8
24340076,478,7,471
24340077,516,9,507
24340078,576,16,560
24340079,567,5,562
24340080,588,13,575
24340081,519,2,517
24340082,491,0,491
24340083,663,3,660
24340084,494,22,472
24340085,460,0,460
24340086,689,16,673
24340087,844,2,842
24340088,773,16,757
24340089,543,11,532
24340090,512,6,506
24340091,428,8,420
24340092,470,11,459
24340093,493,6,487
24340094,470,17,453
24340095,921,6,915
24340096,1465,1,1464
24340097,785,1,784
24340098,484,12,472
24340099,568,11,557
24340100,361,5,356
24340101,569,0,569
24340102,602,18,584
24340103,736,11,725
24340104,589,3,586
24340105,557,0,557
24340106,1063,4,1059
24340107,498,0,498
24340108,552,1,551
24340109,333,0,333
24340110,516,4,512
24340111,2355,5,2350
24340112,513,0,513
24340113,768,2,766
24340114,641,10,631
24340115,483,0,483
24340116,466,8,458
24340117,718,19,699
24340118,582,20,562
24340119,392,0,392
24340120,485,8,477
24340121,611,16,595
24340122,527,1,526
24340123,1053,13,1040
24340124,1552,25,1527
24340125,592,30,562
24340126,501,16,485
24340127,494,4,490
24340128,535,0,535
24340129,486,2,484
24340130,736,13,723
24340131,843,11,832
24340132,567,9,558
24340133,681,1,680
24340134,512,11,501
24340135,636,1,635
24340136,585,14,571
24340137,672,4,668
24340138,501,11,490
24340139,510,1,509
24340140,627,1,626
24340141,463,50,413
24340142,614,3,611
24340143,296,0,296
24340144,444,6,438
24340145,418,3,415
24340146,427,6,421
24340147,423,2,421
24340148,382,3,379
24340149,487,15,472
24340150,678,3,675
24340151,501,4,497
24340152,556,12,544
24340153,432,10,422
24340154,379,5,374
24340155,510,6,504
24340156,291,1,290
24340157,386,0,386
24340158,489,0,489
24340159,513,11,502
24340160,668,5,663
24340161,698,0,698
24340162,511,17,494
24340163,0,0,0
24340164,558,11,547
24340165,0,0,0
24350026,5,0,5
24350027,387,14,373
24350028,469,0,469
24350029,438,0,438
24350030,338,5,333
24350031,434,11,423
24350032,476,3,473
24350033,439,0,439
24350034,441,0,441
24350035,534,9,525
24350036,600,22,578
24350037,385,8,377
24350038,288,0,288
24350039,431,8,423
24350040,519,18,501
24350041,515,9,506
24350042,386,2,384
24350043,304,5,299
24350044,391,0,391
24350045,387,9,378
24350046,507,2,505
24350047,489,13,476
24350048,333,0,333
24350049,519,0,519
24350050,427,2,425
24350051,442,16,426
24350052,434,1,433
24350053,478,10,468
24350054,441,23,418
24350055,5,2,3
24350056,0,0,0
24350057,2,0,2
24360079,1335,25,1310
24360080,576,4,572
24360081,1001,11,990
24360082,892,15,877
24360083,512,23,489
24360084,619,0,619
24360085,665,4,661
24360086,601,23,578
24360087,573,17,556
24360088,429,1,428
24360089,424,0,424
24360090,440,5,435
24360091,424,16,408
24360092,374,5,369
24360093,486,27,459
24360094,440,16,424
24360095,483,21,462
24360096,367,7,360
24360097,502,20,482
24360098,480,21,459
24360099,322,0,322
24360100,425,12,413
24360101,608,22,586
24360102,378,0,378
24360103,455,7,448
24360104,529,0,529
24360105,453,0,453
24360106,407,6,401
24360107,521,11,510
24360108,394,2,392
24360109,540,0,540
24360110,463,7,456
24360111,470,18,452
24360112,592,15,577
24360113,571,20,551
24360114,598,6,592
24360115,394,4,390
24360116,450,4,446
24360117,785,0,785
24360118,1444,8,1436
24360119,435,13,422
24360120,410,0,410
24360121,492,8,484
24360122,473,37,436
24360123,553,0,553
24360124,407,2,405
24360125,685,23,662
24360126,663,4,659
24360127,546,14,532
24360128,734,11,723
24360129,339,6,333
24360130,444,1,443
24360131,493,17,476
24360132,410,5,405
24360133,724,5,719
24360134,437,8,429
24360135,668,24,644
24360136,440,0,440
24360137,502,14,488
24360138,427,5,422
24360139,459,9,450
24360140,563,2,561
24360141,486,17,469
24360142,422,0,422
24360143,465,22,443
24360144,523,12,511
24360145,786,4,782
24360146,746,21,725
24360147,545,15,530
24360148,367,2,365
24360149,349,12,337
24360150,433,5,428
24360151,460,18,442
24360152,473,0,473
24360153,627,18,609
24360154,650,65,585
24360155,563,12,551
24360156,445,34,411
24360157,448,26,422
24360158,545,0,545
24360159,439,14,425
24360160,378,15,363
24360161,528,0,528
24360162,714,11,703
24360163,465,4,461
24360164,485,4,481
24360165,651,1,650
24370016,698,7,691
24370017,516,23,493
24370018,385,0,385
24370019,407,6,401
24370020,347,0,347
24370021,417,9,408
24370022,436,20,416
24370023,467,1,466
24370024,380,7,373
24370025,380,3,377
24370026,524,2,522
24370027,405,10,395
24370028,461,1,460
24370029,483,0,483
24370030,408,20,388
24370031,412,7,405
24370032,383,0,383
24370033,369,9,360
24370034,387,6,381
24370035,435,0,435
24370036,379,22,357
24370037,540,20,520
24370038,410,9,401
24370039,351,6,345
24370040,551,8,543
24370041,464,25,439
24370042,374,1,373
24370043,457,7,450
24370044,352,0,352
24370045,454,0,454
24370046,438,0,438
24370047,404,0,404
24370048,699,4,695
24370049,1032,15,1017
24370050,525,28,497
24370051,1926,5,1921
24370052,600,19,581
24370053,436,10,426
24370054,412,0,412
24370055,471,0,471
24370056,551,16,535
24370057,396,0,396
24370058,388,19,369
24370059,355,1,354
24370060,527,5,522
24370062,452,25,427
24370063,344,0,344
24370064,348,0,348
24370065,360,2,358
24370066,352,6,346
24370067,585,2,583
24370068,539,2,537
24370069,527,9,518
24370070,498,0,498
24370071,576,0,576
24370072,343,0,343
24370073,401,15,386
24370074,362,0,362
24370081,634,1,633
24370082,565,11,554
24370083,583,11,572
24370084,568,20,548
24370085,1351,27,1324
24370086,468,22,446
24370087,708,7,701
24370088,484,8,476
24370089,356,1,355
24370090,355,12,343
24370091,427,18,409
24370092,403,5,398
24370093,564,6,558
24370094,319,6,313
24370095,507,0,507
24370096,376,9,367
24370097,505,10,495
24370098,441,11,430
24370099,566,25,541
24370100,622,13,609
24370101,514,30,484
24370102,451,4,447
24370103,491,2,489
24370104,448,1,447
24370105,421,0,421
24370106,500,19,481
24370107,470,9,461
24370108,371,0,371
24370109,407,0,407
24370110,437,10,427
24370111,370,1,369
24370112,370,8,362
24370113,434,1,433
24370114,455,9,446
24370115,464,3,461
24370116,591,10,581
24370117,189,5,184
24370118,462,18,444
24370119,384,7,377
24370120,382,6,376
24370121,364,10,354
24370122,322,5,317
24370123,399,6,393
24370124,313,7,306
24370125,413,2,411
24370126,371,3,368
24370127,461,13,448
24370128,466,7,459
24370129,310,9,301
24370130,412,25,387
24370131,470,12,458
24370132,263,10,253
24370133,424,6,418
24370134,606,15,591
24370135,601,3,598
24370136,381,5,376
24370137,436,5,431
24370138,436,8,428
24370139,418,3,415
24370140,400,5,395
24370141,580,0,580
24370142,370,8,362
24370143,385,1,384
24370144,485,38,447
24370145,440,25,415
24370146,693,2,691
24370147,467,1,466
24370148,503,11,492
24370149,522,9,513
24370150,403,0,403
24370151,471,0,471
24370152,695,0,695
24370153,574,21,553
24370154,391,8,383
24370155,492,0,492
24370156,460,5,455
24370157,346,0,346
24370158,213,1,212
24370159,423,0,423
24370160,650,18,632
24370161,496,2,494
24370162,402,4,398
24370163,352,11,341
24370164,718,7,711
24370165,646,1,645
24370166,1264,2,1262
24370167,697,5,692
24370168,431,6,425
24370169,655,20,635
24370170,489,28,461
24370171,407,8,399
24370172,659,9,650
24370173,391,12,379
24370174,420,17,403
24370177,332,8,324
24370178,380,16,364
24370179,400,1,399
24370180,419,0,419
24370181,440,2,438
24370182,1214,10,1204
24370183,497,17,480
24370184,337,0,337
24370185,863,5,858
24370186,1121,21,1100
24370187,448,0,448
24370188,337,11,326
24370189,335,0,335
24370190,434,6,428
24370191,279,0,279
24370192,389,26,363
24370193,315,0,315
24370194,373,9,364
24370196,769,0,769
24370197,490,0,490
24370198,293,0,293
24370199,444,5,439
24370200,1261,13,1248
24370201,410,3,407
24370202,520,19,501
24370203,593,0,593
24370211,921,28,893
24370213,521,7,514
24370214,1279,9,1270
24370215,319,11,308
24370216,1283,23,1260
24370218,462,2,460
24370219,764,9,755
24370231,745,26,719
24370232,645,7,638
24370233,538,46,492
24370234,455,13,442
24370235,526,9,517
24370236,463,0,463
24370237,571,0,571
24370238,354,10,344
24370239,363,0,363
24370249,525,3,522
24370250,456,10,446
24370251,514,12,502
24370252,467,11,456
24370253,552,1,551
24370254,653,11,642
24370255,566,4,562
24370256,594,1,593
24370257,555,20,535
24370258,739,1,738
24370259,380,9,371
24370260,1613,31,1582
24370261,2444,24,2420
24370262,685,30,655
24370263,779,0,779
24370264,969,7,962
24370265,655,20,635
24370266,1226,9,1217
24370267,423,0,423
24370268,726,38,688
24370269,417,1,416
24370270,667,41,626
24370271,740,28,712
24370272,399,4,395
24370273,726,14,712
24370274,531,7,524
24370275,705,8,697
24370276,584,6,578
24370277,718,5,713
24370278,1052,21,1031
24370279,513,7,506
24370280,464,10,454
24370281,427,6,421
24370282,545,15,530
24370283,619,18,601
24370284,573,2,571
24370285,529,1,528
24370286,476,7,469
24370287,661,1,660
24370288,602,1,601
24370289,562,1,561
24370290,383,0,383
24370291,510,10,500
24370292,570,4,566
24370293,646,0,646
24370294,496,22,474
24370295,411,5,406
24370296,435,1,434
24370297,550,2,548
24370298,537,6,531
24370299,528,0,528
24370300,504,9,495
24370301,458,30,428
24370302,1062,3,1059
24370303,506,2,504
24370304,655,11,644
24370305,1636,6,1630
24370306,1263,8,1255
24370307,1171,13,1158
24370308,992,38,954
24370309,999,10,989
24370310,1028,7,1021
24370311,597,0,597
24370312,350,0,350
24370313,1073,11,1062
24370314,1275,2,1273
24370315,2668,42,2626
24370316,701,4,697
24370317,754,6,748
24370318,2644,25,2619
24370319,734,0,734
24380034,435,3,432
24380035,534,10,524
24380036,620,24,596
24380037,377,0,377
24380038,374,11,363
24380039,354,12,342
24380040,523,7,516
24380041,519,8,511
24380042,346,2,344
24380043,320,0,320
24380044,467,1,466
24380045,466,14,452
24380046,502,12,490
24380047,472,18,454
24380048,509,0,509
24380049,368,10,358
24380050,376,11,365
24380051,530,0,530
24380052,455,0,455
24380053,192,127,65
24380055,1352,4,1348
24380056,618,7,611
24380057,661,28,633
24380060,310,4,306
24380061,351,9,342
24380062,511,10,501
24380063,878,18,860
24380064,350,1,349
24380065,39,1,38
24380066,1001,28,973
24380067,302,6,296
24380068,371,1,370
24380069,424,4,420
24380070,449,11,438
24380071,377,0,377
24380072,347,1,346
24380073,306,2,304
24380074,439,0,439
24380075,408,0,408
24380076,0,0,0
24380077,464,1,463
24380079,1535,27,1508
24390086,528,25,503
24390087,473,0,473
24390088,373,8,365
24390089,467,10,457
24390090,533,0,533
24390091,3215,4,3211
24390093,503,7,496
24390094,749,5,744
24390095,465,0,465
24390096,410,0,410
24390097,553,0,553
24390098,323,0,323
24390099,406,5,401
24390100,394,0,394
24390101,388,7,381
24390102,315,5,310
24390103,442,7,435
24390104,426,9,417
24390105,389,7,382
24390106,406,0,406
24390107,356,0,356
24390108,529,4,525
24390109,877,21,856
24390110,360,5,355
24390111,428,0,428
24390112,447,0,447
24390113,519,19,500
24390114,375,0,375
24390115,374,8,366
24390116,441,17,424
24390117,418,7,411
24390118,482,1,481
24390119,453,0,453
24390120,417,1,416
24390121,606,4,602
24390122,243,11,232
24390123,471,3,468
24390124,195,6,189
24390125,407,14,393
24390126,543,15,528
24390127,569,11,558
24390128,376,4,372
24390129,522,3,519
24390130,1499,6,1493
24390131,1421,3,1418
24390132,1077,8,1069
24390133,546,0,546
24390134,616,0,616
24390135,480,9,471
24390136,444,5,439
24390137,381,11,370
24390138,474,9,465
24390139,551,8,543
24390140,523,1,522
24390141,704,0,704
24390142,419,13,406
24390143,425,22,403
24390144,340,3,337
24390145,745,3,742
24390146,1122,10,1112
24390147,882,12,870
24390148,357,5,352
24390149,704,0,704
24390150,915,0,915
24390151,662,0,662
24390152,661,2,659
24390153,684,0,684
24390154,652,4,648
24390155,480,6,474
24390156,434,2,432
24390157,525,3,522
24390158,724,3,721
24390159,357,6,351
24390160,365,9,356
24390161,391,4,387
24390162,373,5,368
24390163,394,0,394
24390164,377,11,366
24390165,488,2,486
24390166,385,5,380
24390167,353,7,346
24390168,349,0,349
24390169,614,0,614
24390170,457,4,453
24390171,450,8,442
24390172,571,4,567
24390173,471,10,461
24390174,366,1,365
24390175,419,12,407
24390176,538,7,531
24390177,530,13,517
24390178,452,0,452
24390179,413,7,406
24390180,420,2,418
24390181,587,0,587
24390182,484,33,451
24390183,409,2,407
24390184,421,8,413
24390185,386,4,382
24390186,538,4,534
24390187,318,7,311
24390188,443,0,443
24390189,393,4,389
24390190,415,23,392
24390191,407,13,394
24390192,581,2,579
24390193,464,12,452
24390194,351,7,344
24390195,559,0,559
24390196,480,8,472
24390197,506,20,486
24390198,569,25,544
24390199,751,1,750
24390200,386,7,379
24390201,589,0,589
24390202,439,5,434
24390203,458,13,445
24390204,483,13,470
24390205,453,1,452
24390206,455,4,451
24390207,379,0,379
24390208,407,3,404
24390209,311,2,309
24390210,435,2,433
24390211,410,3,407
24390212,405,2,403
24390213,417,0,417
24390214,260,25,235
24390215,519,5,514
24390216,290,11,279
24390217,457,6,451
24390218,535,9,526
24390219,410,12,398
24390220,397,14,383
24390221,1259,10,1249
24390222,260,1,259
24400023,558,7,551
24400024,524,38,486
24400025,391,5,386
24400026,413,1,412
24400027,618,4,614
24400028,414,0,414
24400029,457,4,453
24400030,529,13,516
24400031,504,7,497
24400032,533,0,533
24400033,512,0,512
24400034,763,32,731
24400035,453,4,449
24400036,523,39,484
24400037,532,0,532
24400038,379,4,375
24400039,363,3,360
24400040,500,2,498
24400041,461,10,451
24400042,430,32,398
24400043,379,0,379
24400044,382,8,374
24400045,351,3,348
24400046,422,7,415
24400047,359,19,340
24400048,531,4,527
24400049,466,10,456
24400050,466,3,463
24400051,561,0,561
24400052,233,0,233
24410037,419,0,419
24410038,761,2,759
24410039,490,0,490
24410040,424,0,424
24410041,445,28,417
24410042,514,0,514
24410043,696,11,685
24410044,584,9,575
24410045,516,19,497
24410046,582,5,577
24410047,428,7,421
24410048,502,7,495
24410049,506,4,502
24410050,609,0,609
24410051,624,3,621
24410052,476,7,469
24410053,382,22,360
24410054,418,12,406
24410055,713,17,696
24410056,522,18,504
24410057,697,10,687
24410058,514,9,505
24410059,514,3,511
24410060,330,0,330
24410061,354,12,342
24410062,704,37,667
24410063,272,24,248
24410064,762,19,743
24410065,168,9,159
24410066,452,42,410
24410067,429,0,429
24410068,604,33,571
24410069,707,0,707
24410070,606,5,601
24410071,532,4,528
24410072,575,3,572
24410073,599,18,581
24410074,783,9,774
24410075,954,0,954
24410076,952,23,929
24420040,378,7,371
24420041,609,0,609
24420042,482,1,481
24420043,393,0,393
24420044,419,14,405
24420045,438,7,431
24420046,425,0,425
24420047,474,0,474
24420048,424,0,424
24420049,616,5,611
24420050,333,0,333
24420051,403,16,387
24420052,467,4,463
24420053,136,11,125
24420054,592,1,591
24420055,582,6,576
24420056,448,10,438
24420057,402,1,401
24420058,381,1,380
24420059,315,2,313
24420060,382,5,377
24420061,539,3,536
24420062,580,9,571
24420063,397,0,397
24420064,625,10,615
24420065,614,16,598
24420066,584,0,584
24420067,846,0,846
24420068,779,0,779
24420069,808,27,781
24420070,1068,10,1058
24420071,778,27,751
24420072,480,1,479
24420073,679,1,678
24420074,432,3,429
24420075,673,5,668
24420076,490,0,490
24420077,446,7,439
24420078,457,8,449
24420080,421,2,419
24420081,387,9,378
24420082,416,3,413
24420083,354,1,353
24420084,503,5,498
24420085,536,1,535
24420086,620,4,616
24420087,516,5,511
24420088,488,3,485
24420090,648,14,634
24420091,531,0,531
24420092,469,28,441
24420093,654,1,653
24420094,443,3,440
24420095,606,13,593
24420096,832,26,806
24420097,528,0,528
24420099,639,6,633
24430011,578,0,578
24430012,689,8,681
24430013,655,8,647
24430014,540,10,530
24430015,453,3,450
24430016,445,10,435
24430017,353,0,353
24430018,420,1,419
24430019,399,3,396
24430020,281,2,279
24430021,418,6,412
24430022,813,6,807
24430023,611,21,590
24430024,1326,50,1276
24430025,812,5,807
24430026,713,6,707
24430027,705,0,705
24430028,218,11,207
24430029,368,12,356
24430030,303,3,300
24430031,559,12,547
24430032,414,6,408
24430033,453,8,445
24430034,586,2,584
24430035,493,1,492
24430036,552,6,546
24430037,323,8,315
24430038,365,13,352
24430039,582,5,577
24430040,332,3,329
24430041,415,6,409
24430042,550,0,550
24430043,686,14,672
24430044,367,12,355
24430045,387,10,377
24430046,139,0,139
24430047,368,2,366
24430048,452,4,448
24430049,429,9,420
24430050,434,9,425
24430051,571,3,568
24430052,391,15,376
24430053,425,0,425
24430054,693,1,692
24430055,544,8,536
24430057,533,0,533
24430058,349,12,337
24430059,423,2,421
24430060,489,3,486
24430061,411,8,403
24430064,877,19,858
24430066,1270,15,1255
24430067,838,2,836
24430069,863,9,854
24430070,651,1,650
24430071,597,8,589
24430072,1846,5,1841
24430073,742,9,733
24430074,628,13,615
24430075,925,0,925
24430077,471,0,471
24430078,521,1,520
24430079,413,0,413
24430080,396,0,396
24430081,735,18,717
24430082,408,3,405
24430083,372,10,362
24430084,843,4,839
24430085,408,0,408
24430086,529,11,518
24430087,462,0,462
24430088,434,20,414
24430089,1371,14,1357
24430091,665,9,656
24430092,300,5,295
24430094,473,1,472
24430119,583,13,570
24430120,481,5,476
24430121,658,10,648
24430122,530,9,521
24430123,458,4,454
24430124,445,7,438
24430125,403,11,392
24430126,435,5,430
24430127,470,1,469
24430128,579,1,578
24430129,548,1,547
24430130,466,4,462
24430131,355,4,351
24430132,470,5,465
24430133,426,6,420
24430134,318,1,317
24430135,414,1,413
24430136,611,1,610
24430137,784,15,769
24430138,359,8,351
24430139,518,23,495
24430147,549,4,545
24430148,456,23,433
24430149,489,0,489
24430150,916,4,912
24430151,480,12,468
24430152,547,13,534
24430153,465,1,464
24430154,491,16,475
24430155,674,9,665
24430156,499,0,499
24430157,938,15,923
24430158,444,2,442
24430159,393,13,380
24430160,494,27,467
24430161,621,7,614
24430162,567,3,564
24430163,410,0,410
24430164,406,15,391
24430165,519,3,516
24430166,424,17,407
24430167,788,15,773
24430168,375,6,369
24430169,1198,11,1187
24430172,713,8,705
24430173,460,5,455
24430174,1095,25,1070
24430175,379,1,378
24430176,383,0,383
24430177,368,5,363
24430178,495,11,484
24430179,576,14,562
24430180,581,14,567
24430207,463,0,463
24430217,431,0,431
24430218,573,3,570
24430220,774,1,773
24430221,694,8,686
24430222,1313,13,1300
24430223,575,1,574
24430224,546,3,543
24430225,1123,15,1108
24430226,738,0,738
24430227,790,3,787
24430228,552,12,540
24430229,1069,7,1062
24430230,679,23,656
24430231,472,9,463
24430232,619,8,611
24430233,583,0,583
24430234,1145,26,1119
24430235,509,7,502
24430236,565,0,565
24430237,624,6,618
24430238,608,20,588
24430239,514,6,508
24430240,716,16,700
24430241,497,6,491
24430242,617,5,612
24430243,1196,26,1170
24430244,1394,14,1380
24430245,942,1,941
24430246,2391,12,2379
24430247,735,7,728
24430248,565,3,562
24430249,580,10,570
24430250,628,0,628
24430251,434,4,430
24430252,699,8,691
24430253,478,10,468
24430254,467,1,466
24430255,645,4,641
24430256,1031,0,1031
24430257,543,2,541
24430258,494,3,491
24430259,502,1,501
24430260,763,0,763
24430261,572,28,544
24430262,555,5,550
24430263,629,10,619
24430264,688,5,683
24430265,580,2,578
24430266,830,35,795
24430267,1580,37,1543
24430268,511,0,511
24430269,578,3,575
24430270,606,3,603
24430271,492,0,492
24430272,617,12,605
24430273,586,3,583
24430274,546,9,537
24430275,843,17,826
24430276,470,0,470
24430277,535,10,525
24430278,1496,8,1488
24430279,337,1,336
24430280,802,22,780
24430281,551,2,549
24430282,539,14,525
24430283,959,4,955
24430284,707,2,705
24430285,772,10,762
24430286,492,1,491
24430287,468,12,456
24430288,2318,21,2297
24430289,518,4,514
24430290,533,12,521
24430291,838,3,835
24430292,722,23,699
24430293,563,2,561
24430294,551,1,550
24430295,1085,2,1083
24430296,893,11,882
24430297,490,2,488
24430298,446,6,440
24430299,438,1,437
24430300,485,4,481
24430301,2919,23,2896
24430302,1255,14,1241
24430303,1117,16,1101
24430304,733,2,731
24430305,492,11,481
24430306,1084,3,1081
24430307,761,13,748
24430308,748,0,748
24430309,818,4,814
24430310,541,7,534
24430311,1585,13,1572
24430312,642,30,612
24430314,858,7,851
24430315,1018,14,1004
24430317,935,19,916
24430318,666,0,666
24430319,836,7,829
24430322,40,10,30
24430323,1769,39,1730
24430324,1425,36,1389
24430325,754,29,725
24430326,867,3,864
24430327,379,10,369
24430328,444,1,443
24430329,672,3,669
24430330,69,30,39
24430331,1288,5,1283
24430332,858,24,834
24430333,732,0,732
24430334,2808,24,2784
24430335,274,7,267
24430336,272,0,272
24430338,2761,10,2751
24430339,808,0,808
24430340,467,9,458
24430342,292,2,290
24440031,427,2,425
24440032,566,38,528
24440033,654,26,628
24440034,694,4,690
24440035,679,0,679
24440036,543,20,523
24440037,686,1,685
24440038,513,0,513
24440039,443,11,432
24440040,622,25,597
24440041,458,14,444
24440042,481,25,456
24440043,515,6,509
24440044,419,5,414
24440045,436,10,426
24440046,668,0,668
24440047,553,0,553
24440048,539,27,512
24440049,572,12,560
24440050,487,16,471
24440051,649,2,647
24440052,289,10,279
24440053,567,0,567
24440054,522,7,515
24440055,513,18,495
24440056,509,15,494
24440057,404,0,404
24440058,573,25,548
24440059,616,0,616
24440060,282,18,264
24440061,705,0,705
24440062,689,6,683
24440063,268,1,267
24440064,96,1,95
24440065,484,23,461
24440066,522,10,512
24450076,1093,18,1075
24450077,1067,36,1031
24450078,1168,15,1153
24450079,1406,26,1380
24450080,725,16,709
24450081,654,0,654
24450082,612,19,593
24450083,540,0,540
24450084,456,8,448
24450085,524,1,523
24450086,387,11,376
24450087,348,8,340
24450088,357,0,357
24450089,483,3,480
24450090,302,6,296
24450091,283,10,273
24450092,500,2,498
24450093,482,0,482
24450094,594,0,594
24450095,440,15,425
24450096,627,5,622
24450097,593,1,592
24450098,882,0,882
24450099,421,5,416
24450100,394,10,384
24450101,413,0,413
24450102,437,8,429
24450103,444,12,432
24450104,740,2,738
24450105,1018,14,1004
24450106,881,21,860
24450107,576,9,567
24450108,997,21,976
24450109,629,31,598
24450110,589,5,584
24450111,673,8,665
24450112,456,17,439
24450113,598,15,583
24450114,628,7,621
24450115,1580,26,1554
24450116,657,12,645
24450118,680,16,664
24450119,1264,2,1262
24450120,749,7,742
24450121,1088,11,1077
24450122,1222,12,1210
24450123,468,5,463
24450124,201,0,201
24450125,420,9,411
24450126,552,35,517
24450127,623,5,618
24450128,504,10,494
24450129,786,0,786
24450130,562,10,552
24450131,496,0,496
24450132,503,1,502
24450133,929,19,910
24450134,680,27,653
24450135,582,9,573
24450136,641,15,626
24450137,655,7,648
24450138,432,4,428
24450139,690,16,674
24450140,974,8,966
24450141,565,9,556
24450142,0,0,0
24450143,477,7,470
24450144,624,9,615
24450145,742,0,742
24450146,596,12,584
24450147,545,15,530
24450148,624,3,621
24450149,479,30,449
24450150,459,1,458
24450151,465,2,463
24450152,588,35,553
24450153,653,27,626
24450154,655,1,654
24450155,800,20,780
24460071,437,15,422
24460072,450,16,434
24460073,480,22,458
24460074,497,7,490
24460075,569,0,569
24460076,503,11,492
24460077,420,0,420
24460078,623,0,623
24460079,306,0,306
24460080,520,0,520
24460081,490,8,482
24460082,451,1,450
24460083,557,52,505
24460084,763,3,760
24460085,518,2,516
24460086,484,6,478
24460087,438,9,429
24460088,1326,16,1310
24460089,383,18,365
24460090,419,7,412
24460091,926,14,912
24460092,976,27,949
24460093,299,0,299
24460094,436,16,420
24460095,533,14,519
24460096,472,25,447
24460097,447,15,432
24460098,710,22,688
24460099,477,18,459
24460100,490,12,478
24460101,628,10,618
24460102,508,9,499
24460103,536,12,524
24460104,71,0,71
24460105,0,0,0
24460106,0,0,0
24460107,205,0,205
24460108,580,2,578
24460109,454,6,448
24460110,568,2,566
24460111,441,0,441
24460112,454,12,442
24460113,381,0,381
24460114,785,29,756
24460115,496,7,489
24460116,480,5,475
24460117,492,14,478
24460118,503,7,496
24460119,515,0,515
24460120,376,10,366
24460121,512,5,507
24460122,485,17,468
24460123,531,0,531
24460124,452,27,425
24460125,858,2,856
24460126,481,0,481
24460127,621,11,610
24460128,655,1,654
24460129,697,3,694
24460130,328,0,328
24460131,486,31,455
24460132,384,19,365
24460133,522,4,518
24460134,518,0,518
24460135,498,9,489
24460136,338,7,331
24460137,278,0,278
24460138,523,11,512
24460139,334,10,324
24460140,500,12,488
24460141,349,4,345
24460142,402,23,379
24460143,469,20,449
24460144,665,28,637
24460145,527,0,527
24460146,610,3,607
24460147,551,3,548
24460148,535,13,522
24460149,579,9,570
24460150,537,0,537
24460151,476,18,458
24460152,527,3,524
24460153,676,3,673
24460154,606,10,596
24460155,627,4,623
24460156,556,2,554
24460157,328,12,316
24460158,561,8,553
24460159,491,0,491
24460160,522,0,522
24460161,544,13,531
24460162,744,8,736
24460163,563,34,529
24460164,760,32,728
24460165,494,12,482
24460166,377,6,371
24460250,627,25,602
24460251,685,23,662
24460252,389,1,388
24460253,1018,7,1011
24460254,1216,1,1215
24460255,895,2,893
24460256,1796,7,1789
24460257,1863,10,1853
24460258,712,1,711
24460259,736,13,723
24470097,434,10,424
24470098,500,12,488
24470099,650,5,645
24470100,674,7,667
24470101,469,2,467
24470102,591,4,587
24470103,571,8,563
24470104,847,0,847
24470105,509,9,500
24470106,371,0,371
24470107,466,0,466
24470108,532,0,532
24470109,351,11,340
24470110,396,23,373
24470111,363,1,362
24470112,642,16,626
24470113,1002,6,996
24470114,504,7,497
24470115,1049,31,1018
24470116,735,0,735
24470117,1134,25,1109
24470118,504,6,498
24470119,711,7,704
24470120,590,13,577
24470121,705,0,705
24470122,769,3,766
24470123,517,22,495
24470124,672,1,671
24470125,2372,29,2343
24470126,746,10,736
24470127,930,0,930
24470128,1041,19,1022
24470129,699,3,696
24470130,707,12,695
24470131,1032,28,1004
24470132,498,1,497
24470133,429,2,427
24470134,460,1,459
24470135,470,7,463
24470136,554,9,545
24470137,395,16,379
24470138,438,6,432
24470139,509,6,503
24470140,425,6,419
24470141,414,0,414
24470142,413,6,407
24470143,465,18,447
24470144,516,2,514
24470145,525,12,513
24470146,458,3,455
24470147,525,10,515
24470148,486,1,485
24470149,493,4,489
24470150,455,0,455
24470151,419,0,419
24470152,447,10,437
24470153,621,3,618
24470154,411,0,411
24470155,419,0,419
24470156,422,0,422
24470157,1026,6,1020
24470158,353,8,345
24470159,434,6,428
24470160,414,0,414
24470161,427,3,424
24470162,429,3,426
24470163,36,13,23
24470164,619,10,609
24470165,574,0,574
24470166,464,4,460
24470167,364,0,364
24470168,446,1,445
24470169,440,17,423
24470170,295,9,286
24470171,683,25,658
24470172,510,7,503
24470173,494,2,492
24470174,284,0,284
24470175,313,6,307
24470176,606,7,599
24470177,648,3,645
24470178,476,8,468
24470179,140,0,140
24470180,2105,16,2089
24470181,919,9,910
24470182,1222,12,1210
24470183,500,8,492
24470184,497,19,478
24470185,853,23,830
24470186,394,0,394
24470187,419,0,419
24470188,628,0,628
24470189,808,12,796
24470190,1441,6,1435
24470191,953,27,926
24470192,701,1,700
24470193,287,0,287
24470194,462,11,451
24470195,857,15,842
24470196,423,7,416
24470197,540,9,531
24470198,465,1,464
24470199,465,7,458
24470200,441,7,434
24470201,430,15,415
24470202,449,1,448
24470203,441,1,440
24470204,378,5,373
24470205,469,3,466
24470206,464,10,454
24470207,500,6,494
24470208,616,0,616
24470209,685,23,662
24470210,466,16,450
24470211,433,17,416
24470212,447,5,442
24470213,551,12,539
24470214,766,10,756
24470215,459,6,453
24470216,618,1,617
24470217,527,0,527
24470218,523,11,512
24470219,485,1,484
24470220,1109,26,1083
24470221,634,2,632
24470222,458,3,455
24470223,437,0,437
24470224,510,7,503
24470225,371,0,371
24470226,504,2,502
24470227,409,5,404
24470228,565,0,565
24470229,480,4,476
24470230,489,2,487
24470231,480,6,474
24470232,481,5,476
24470233,519,16,503
24470234,414,1,413
24470235,493,10,483
24470236,671,12,659
24470237,620,8,612
24470238,784,0,784
24470239,489,0,489
24470240,431,0,431
24470241,509,0,509
24470242,666,1,665
24470243,459,19,440
24470244,526,11,515
24470245,475,5,470
24470246,755,6,749
24470247,445,0,445
24470248,507,11,496
24470249,463,3,460
24470260,560,16,544
24470261,482,0,482
24480024,401,11,390
24480025,497,1,496
24480026,469,6,463
24480027,415,19,396
24480028,480,12,468
24480029,471,0,471
24480030,647,42,605
24480031,431,24,407
24480032,493,27,466
24480033,503,4,499
24480034,460,3,457
24480035,391,0,391
24480036,514,3,511
24480037,452,6,446
24480038,768,3,765
24480039,474,0,474
24480040,393,4,389
24480041,656,18,638
24480042,323,8,315
24480043,493,12,481
24480044,581,6,575
24480045,426,1,425
24480046,581,12,569
24480047,431,14,417
24480048,413,9,404
24480049,466,13,453
24480050,548,30,518
24480051,735,4,731
24480052,323,1,322
24480053,519,5,514
24480054,535,2,533
24490132,697,9,688
24490133,791,8,783
24490134,982,8,974
24490135,440,1,439
24490136,429,10,419
24490137,474,7,467
24490138,384,5,379
24490139,468,0,468
24490140,414,1,413
24490141,466,0,466
24490142,420,3,417
24490143,349,1,348
24490144,502,0,502
24490145,397,8,389
24490146,389,0,389
24490147,510,8,502
24490148,475,6,469
24490149,377,13,364
24490150,1435,17,1418
24490151,696,1,695
24490152,321,7,314
24490153,418,3,415
24490154,396,13,383
24490155,323,0,323
24490156,369,2,367
24490157,414,0,414
24490158,931,0,931
24490159,483,0,483
24490160,475,8,467
24490161,305,12,293
24490162,450,3,447
24490163,1106,43,1063
24490164,473,0,473
24490165,413,13,400
24490166,427,0,427
24490167,433,0,433
24490168,457,0,457
24490169,433,1,432
24490170,403,0,403
24490171,476,0,476
24490172,440,9,431
24490173,424,0,424
24490174,376,1,375
24490175,549,7,542
24490176,722,19,703
24490177,555,1,554
24490178,418,0,418
24490179,486,0,486
24490180,430,11,419
24490181,553,3,550
24490182,374,9,365
24490183,562,9,553
24490184,416,5,411
24490185,531,0,531
24490186,1005,2,1003
24490187,791,1,790
24490188,857,25,832
24490189,508,0,508
24490190,534,21,513
24490191,967,28,939
24490192,578,7,571
24490193,420,10,410
24490194,435,57,378
24490195,479,6,473
24490196,577,0,577
24490197,468,10,458
24490198,614,13,601
24490199,536,3,533
24490200,448,0,448
24490201,503,15,488
24490202,694,8,686
24490203,1114,4,1110
24490204,646,2,644
24490205,502,1,501
24490206,715,3,712
24490207,902,11,891
24490208,349,9,340
24490209,4870,1,4869
24490210,454,12,442
24490211,1611,16,1595
24490212,467,1,466
24490213,416,2,414
24490214,823,21,802
24490215,529,29,500
24490216,793,0,793
24490217,524,8,516
24490218,605,16,589
24490219,455,0,455
24490220,506,4,502
24490221,487,15,472
24490222,499,4,495
24490223,537,5,532
24490224,447,2,445
24490225,486,0,486
24490226,472,16,456
24490227,476,9,467
24490228,366,4,362
24490229,578,0,578
24490230,397,3,394
24490231,558,10,548
24490232,534,21,513
24490233,470,20,450
24490234,409,4,405
24490235,457,12,445
24490236,605,10,595
24490237,635,0,635
24490238,629,25,604
24490239,860,9,851
24490240,204,1,203
24490241,619,1,618
24490242,469,6,463
24490243,458,2,456
24490244,410,1,409
24490245,772,21,751
24490246,816,15,801
24490247,461,0,461
24490248,492,3,489
24490249,507,0,507
24490250,1045,3,1042
24490251,410,12,398
24490252,485,0,485
24490253,464,0,464
24490254,518,4,514
24490255,622,7,615
24490256,1266,13,1253
24490257,495,10,485
24490258,472,2,470
24490259,743,2,741
24490260,163,0,163
24490261,371,3,368
24490262,434,0,434
24490263,334,2,332
24490264,416,8,408
24490265,512,17,495
24490266,735,16,719
24490267,263,0,263
24490268,397,0,397
24490269,383,0,383
24490270,586,0,586
24490271,898,0,898
24490272,396,16,380
24490273,557,7,550
24490274,369,6,363
24490275,464,14,450
24490276,395,2,393
24490277,470,0,470
24490278,424,11,413
24490279,465,8,457
24490280,478,0,478
24490281,366,0,366
24490282,426,11,415
24490283,424,4,420
24490284,457,4,453
24490285,376,10,366
24490286,470,4,466
24490287,444,5,439
24490288,432,7,425
24490289,326,10,316
24490290,438,1,437
24490291,339,5,334
24490292,551,6,545
24490293,441,1,440
24490294,386,4,382
24490295,414,1,413
24490296,340,4,336
24490297,454,7,447
24490298,1825,2,1823
24490299,184,0,184
24490300,531,0,531
24490301,429,2,427
24490302,422,7,415
24490303,524,17,507
24490304,423,7,416
24490305,420,13,407
24490306,474,5,469
24490307,481,17,464
24490308,689,17,672
24490309,391,7,384
24490310,587,1,586
24490311,520,0,520
24490312,535,4,531
24490313,407,11,396
24490314,672,16,656
24490315,535,1,534
24490316,513,7,506
24490317,391,0,391
24500048,427,0,427
24500049,489,12,477
24500050,444,1,443
24500051,311,5,306
24500052,592,6,586
24500053,401,4,397
24500054,983,28,955
24500055,697,37,660
24500056,434,10,424
24500057,467,4,463
24500058,458,1,457
24500059,405,0,405
24500060,352,0,352
24500061,298,46,252
24500062,524,0,524
24500063,307,6,301
24500064,436,0,436
24500065,548,10,538
24500066,325,10,315
24500067,307,2,305
24500068,381,0,381
24500069,263,11,252
24500070,418,24,394
24500071,0,0,0
24500072,397,8,389
24500073,368,7,361
24500074,450,319,131
24500075,482,13,469
24500076,424,19,405
24500077,604,8,596
24500078,0,0,0
24500079,0,0,0
24500080,427,20,407
24500081,440,3,437
24500082,475,11,464
24500083,0,0,0
24500084,509,0,509
24500085,493,2,491
24500086,476,0,476
24500087,617,9,608
24500088,505,4,501
24500089,673,0,673
24500090,535,8,527
24500091,414,15,399
24500092,473,19,454
24500093,431,1,430
24500094,429,14,415
24500095,627,1,626
24500096,543,0,543
24500097,565,0,565
24500098,792,0,792
24510043,740,5,735
24510044,615,8,607
24510045,515,7,508
24510047,658,8,650
24510048,510,15,495
24510049,441,4,437
24510050,603,13,590
24510051,294,8,286
24510052,631,1,630
24510053,677,0,677
24510054,727,23,704
24510055,551,0,551
24510056,838,5,833
24510057,479,14,465
24510058,984,17,967
24510060,884,1,883
24510061,705,5,700
24510062,931,0,931
24510063,887,18,869
24510064,880,4,876
24510065,388,5,383
24510066,568,0,568
24510067,518,3,515
24510068,641,27,614
24510069,557,18,539
24510070,519,62,457
24510071,518,5,513
24510072,430,7,423
24510073,364,2,362
24510074,559,12,547
24510075,816,12,804
24510076,478,6,472
24510077,495,10,485
24510078,527,2,525
24510079,644,26,618
24510080,463,22,441
24510081,613,0,613
24510082,635,2,633
24510083,661,11,650
24510084,581,0,581
24510085,542,5,537
24510086,520,10,510
24510087,485,21,464
24510088,428,6,422
24510089,427,16,411
24510090,431,17,414
24510091,551,14,537
24510092,466,1,465
24510093,472,5,467
24510094,435,22,413
24510095,570,4,566
24510096,472,3,469
24510098,686,42,644
24510099,824,5,819
24510101,698,4,694
24510102,460,2,458
24510103,1079,12,1067
24510105,716,4,712
24510106,633,15,618
24510108,803,16,787
24520058,528,14,514
24520059,522,0,522
24520060,487,1,486
24520061,559,9,550
24520062,513,18,495
24520063,500,14,486
24520064,467,13,454
24520065,401,0,401
24520066,498,0,498
24520067,566,14,552
24520068,321,14,307
24520069,972,13,959
24520070,211,2,209
24520071,607,1,606
24520072,396,9,387
24520073,609,5,604
24520074,663,4,659
24520075,548,0,548
24520076,445,0,445
24520077,475,1,474
24520078,466,0,466
24520079,590,34,556
24520080,435,2,433
24520081,477,4,473
24520082,455,22,433
24520083,465,19,446
24520084,514,0,514
24520085,637,0,637
24520086,852,8,844
24520087,591,0,591
24520088,878,12,866
24520089,458,0,458
24520090,487,2,485
24520091,530,6,524
24520092,352,0,352
24520093,525,0,525
24520094,914,2,912
24520095,716,12,704
24520096,966,21,945
24520097,651,10,641
24520098,487,2,485
24520099,502,44,458
24520100,601,3,598
24520101,795,0,795
24520102,601,0,601
24520103,475,3,472
24520104,930,31,899
24520105,565,10,555
24520106,505,0,505
24520107,902,15,887
24520108,874,19,855
24520109,722,34,688
24520110,840,35,805
24520111,492,25,467
24520112,1506,5,1501
24520113,586,18,568
24520114,858,31,827
24520115,1584,28,1556
24520116,816,28,788
24520117,960,25,935
24520118,811,6,805
24520119,622,7,615
24520120,580,17,563
24520121,664,0,664
24520122,518,10,508
24520123,258,2,256
24520124,668,10,658
24530063,660,4,656
24530064,664,16,648
24530065,750,5,745
24530066,705,0,705
24530067,557,0,557
24530068,612,0,612
24530069,668,3,665
24530070,694,5,689
24530071,660,23,637
24530072,592,20,572
24530073,434,0,434
24530074,661,9,652
24530075,689,22,667
24530076,566,0,566
24530077,478,0,478
24530078,415,9,406
24530079,530,4,526
24530080,395,9,386
24530081,506,4,502
24530082,1269,8,1261
24530083,507,13,494
24530084,801,1,800
24530085,707,0,707
24530086,597,0,597
24530087,780,43,737
24530088,522,34,488
24530089,492,2,490
24530090,892,12,880
24530091,826,19,807
24530092,666,9,657
24530093,495,3,492
24530094,413,0,413
24530095,808,7,801
24530096,469,4,465
24530097,551,14,537
24530098,573,6,567
24530099,492,29,463
24530100,457,1,456
24530101,651,0,651
24530102,553,7,546
24530103,924,1,923
24530104,911,44,867
24530105,524,0,524
24530106,481,20,461
24530107,594,10,584
24530108,553,7,546
24530109,485,15,470
24530110,632,19,613
24530111,482,12,470
24530112,845,8,837
24530113,581,16,565
24530114,400,5,395
24530115,535,31,504
24530116,469,5,464
24530117,456,6,450
24530118,522,11,511
24530119,429,7,422
24530120,535,3,532
24530121,469,7,462
24530122,1211,5,1206
24530123,785,4,781
24530124,735,2,733
24530125,544,0,544
24530126,507,1,506
24530127,515,2,513
24530128,694,16,678
24530129,951,0,951
24530130,511,9,502
24530131,435,0,435
24530132,692,5,687
24530133,586,21,565
24530134,695,15,680
24530135,553,15,538
24530136,563,43,520
24530137,451,4,447
24530138,530,8,522
24530139,406,12,394
24530140,404,13,391
24530141,242,3,239
24530142,513,13,500
24530143,538,0,538
24530144,457,0,457
24530145,622,0,622
24540103,482,0,482
24540104,455,15,440
24540105,394,18,376
24540106,505,1,504
24540107,473,0,473
24540108,480,0,480
24540109,781,13,768
24540110,434,10,424
24540111,632,8,624
24540112,533,7,526
24540113,522,12,510
24540114,414,0,414
24540115,544,16,528
24540116,246,0,246
24540117,1463,0,1463
24540118,380,4,376
24540119,593,10,583
24540120,502,2,500
24540121,1029,10,1019
24540122,645,18,627
24540123,627,0,627
24540124,560,0,560
24540125,485,6,479
24540126,391,10,381
24540127,471,8,463
24540128,627,22,605
24540129,422,0,422
24540130,479,11,468
24540131,426,10,416
24540132,435,2,433
24540133,456,33,423
24540134,660,12,648
24540135,505,0,505
24540136,510,3,507
24540137,374,2,372
24540138,771,0,771
24540139,599,0,599
24540140,448,13,435
24540141,533,4,529
24540142,769,29,740
24540143,680,0,680
24540144,577,0,577
24540145,1058,8,1050
24540146,480,24,456
24540147,377,1,376
24540148,363,2,361
24540149,344,0,344
24540150,409,23,386
24540151,506,0,506
24540152,436,0,436
24540153,463,2,461
24540154,587,0,587
24540155,479,0,479
24540156,452,21,431
24540157,501,15,486
24540158,307,7,300
24540159,478,7,471
24540160,518,7,511
24540161,425,0,425
24540162,471,3,468
24540163,464,1,463
24540164,410,0,410
24540165,643,2,641
24540166,275,1,274
24540167,433,0,433
24540168,315,0,315
24540169,80,33,47
24540170,418,0,418
24540171,497,5,492
24540172,277,11,266
24540173,366,7,359
24540174,461,6,455
24540175,578,3,575
24540176,445,5,440
24540177,523,0,523
24540178,832,11,821
24540179,481,0,481
24540180,419,5,414
24540181,439,6,433
24540182,648,4,644
24540183,469,8,461
24540184,485,14,471
24540185,453,7,446
24540186,436,9,427
24540187,423,4,419
24540188,375,1,374
24540189,375,5,370
24540190,358,5,353
24540191,458,1,457
24540192,513,0,513
24540193,360,8,352
24540194,396,0,396
24540195,493,14,479
24540196,780,3,777
24540197,532,3,529
24540198,498,9,489
24540199,1143,7,1136
24540200,341,0,341
24540201,857,1,856
24540202,616,0,616
24540203,463,1,462
24540204,739,0,739
24540205,476,0,476
24540206,466,5,461
24540207,427,0,427
24540208,828,0,828
24540209,506,4,502
24540210,471,3,468
24540211,390,7,383
24540212,534,0,534
24540213,464,0,464
24540214,415,0,415
24540215,274,5,269
24540216,578,0,578
24540217,434,0,434
24540218,395,10,385
24540219,488,0,488
24540220,505,0,505
24540221,627,8,619
24540222,355,5,350
24540223,202,8,194
24540224,440,0,440
24540225,784,0,784
24540226,636,11,625
24540227,464,2,462
24540228,390,12,378
24540229,547,2,545
24540230,475,10,465
24540231,375,2,373
24540232,662,0,662
24540233,492,0,492
24540234,397,6,391
24540235,1068,24,1044
24540236,594,13,581
24540237,673,31,642
24540238,426,12,414
24540239,780,9,771
24540240,695,16,679
24540241,483,12,471
24540242,377,0,377
24540243,681,5,676
24540244,554,18,536
24540245,610,13,597
24540246,706,11,695
24540247,496,8,488
24540248,496,0,496
24540249,411,12,399
24540250,1034,0,1034
24540251,644,6,638
24540252,635,2,633
24540253,503,9,494
24540254,436,2,434
24540255,509,1,508
24540256,685,5,680
24540257,1289,16,1273
24540258,732,0,732
24540259,687,0,687
24540260,483,0,483
24540261,424,1,423
24540262,380,10,370
24540263,575,22,553
24540264,421,10,411
24550038,574,5,569
24550039,929,21,908
24550040,602,6,596
24550041,406,6,400
24550042,815,18,797
24550043,418,0,418
24550044,712,0,712
24550045,543,0,543
24550046,740,0,740
24550047,704,0,704
24550048,1036,3,1033
24550049,894,8,886
24550050,502,9,493
24550051,472,5,467
24550052,566,9,557
24550053,582,35,547
24550054,1170,2,1168
24550055,1065,11,1054
24550056,612,5,607
24550057,459,10,449
24550058,601,17,584
24550059,552,6,546
24550060,470,0,470
24550061,990,12,978
24550062,497,9,488
24550063,683,0,683
24550064,733,4,729
24550065,498,16,482
24550066,557,0,557
24550067,751,29,722
24550068,488,0,488
24550069,386,12,374
24550070,2712,63,2649
24550071,557,6,551
24550072,572,19,553
24550073,799,4,795
24550074,1527,3,1524
24550075,710,1,709
24550076,728,31,697
24550077,558,10,548
24550078,460,6,454
24550079,715,9,706
24550080,711,12,699
24550081,514,8,506
24550082,495,9,486
24550083,896,6,890
24550084,428,14,414
24550085,1033,11,1022
24550086,977,14,963
24550087,846,1,845
24550088,403,5,398
24560128,431,13,418
24560129,598,3,595
24560130,401,14,387
24560131,564,1,563
24560132,459,4,455
24560133,444,13,431
24560134,546,0,546
24560135,629,0,629
24560136,289,0,289
24560137,1135,20,1115
24560138,444,0,444
24560139,1334,17,1317
24560140,501,11,490
24560141,349,2,347
24560142,711,3,708
24560143,422,6,416
24560144,418,4,414
24560145,424,6,418
24560146,534,9,525
24560147,1195,15,1180
24560148,655,4,651
24560149,486,1,485
24560150,487,1,486
24560151,392,10,382
24560152,447,0,447
24560153,375,8,367
24560154,377,8,369
24560155,448,14,434
24560156,479,6,473
24560157,423,0,423
24560158,392,26,366
24560159,377,8,369
24560160,448,22,426
24560161,480,15,465
24560162,411,9,402
24560163,529,2,527
24560164,367,0,367
24560165,499,5,494
24560166,631,0,631
24560167,499,17,482
24560168,460,1,459
24560169,25,20,5
24560170,431,1,430
24560171,472,0,472
24560172,518,6,512
24560173,399,18,381
24560174,628,9,619
24560175,547,0,547
24560176,489,10,479
24560177,473,4,469
24560178,461,7,454
24560179,414,10,404
24560180,338,12,326
24560181,259,1,258
24560182,447,11,436
24560183,450,25,425
24560184,497,20,477
24560185,405,6,399
24560186,557,8,549
24560187,458,10,448
24560188,437,4,433
24560189,452,0,452
24560190,363,0,363
24560191,465,0,465
24560192,459,18,441
24560193,403,4,399
24560194,512,16,496
24560195,508,7,501
24560196,552,3,549
24560197,485,22,463
24560198,414,11,403
24560199,492,1,491
24560200,629,26,603
24560201,602,3,599
24560202,570,0,570
24560203,366,8,358
24560204,636,2,634
24560205,471,2,469
24560206,583,9,574
24560207,350,0,350
24560208,765,0,765
24560209,612,10,602
24560210,524,6,518
24560211,1011,2,1009
24560212,340,0,340
24560213,756,0,756
24560214,565,1,564
24560215,463,0,463
24560216,495,13,482
24560217,541,11,530
24560218,1538,34,1504
24560219,576,7,569
24560220,522,1,521
24560221,467,1,466
24560222,360,7,353
24560223,422,1,421
24560224,467,7,460
24560225,348,0,348
24560226,576,1,575
24560227,337,6,331
24560228,361,0,361
24560229,697,16,681
24560230,388,1,387
24560231,462,6,456
24560232,459,0,459
24560233,500,14,486
24560234,524,5,519
24560235,646,1,645
24560236,605,21,584
24560237,425,10,415
24560238,486,5,481
24560239,442,14,428
24560240,494,14,480
24560241,444,0,444
24560242,1412,7,1405
24560243,380,4,376
24560244,420,3,417
24560245,506,4,502
24560246,1374,4,1370
24560247,451,9,442
24560248,450,0,450
24560249,567,0,567
24560250,782,22,760
24560251,525,22,503
24560252,516,19,497
24560253,402,0,402
24560254,469,18,451
24560255,554,17,537
24560256,612,0,612
24560257,493,22,471
24560258,587,13,574
24560259,480,0,480
24560260,0,0,0
24560261,633,4,629
24560262,2029,27,2002
24560263,436,5,431
24560264,382,11,371
24560265,437,2,435
24560266,417,5,412
24560267,409,2,407
24560268,508,7,501
24560269,540,3,537
24560270,719,1,718
24560271,1009,5,1004
24560272,850,4,846
24560273,625,9,616
24560274,513,12,501
24560275,585,16,569
24560276,810,9,801
24560277,631,0,631
24560278,558,0,558
24560279,579,7,572
24560280,643,3,640
24560281,418,3,415
24560282,496,11,485
24560283,386,13,373
24560284,504,26,478
24560285,620,30,590
24560286,1240,10,1230
24560287,1804,24,1780
24560288,459,0,459
24560289,697,4,693
24560290,396,6,390
24560291,479,1,478
24560292,480,3,477
24560293,425,13,412
24560294,389,3,386
24560295,512,8,504
24560296,0,0,0
24560297,427,11,416
24560298,451,0,451
24560299,450,0,450
24560300,503,0,503
24560301,647,0,647
24560302,517,12,505
24560303,398,23,375
24560304,708,29,679
24560305,443,4,439
24560306,409,10,399
24560307,476,1,475
24560308,499,23,476
24560309,709,15,694
24560310,736,6,730
24560311,359,1,358
24560312,491,8,483
24560313,320,0,320
24560314,404,0,404
24560315,554,33,521
24560316,527,2,525
24560317,437,19,418
24560318,597,13,584
24560319,564,7,557
24560320,467,10,457
24560321,612,14,598
24560322,561,11,550
24560323,450,0,450
24560324,406,32,374
24560325,785,9,776
24560326,600,0,600
24560327,479,1,478
24560328,648,15,633
24560329,914,9,905
24560330,777,12,765
24560331,453,2,451
24560332,471,0,471
24560333,670,0,670
24560334,11,0,11
24560335,383,10,373
24560336,466,7,459
24560337,547,29,518
24560338,531,5,526
24560339,464,1,463
24560340,441,5,436
24560341,405,9,396
24560342,781,11,770
24560343,381,0,381
24560344,611,8,603
24560345,409,4,405
24560346,433,2,431
24570012,5060,27,5033
24570013,511,13,498
24570014,471,6,465
24570015,402,1,401
24570016,412,0,412
24570017,540,0,540
24570018,374,0,374
24570019,411,7,404
24570020,406,0,406
24570021,383,1,382
24570022,477,7,470
24570023,481,0,481
24570024,453,3,450
24570025,465,12,453
24570026,351,0,351
24570027,352,5,347
24570028,433,19,414
24570036,1039,8,1031
24570037,433,8,425
24570038,473,6,467
24570039,420,1,419
24570040,690,0,690
24570041,393,19,374
24570042,420,2,418
24570043,882,6,876
24570044,382,0,382
24570045,351,6,345
24570046,615,11,604
24570047,451,16,435
24570048,593,0,593
24570049,628,9,619
24570050,993,0,993
24570051,419,1,418
24570052,859,21,838
24570053,417,0,417
24570054,771,12,759
24570055,541,10,531
24570056,498,0,498
24570057,595,5,590
24570058,513,0,513
24570059,718,9,709
24570060,501,0,501
24570061,420,4,416
24570062,487,2,485
24570063,437,9,428
24570064,512,18,494
24570065,453,9,444
24570066,385,1,384
24570068,544,9,535
24570069,528,11,517
24570070,782,1,781
24570071,452,10,442
24570072,446,4,442
24570073,520,10,510
24570074,1105,34,1071
24570075,423,0,423
24570076,648,6,642
24570077,486,0,486
24570078,616,1,615
24570079,496,0,496
24570080,389,2,387
24570081,542,0,542
24570082,378,2,376
24570083,917,2,915
24570084,1127,31,1096
24570088,588,18,570
24570089,647,8,639
24570136,859,3,856
24570138,1363,19,1344
24570139,571,7,564
24570140,432,0,432
24570141,737,12,725
24570142,743,15,728
24570143,376,0,376
24570144,548,2,546
24570145,472,0,472
24570146,421,1,420
24570147,486,0,486
24570148,514,5,509
24570149,659,0,659
24570150,493,17,476
24570151,821,7,814
24570152,5521,9,5512
24570153,3662,39,3623
24570154,394,0,394
24570155,308,1,307
24570156,512,0,512
24570157,284,2,282
24570158,916,5,911
24570159,409,8,401
24570161,497,10,487
24570163,579,10,569
24570164,490,22,468
24570167,318,0,318
24570168,519,4,515
24570169,662,0,662
24570170,630,0,630
24570171,477,5,472
24570174,655,24,631
24570175,922,22,900
24570176,1913,2,1911
24570177,543,8,535
24570178,2234,37,2197
24570179,753,1,752
24570180,590,18,572
24570181,722,16,706
24570182,510,1,509
24570184,1438,12,1426
24570185,559,5,554
24570186,406,2,404
24570187,582,5,577
24570188,465,0,465
24570189,372,3,369
24570190,519,4,515
24570191,489,0,489
24570192,661,0,661
24570194,468,6,462
24570196,382,4,378
24570197,458,2,456
24570198,413,1,412
24570200,448,6,442
24570201,756,11,745
24570208,762,1,761
24570209,952,6,946
24570210,1903,23,1880
24570211,1297,16,1281
24570213,582,17,565
24570214,1553,8,1545
24570215,827,4,823
24570216,459,14,445
24570217,548,24,524
24570218,527,5,522
24570219,692,12,680
24570220,453,4,449
24570221,556,4,552
24570222,773,9,764
24570223,539,20,519
24570224,1034,11,1023
24570225,606,15,591
24570226,622,15,607
24570227,962,5,957
24570228,786,12,774
24570229,4399,20,4379
24570230,638,15,623
24570231,429,3,426
24570232,372,18,354
24570233,527,1,526
24570234,382,20,362
24570235,422,1,421
24570236,474,5,469
24570237,471,17,454
24570238,522,0,522
24570239,1310,14,1296
24570240,407,8,399
24570241,355,0,355
24570242,672,2,670
24570243,656,13,643
24570244,984,1,983
24570245,551,12,539
24570246,523,6,517
24570247,2267,33,2234
24570248,1029,4,1025
24570249,480,0,480
24570250,767,17,750
24570251,764,10,754
24570252,992,0,992
24570253,1036,4,1032
24570254,1849,44,1805
24570255,597,8,589
24570256,984,9,975
24570257,1474,28,1446
24580001,301,6,295
24580002,285,0,285
24580003,476,0,476
24580004,314,11,303
24580005,898,25,873
24580006,440,13,427
24580007,333,3,330
24580008,806,19,787
24580009,409,6,403
24580010,921,16,905
24580011,497,7,490
24580012,703,0,703
24580013,371,0,371
24580014,1048,11,1037
24580015,534,2,532
24580016,1009,5,1004
24580017,819,16,803
24580018,429,7,422
24580019,638,3,635
24580020,388,0,388
24580021,404,25,379
24580022,437,0,437
24580023,586,19,567
24580024,504,10,494
24580025,297,0,297
24580026,635,16,619
24580027,629,13,616
24580028,394,22,372
24580029,388,0,388
24580030,195,9,186
24580031,376,0,376
24580032,493,5,488
24580033,511,13,498
24580034,530,0,530
24580035,644,1,643
24580036,514,0,514
24580037,481,7,474
24580038,292,8,284
24580039,535,22,513
24580040,633,12,621
24580041,367,13,354
24580042,574,7,567
24580043,619,9,610
24580044,675,18,657
24580045,604,0,604
24580046,518,0,518
24580047,467,0,467
24580048,456,1,455
24580049,619,7,612
24580050,527,0,527
24580051,510,0,510
24580052,425,11,414
24580053,484,14,470
24580054,386,12,374
24580055,523,20,503
24580056,533,0,533
24580057,665,6,659
24580058,479,10,469
24580059,437,9,428
24580060,389,2,387
24580061,472,1,471
24580062,403,5,398
24580063,573,0,573
24580064,472,7,465
24580065,465,7,458
24580066,522,0,522
24580067,721,0,721
24580068,493,6,487
24580069,589,3,586
24580070,595,0,595
24580071,454,3,451
24580072,544,6,538
24580073,632,1,631
24580074,414,0,414
24580075,392,0,392
24580076,422,10,412
24580077,531,8,523
24580078,538,4,534
24580079,329,0,329
24580080,465,0,465
24580081,561,8,553
24580082,483,7,476
24580083,418,9,409
24580084,559,9,550
24580085,391,18,373
24580087,670,0,670
24580088,787,7,780
24580089,392,0,392
24580090,456,1,455
24580091,448,12,436
24580092,458,0,458
24580093,357,0,357
24580094,336,4,332
24580095,539,1,538
24580096,410,12,398
24580097,788,24,764
24580098,668,3,665
24580099,602,25,577
24580100,668,10,658
24580101,522,1,521
24580102,479,0,479
24580103,555,0,555
24580104,564,22,542
24580105,559,1,558
24580106,351,0,351
24580107,273,0,273
24580108,452,8,444
24580109,511,7,504
24580110,555,13,542
24580112,512,22,490
24580113,583,15,568
24580114,692,1,691
24580115,354,5,349
24580116,504,9,495
24580117,499,3,496
24580118,555,19,536
24580119,484,15,469
24580120,545,9,536
24580121,686,16,670
24580122,408,4,404
24580123,434,9,425
24580124,420,12,408
24580125,362,3,359
24580126,558,3,555
24580127,547,7,540
24580128,573,0,573
24580132,527,22,505
24580134,531,0,531
24580135,617,0,617
24580136,562,0,562
24580137,748,0,748
24580138,766,15,751
24580139,464,5,459
24580140,538,9,529
24580141,473,0,473
24580142,574,0,574
24580143,632,0,632
24580144,769,8,761
24580145,530,1,529
24580146,543,0,543
24580147,583,0,583
24580148,567,0,567
24580149,484,0,484
24580150,546,0,546
24580151,475,11,464
24580152,521,12,509
24580153,424,0,424
24580154,430,0,430
24580155,353,0,353
24580156,664,22,642
24580157,603,3,600
24580158,543,13,530
24580159,611,3,608
24580160,557,0,557
24580162,454,0,454
24580163,480,7,473
24580164,676,1,675
24580165,595,7,588
24580166,461,10,451
24580167,452,1,451
24580168,504,6,498
24580169,835,2,833
24580170,505,11,494
24580171,480,0,480
24580172,510,9,501
24580173,578,0,578
24580174,618,8,610
24580175,407,0,407
24580176,445,0,445
24580177,502,0,502
24580178,487,6,481
24580179,497,0,497
24580180,422,2,420
24580181,670,5,665
24580182,562,1,561
24580183,528,1,527
24580184,652,13,639
24580185,541,6,535
24580186,543,0,543
24580187,550,1,549
24580188,330,2,328
24580189,370,0,370
24580190,476,12,464
24580191,485,1,484
24580192,519,9,510
24580193,463,1,462
24580194,598,0,598
24580195,523,6,517
24580196,442,1,441
24580197,530,1,529
24580198,569,0,569
24580199,1004,1,1003
24580200,469,21,448
24580201,422,18,404
24580202,584,3,581
24580203,365,0,365
24580204,643,20,623
24580205,711,5,706
24580206,607,17,590
24580207,619,9,610
24580208,861,0,861
24580209,404,0,404
24580210,460,23,437
24580211,787,3,784
24580212,914,0,914
24580213,708,3,705
24580214,666,13,653
24580215,475,1,474
24580216,706,1,705
24580217,418,23,395
24580218,462,2,460
24580219,360,0,360
24580220,611,4,607
24580221,544,0,544
24580222,546,2,544
24580223,402,6,396
24580224,382,1,381
24580225,386,1,385
24580226,843,27,816
24580229,636,0,636
24580232,749,0,749
24580234,653,0,653
24580235,392,0,392
24580237,510,8,502
24580238,1273,21,1252
24580239,513,0,513
24580240,370,0,370
24580241,592,0,592
24580242,475,20,455
24580243,518,9,509
24580244,508,0,508
24580246,526,0,526
24580247,552,2,550
24580248,407,0,407
24580249,446,3,443
24580250,541,14,527
24580251,427,1,426
24580252,304,0,304
24580253,446,20,426
24580254,584,3,581
24580255,300,10,290
24580256,487,0,487
24580257,445,11,434
24580258,473,0,473
24580259,631,5,626
24580260,495,0,495
24580261,523,6,517
24580262,809,8,801
24580263,350,0,350
24580264,608,7,601
24580265,907,16,891
24580266,471,8,463
24580267,654,5,649
24580268,481,10,471
24580269,1647,6,1641
24580271,908,42,866
24580273,404,10,394
24580274,706,0,706
24580275,521,9,512
24580276,419,0,419
24580277,2758,5,2753
24580278,1077,28,1049
24580279,655,0,655
24580280,624,0,624
24580281,1428,8,1420
24580282,682,10,672
24580284,365,5,360
24580285,256,7,249
24580286,553,8,545
24580287,410,2,408
24580288,452,6,446
24580289,575,6,569
24580290,487,3,484
24580293,405,4,401
24580294,466,4,462
24580295,602,1,601
24580296,464,3,461
24580297,575,13,562
24580298,657,8,649
24580299,590,9,581
24580300,728,21,707
24580302,535,20,515
24580303,405,11,394
24580304,524,0,524
24580305,375,10,365
24580306,609,7,602
24580307,520,9,511
24580308,644,0,644
24580309,520,0,520
24580310,320,0,320
24580311,511,1,510
24580312,392,4,388
24580313,539,0,539
24580314,975,9,966
24580315,524,1,523
24580316,407,0,407
24580317,513,3,510
24580318,743,1,742
24580319,458,3,455
24580320,505,9,496
24580321,535,0,535
24580322,583,0,583
24580323,482,0,482
24580324,743,11,732
24580325,580,1,579
24580326,1221,15,1206
24580327,1027,0,1027
24580328,567,11,556
24580329,1049,0,1049
24580332,597,2,595
24580333,467,0,467
24580334,501,17,484
24580335,548,6,542
24580336,519,0,519
24580337,320,5,315
24580338,431,0,431
24580339,485,1,484
24580340,456,0,456
24580341,401,8,393
24580342,661,0,661
24580343,363,1,362
24580344,625,13,612
24580345,371,5,366
24580346,608,1,607
24580347,565,0,565
24580348,473,0,473
24580349,1256,3,1253
24580350,1691,9,1682
24580351,387,0,387
24580352,422,0,422
24580353,612,16,596
24580354,568,1,567
24580355,385,0,385
24580356,647,0,647
24580357,378,0,378
24580358,373,0,373
24580359,451,0,451
24580360,443,0,443
24580361,385,0,385
24580362,267,0,267
24580363,719,10,709
24580364,464,5,459
24580365,694,2,692
24580366,546,0,546
24580367,273,0,273
24580368,1290,5,1285
24580369,440,5,435
24580370,454,0,454
24580371,389,2,387
24580372,437,0,437
24580373,281,0,281
24580374,406,17,389
24580375,553,0,553
24580376,405,8,397
24580377,732,0,732
24580378,624,4,620
24580379,383,0,383
24580380,510,0,510
24580381,519,10,509
24580382,276,0,276
24580383,1174,0,1174
24580384,558,0,558
24580385,1094,7,1087
24580386,329,0,329
24580387,293,0,293
24580388,325,8,317
24580389,2204,30,2174
24580390,791,0,791
24580391,1391,0,1391
24580392,784,0,784
24580395,745,0,745
24580396,726,0,726
24580398,595,1,594
24580399,897,2,895
24580400,775,0,775
24580401,907,0,907
24580403,1054,10,1044
24580404,589,0,589
24580405,4888,0,4888
24580406,965,0,965
24580408,298,0,298
24580409,305,1,304
24580410,449,1,448
24580411,273,1,272
24580412,522,0,522
24580413,613,1,612
24580414,405,0,405
24580415,293,0,293
24580416,902,2,900
24580417,467,6,461
24580419,549,0,549
24580420,324,0,324
24580421,415,0,415
24580422,998,4,994
24580423,483,9,474
24580424,539,0,539
24580428,515,18,497
24580429,1192,9,1183
24580430,406,0,406
24580431,277,0,277
24580432,1020,1,1019
24580433,636,10,626
24580434,514,11,503
24580435,1961,40,1921
24580436,735,2,733
24580437,712,8,704
24580440,439,8,431
24580441,607,0,607
24580442,634,0,634
24580443,515,0,515
24580444,574,0,574
24580445,497,15,482
24580446,368,6,362
24580447,431,2,429
24580448,424,0,424
24580449,507,3,504
24580450,588,1,587
24580451,501,7,494
24580452,271,4,267
24580453,369,0,369
24580454,342,15,327
24580455,399,0,399
24580457,1446,13,1433
24580458,749,33,716
24580459,377,8,369
24580460,451,8,443
24580461,357,7,350
24580462,449,8,441
24580463,487,0,487
24580464,1309,2,1307
24580465,1055,1,1054
24580466,751,7,744
24580467,1944,11,1933
24580468,647,11,636
24580469,277,28,249
24580470,753,13,740
24580471,433,0,433
24580472,462,2,460
24580473,489,3,486
24580474,516,0,516
24580475,571,9,562
24580476,631,4,627
24580477,357,9,348
24580478,437,3,434
24580479,307,1,306
24580480,353,0,353
24580481,436,6,430
24580482,486,0,486
24580483,613,3,610
24580484,495,0,495
24580485,379,13,366
24580486,533,3,530
24580487,425,18,407
24580488,490,2,488
24580489,747,17,730
24580490,405,3,402
24580491,519,4,515
24580492,491,1,490
24580493,654,21,633
24580494,550,7,543
24580495,461,7,454
24580496,486,5,481
24580497,523,4,519
24580498,478,3,475
24580499,492,0,492
24580500,476,6,470
24580501,530,6,524
24580502,667,8,659
24580503,2074,14,2060
24580504,547,0,547
24580505,606,0,606
24580506,565,4,561
24580508,441,0,441
24580509,435,0,435
24580511,750,14,736
24580512,575,11,564
24580513,431,7,424
24580514,648,1,647
24580515,555,10,545
24580516,640,0,640
24580517,1381,0,1381
24580518,538,1,537
24580519,264,1,263
24580520,387,0,387
24580521,451,0,451
24580522,510,7,503
24580523,424,10,414
24580526,826,3,823
24580527,629,0,629
24580528,570,0,570
24580529,489,8,481
24580530,415,0,415
24580531,416,8,408
24580532,997,10,987
24580533,438,7,431
24580534,645,0,645
24580535,561,4,557
24580536,477,3,474
24580537,524,0,524
24580538,472,1,471
24580539,687,17,670
24580540,622,1,621
24580541,582,5,577
24580542,500,0,500
24580543,313,3,310
24580544,306,9,297
24580545,418,4,414
24580546,644,9,635
24580547,571,0,571
24580548,687,0,687
24580549,461,0,461
24580550,352,2,350
24580551,716,9,707
24580552,904,6,898
24580553,415,0,415
24580554,518,10,508
24580555,558,1,557
24580556,563,10,553
24580557,453,0,453
24580558,926,9,917
24580559,561,0,561
24580560,777,12,765
24580561,412,0,412
24580562,409,4,405
24580563,424,16,408
24580564,383,5,378
24580565,544,1,543
24580566,737,1,736
24580567,716,7,709
24580568,660,8,652
24580569,487,15,472
24580570,749,0,749
24580571,519,6,513
24580572,449,0,449
24580573,407,1,406
24580574,403,0,403
24580575,418,0,418
24580576,521,3,518
24580577,423,8,415
24580578,420,4,416
24580579,229,0,229
24580580,459,3,456
24580581,339,3,336
24580582,581,16,565
24580583,358,0,358
24580584,366,15,351
24580585,467,4,463
24580586,435,10,425
24580587,292,13,279
24580588,409,17,392
24580589,406,9,397
24580590,428,0,428
24580591,496,0,496
24580592,437,1,436
24580593,408,8,400
24580594,440,9,431
24580595,1066,1,1065
24580596,374,0,374
24580597,485,0,485
24580598,466,0,466
24580599,424,1,423
24580600,367,2,365
24580601,636,12,624
24580602,749,1,748
24580603,522,0,522
24580604,930,1,929
24580607,928,1,927
24580608,856,2,854
24580609,466,9,457
24580611,518,10,508
24580612,548,7,541
24580613,553,1,552
24580614,587,0,587
24580615,501,0,501
24580616,924,7,917
24580617,712,1,711
24580618,400,1,399
24580619,449,0,449
24580620,478,6,472
24580621,400,3,397
24580622,481,0,481
24580623,627,2,625
24580624,503,0,503
24580625,645,0,645
24580626,277,0,277
24580627,386,18,368
24580628,464,0,464
24580629,420,0,420
24580630,426,0,426
24580631,478,0,478
24580632,506,0,506
24580633,406,0,406
24580634,331,0,331
24580635,300,1,299
24580636,519,0,519
24580637,428,0,428
24580638,483,0,483
24580639,514,0,514
24580640,473,4,469
24580641,381,0,381
24580642,411,13,398
24580643,368,0,368
24580645,698,0,698
24580646,362,0,362
24580647,455,0,455
24580648,590,0,590
24580650,362,2,360
24580651,714,6,708
24580652,928,3,925
24580653,550,6,544
24580654,827,0,827
24580655,498,13,485
24580656,552,2,550
24580657,613,14,599
24580658,466,0,466
24580659,399,3,396
24580660,480,2,478
24580661,461,2,459
24580662,796,1,795
24580663,629,2,627
24580664,468,2,466
24580665,790,13,777
24580666,823,8,815
24580667,376,0,376
24580668,428,0,428
24580669,399,1,398
24580670,521,0,521
24580671,590,0,590
24580672,403,0,403
24580673,535,0,535
24580674,304,5,299
24580675,527,6,521
24580676,485,1,484
24580677,37,37,0
24580678,1090,0,1090
24580679,1159,10,1149
24580680,1421,0,1421
24580682,1882,9,1873
24580683,911,3,908
24580684,876,1,875
24580685,1047,7,1040
24580686,1044,19,1025
24580687,3133,13,3120
24580689,485,0,485
24580690,941,0,941
24580691,665,0,665
24580692,791,0,791
24580693,806,8,798
24580694,462,0,462
24580695,322,1,321
24580696,643,0,643
24580697,999,3,996
24580698,506,15,491
24580699,736,14,722
24580700,666,3,663
24580701,421,0,421
24580702,814,5,809
24580703,839,20,819
24580704,747,1,746
24580705,1176,3,1173
24580706,902,8,894
24580707,1364,1,1363
24580708,389,0,389
24580709,1210,14,1196
24580710,400,0,400
24580711,1362,7,1355
24580712,702,0,702
24580713,977,12,965
24580714,2204,4,2200
24580715,451,1,450
24580716,1183,1,1182
24580717,679,4,675
24580721,752,8,744
24580722,3521,36,3485
24580724,332,0,332
24580727,295,8,287
24580728,1062,9,1053
24580730,508,31,477
24580731,2145,30,2115
24580732,1483,3,1480
24580733,353,22,331
24580734,586,2,584
24580735,647,5,642
24580736,1016,5,1011
24580737,422,0,422
24580738,3400,7,3393
24580739,2081,16,2065
24580740,7488,32,7456
24580741,2208,10,2198
24580742,843,5,838
24580743,443,0,443
24580744,569,0,569
24590012,2152,21,2131
24590013,419,11,408
24590014,311,8,303
24590015,470,7,463
24590016,435,5,430
24590017,416,1,415
24590018,844,5,839
24590019,786,3,783
24590020,326,0,326
24590021,380,2,378
24590022,364,1,363
24590023,629,16,613
24590024,683,2,681
24590025,421,0,421
24590026,708,3,705
24590027,425,1,424
24590097,558,5,553
24590098,437,18,419
24590099,492,9,483
24590100,472,5,467
24590101,431,2,429
24590102,335,0,335
24590103,384,2,382
24590104,399,1,398
24590107,493,0,493
24590109,702,0,702
24590110,623,2,621
24590111,504,11,493
24590112,505,0,505
24590113,442,0,442
24590114,491,3,488
24590115,636,0,636
24590116,416,0,416
24590122,407,4,403
24590123,442,0,442
24590124,546,0,546
24590125,438,17,421
24590126,464,0,464
24590127,886,3,883
24590128,387,10,377
24590129,752,3,749
24590130,414,5,409
24590131,291,0,291
24590132,385,0,385
24590133,439,9,430
24590134,518,0,518
24590135,479,2,477
24590136,677,9,668
24590137,469,3,466
24590138,1103,2,1101
24590139,558,29,529
24590140,2982,7,2975
24590141,2176,43,2133
24590142,1361,34,1327
24590143,781,13,768
24590144,471,1,470
24590145,664,14,650
24590146,518,11,507
24590147,616,0,616
24590148,360,13,347
24590149,755,1,754
24590150,640,5,635
24590152,520,0,520
24590153,577,2,575
24590154,417,2,415
24590156,855,0,855
24590157,371,3,368
24590158,533,8,525
24590159,689,1,688
24590160,560,1,559
24590161,347,2,345
24590162,560,7,553
24590163,531,20,511
24590164,1378,10,1368
24590165,549,0,549
24590166,307,3,304
24590167,488,9,479
24590168,421,2,419
24590169,709,15,694
24590170,547,1,546
24590171,1083,11,1072
24590172,740,9,731
24590173,540,6,534
24590174,521,0,521
24590175,494,0,494
24590176,802,0,802
24590177,475,15,460
24590178,527,0,527
24590179,479,0,479
24590180,1721,10,1711
24590181,2305,8,2297
24590182,411,0,411
24590183,663,3,660
24590184,559,3,556
24590185,658,2,656
24590186,633,0,633
24590187,491,15,476
24590188,1294,0,1294
24590189,653,0,653
24590190,511,6,505
24590191,530,0,530
24590192,551,1,550
24590193,762,12,750
24590194,320,5,315
24590195,541,25,516
24590197,668,0,668
24590198,561,0,561
24590199,419,0,419
24590200,352,8,344
24590201,473,0,473
24590202,418,0,418
24590203,326,4,322
24590204,885,0,885
24590205,503,0,503
24590207,695,13,682
24590208,530,0,530
24590209,450,0,450
24590210,703,3,700
24590211,470,6,464
24590212,551,6,545
24590213,242,0,242
24590214,250,0,250
24590215,981,3,978
24590216,461,0,461
24590217,326,4,322
24590219,683,0,683
24600014,3273,17,3256
24600016,520,2,518
24600017,339,4,335
24600018,406,8,398
24600019,471,0,471
24600020,353,7,346
24600021,452,1,451
24600022,607,12,595
24600023,503,9,494
24600024,454,9,445
24600025,382,0,382
24600027,1022,10,1012
24600028,688,0,688
24600029,263,7,256
24600030,542,7,535
24600031,429,0,429
24600032,637,19,618
24600033,576,2,574
24600034,472,0,472
24600035,616,9,607
24600036,409,0,409
24600037,345,13,332
24600038,524,16,508
24600039,275,0,275
24600040,704,0,704
24600041,787,3,784
24600042,406,0,406
24600043,646,0,646
24600044,456,2,454
24600045,537,5,532
24600046,471,1,470
24600047,522,18,504
24600048,538,1,537
24600049,427,19,408
24600050,604,2,602
24600051,306,2,304
24600052,473,14,459
24600053,618,0,618
24600054,553,3,550
24600055,631,9,622
24600056,464,9,455
24600057,388,19,369
24600058,396,15,381
24600059,427,0,427
24600060,485,0,485
24600061,494,4,490
24600062,511,10,501
24600063,471,9,462
24600064,569,0,569
24600065,482,26,456
24600066,362,12,350
24600067,462,0,462
24600068,645,8,637
24600069,549,11,538
24600071,545,5,540
24600072,221,0,221
24600073,1068,14,1054
24600074,426,0,426
24600075,306,0,306
24600076,458,14,444
24600077,322,2,320
24600078,907,19,888
24600079,680,14,666
24600080,801,22,779
24600081,495,11,484
24600082,725,3,722
24600083,421,0,421
24600084,571,6,565
24600085,489,1,488
24600086,1633,10,1623
24600087,692,10,682
24600088,539,1,538
24600089,438,9,429
24600090,359,1,358
24600091,330,10,320
24600092,377,0,377
24600093,428,2,426
24600094,478,11,467
24600095,380,6,374
24600098,486,2,484
24600099,365,10,355
24600100,685,1,684
24600101,516,14,502
24600102,454,18,436
24600103,370,0,370
24600104,420,11,409
24600105,420,8,412
24600106,635,18,617
24600107,535,0,535
24600108,703,0,703
24600109,375,6,369
24600110,378,10,368
24600111,335,0,335
24600112,457,0,457
24600113,703,23,680
24600114,473,7,466
24600115,483,0,483
24600116,594,6,588
24600117,574,12,562
24600118,575,9,566
24600119,423,1,422
24600120,333,7,326
24600121,398,2,396
24600122,487,1,486
24600123,400,16,384
24600124,740,17,723
24600125,277,0,277
24600126,370,0,370
24600127,454,12,442
24600129,567,6,561
24600132,393,0,393
24600133,448,17,431
24600134,518,1,517
24600135,457,0,457
24600136,554,0,554
24600138,464,0,464
24600139,800,0,800
24600140,709,1,708
24600141,640,0,640
24600148,1224,1,1223
24600149,674,6,668
24600150,562,8,554
24600151,534,7,527
24600152,506,12,494
24600153,439,6,433
24600155,1125,1,1124
24600156,303,9,294
24600157,262,0,262
24600158,406,0,406
24600159,603,10,593
24600160,471,0,471
24600167,905,35,870
24600168,639,9,630
24600171,747,10,737
24600172,968,13,955
24600173,607,0,607
24600174,463,3,460
24600175,720,11,709
24600176,530,0,530
24600177,531,0,531
24600178,3574,22,3552
24600179,545,14,531
24600180,442,3,439
24600181,515,2,513
24600182,727,29,698
24600183,518,0,518
24600184,458,7,451
24600185,461,5,456
24600186,585,16,569
24600187,413,1,412
24600188,468,20,448
24600189,387,7,380
24600190,441,21,420
24600191,405,7,398
24600192,433,2,431
24600193,552,14,538
24600194,632,5,627
24600195,287,0,287
24600196,655,4,651
24600197,468,13,455
24600198,1120,19,1101
24600199,508,2,506
24600200,703,11,692
24600201,464,17,447
24600202,518,1,517
24600203,1493,35,1458
24600204,424,3,421
24600205,826,5,821
24600206,511,5,506
24600207,564,13,551
24600208,603,3,600
24600209,683,2,681
24600210,600,5,595
24600211,446,1,445
24600212,384,0,384
24600213,385,0,385
24600214,584,0,584
24600215,526,4,522
24600216,788,0,788
24600217,439,2,437
24600218,418,0,418
24600219,364,13,351
24600220,536,19,517
24600221,385,0,385
24600222,1383,16,1367
24600223,492,0,492
24600224,786,9,777
24600225,360,18,342
24600226,1842,22,1820
24600227,1040,0,1040
24600228,1121,0,1121
24600229,436,5,431
24600230,805,0,805
24600231,490,0,490
24600232,1550,2,1548
24600234,2643,52,2591
24600236,1149,9,1140
24600237,2886,12,2874
24600238,3639,13,3626
24600239,1125,24,1101
24610068,839,4,835
24610069,663,11,652
24610070,514,5,509
24610071,860,28,832
24610072,436,4,432
24610073,660,14,646
24610074,475,0,475
24610075,470,0,470
24610076,820,19,801
24610077,523,4,519
24610078,2896,50,2846
24610079,700,0,700
24610080,180,10,170
24610081,552,6,546
24610082,477,3,474
24610083,385,0,385
24610084,432,5,427
24610085,793,16,777
24610086,432,10,422
24610087,547,1,546
24610088,408,12,396
24610089,1361,27,1334
24610090,153,0,153
24610091,233,2,231
24610092,487,0,487
24610093,468,12,456
24610094,458,2,456
24610095,512,52,460
24610096,393,28,365
24610097,531,5,526
24610098,721,59,662
24610099,375,12,363
24610100,309,42,267
24610101,610,22,588
24610102,498,0,498
24610103,599,13,586
24610104,499,21,478
24610105,738,7,731
24610106,466,1,465
24610107,515,13,502
24610108,729,34,695
24610109,451,11,440
24610110,610,10,600
24610111,434,0,434
24610112,660,7,653
24610113,376,0,376
24610114,827,125,702
24610115,458,22,436
24610116,1305,45,1260
24610117,671,1,670
24610118,2175,29,2146
24610119,1575,21,1554
24610120,2354,31,2323
24610121,685,9,676
24610122,272,1,271
24610123,801,0,801
24610124,515,17,498
24610125,638,9,629
24610126,508,0,508
24610127,1110,45,1065
24610128,518,2,516
24610129,533,0,533
24610130,886,6,880
24610131,471,3,468
24610132,588,2,586
24610133,875,8,867
24610134,615,14,601
24610136,629,6,623
24610137,402,2,400
24610138,538,3,535
24610139,985,0,985
24610140,510,8,502
24610141,634,6,628
24610142,670,4,666
24610143,980,2,978
24610144,735,17,718
24610145,523,0,523
24610146,413,17,396
24610147,746,6,740
24610148,1124,4,1120
24610149,888,13,875
24610150,653,3,650
24610151,617,0,617
24610152,558,0,558
24610153,919,0,919
24610154,1270,1,1269
24610155,570,8,562
24610156,588,0,588
24610157,1003,2,1001
24610158,1113,6,1107
24610159,598,0,598
24610160,795,18,777
24610161,766,0,766
24610162,481,11,470
24610163,523,8,515
24610234,633,18,615
24620101,0,0,0
24620102,0,0,0
24620103,0,0,0
24620104,0,0,0
24620105,512,504,8
24620106,1144,1140,4
24620107,524,522,2
24620108,0,0,0
24620109,0,0,0
24620110,0,0,0
24620111,667,19,648
24620112,390,22,368
24620113,417,3,414
24620114,406,5,401
24620115,510,7,503
24620116,602,12,590
24620117,95,0,95
24620118,545,22,523
24620119,552,7,545
24620120,506,10,496
24620121,567,15,552
24620122,606,12,594
24620123,785,23,762
24620124,756,0,756
24620125,525,3,522
24620126,721,6,715
24620127,636,3,633
24620128,468,4,464
24620129,599,7,592
24620130,470,0,470
24620131,507,4,503
24620132,591,5,586
24620133,542,6,536
24620134,646,11,635
24620135,984,13,971
24620136,505,0,505
24620137,420,0,420
24620138,621,36,585
24620139,513,4,509
24620140,390,15,375
24620141,564,17,547
24620142,658,5,653
24620143,698,6,692
24620144,701,10,691
24620145,572,3,569
24620146,777,8,769
24620147,624,0,624
24620148,727,5,722
24620149,678,2,676
24620150,569,1,568
24620151,638,0,638
24620152,508,2,506
24620153,596,22,574
24620154,614,8,606
24620155,719,0,719
24620156,807,29,778
24620157,603,36,567
24620158,473,6,467
24620159,523,21,502
24620160,520,3,517
24620161,657,35,622
24620162,644,18,626
24620163,785,29,756
24620164,1094,19,1075
24620165,861,13,848
24620166,730,51,679
24620167,706,7,699
24620168,729,50,679
24620169,517,36,481
24620170,661,25,636
24620171,584,0,584
24620172,447,13,434
24620173,617,10,607
24620174,592,19,573
24620175,726,32,694
24620176,607,12,595
24620177,560,8,552
24620178,247,0,247
24620179,713,24,689
24620180,485,10,475
24620181,414,0,414
24620182,581,5,576
24620183,396,11,385
24620184,458,7,451
24620185,464,0,464
24620186,655,3,652
24620187,597,6,591
24620188,685,11,674
24620189,0,0,0
24620190,0,0,0
24620191,9,9,0
24620192,0,0,0
24620193,583,12,571
24620194,592,3,589
24620195,522,11,511
24620196,532,26,506
24620197,570,7,563
24620198,691,0,691
24630052,451,3,448
24630053,522,4,518
24630054,562,3,559
24630055,389,7,382
24630056,476,0,476
24630057,517,0,517
24630058,509,3,506
24630059,615,0,615
24630060,500,1,499
24630061,690,0,690
24630062,545,9,536
24630063,493,25,468
24630064,1214,12,1202
24630065,814,9,805
24630066,436,0,436
24630067,580,14,566
24630068,918,1,917
24630069,508,11,497
24630070,273,0,273
24630071,509,9,500
24630072,611,0,611
24630073,482,10,472
24630074,769,15,754
24630075,546,32,514
24630076,505,3,502
24630077,533,6,527
24630078,756,0,756
24630079,412,21,391
24630080,671,7,664
24630081,2186,51,2135
24630082,559,13,546
24630083,696,34,662
24630084,505,23,482
24630085,1146,23,1123
24630086,736,0,736
24630087,598,8,590
24630088,641,6,635
24630089,693,25,668
24630090,384,27,357
24630091,626,20,606
24630092,512,32,480
24630093,586,1,585
24630094,490,24,466
24630095,510,11,499
24630096,615,3,612
24630097,634,21,613
24630098,1390,44,1346
24630099,634,10,624
24630100,611,10,601
24630101,806,5,801
24630102,741,21,720
24630103,736,6,730
24630104,611,0,611
24630105,543,0,543
24630106,563,14,549
24630107,536,7,529
24630108,1531,34,1497
24630109,1421,1,1420
24630110,2465,43,2422
24630111,843,42,801
24630112,1778,26,1752
24630113,3349,14,3335
24630114,371,21,350
24630115,1179,21,1158
24630116,452,0,452
24630117,587,0,587
24630118,577,6,571
24630119,883,10,873
24630120,777,8,769
24630121,662,11,651
24630122,682,24,658
24630123,578,44,534
24630124,652,23,629
24630125,863,17,846
24640001,515,6,509
24640002,1027,6,1021
24640003,1713,5,1708
24640004,504,10,494
24640005,509,15,494
24640006,516,3,513
24640007,388,0,388
24640008,1496,19,1477
24640009,464,7,457
24640010,474,2,472
24640011,490,4,486
24640012,412,7,405
24640014,775,27,748
24640015,949,0,949
24640018,352,10,342
24640019,563,13,550
24640020,630,0,630
24640021,561,0,561
24640022,576,13,563
24640023,3761,40,3721
24640024,436,12,424
24640025,678,0,678
24640026,535,3,532
24640027,451,16,435
24640028,356,1,355
24640029,689,5,684
24640030,966,6,960
24640031,689,19,670
24640032,598,3,595
24640034,804,6,798
24640035,402,6,396
24640036,431,8,423
24640037,812,1,811
24640038,2082,29,2053
24640039,517,6,511
24640040,948,10,938
24640041,369,2,367
24640042,532,7,525
24640043,308,3,305
24640044,1423,23,1400
24640047,439,0,439
24640048,447,1,446
24640049,392,10,382
24640050,613,19,594
24640051,557,9,548
24640052,798,5,793
24640053,634,0,634
24640054,1230,13,1217
24640068,434,0,434
24640069,316,3,313
24640070,381,8,373
24640072,930,5,925
24640073,374,9,365
24640074,287,0,287
24640076,890,12,878
24640077,1483,14,1469
24640079,1779,30,1749
24640080,769,15,754
24640081,555,0,555
24640082,722,10,712
24640083,424,0,424
24640084,308,0,308
24640122,605,12,593
24640123,527,14,513
24640129,371,6,365
24640134,935,10,925
24640136,554,1,553
24640137,553,0,553
24640138,458,27,431
24640139,405,7,398
24640140,433,0,433
24640141,1947,10,1937
24640142,462,14,448
24640143,834,3,831
24640144,423,0,423
24640145,305,0,305
24640146,399,0,399
24640147,473,0,473
24640148,470,7,463
24640149,897,14,883
24640150,653,9,644
24640151,379,24,355
24640152,618,2,616
24640153,545,1,544
24640154,466,0,466
24640155,361,1,360
24640156,540,14,526
24640157,391,5,386
24640158,2517,39,2478
24640159,1013,1,1012
24640160,486,15,471
24640161,464,24,440
24640162,448,0,448
24640163,441,21,420
24640164,352,6,346
24640165,434,0,434
24640166,406,1,405
24640167,388,11,377
24640168,366,4,362
24640169,314,2,312
24640170,237,11,226
24640171,365,4,361
24640172,530,2,528
24640173,692,9,683
24640174,582,14,568
24640175,446,7,439
24640176,1582,14,1568
24640177,573,2,571
24640178,437,0,437
24640179,542,2,540
24640181,459,1,458
24640182,943,30,913
24640183,592,11,581
24640184,575,29,546
24640185,465,8,457
24640186,445,5,440
24640187,398,0,398
24640188,407,0,407
24640189,534,0,534
24640190,440,1,439
24640191,828,0,828
24640192,361,2,359
24640193,463,10,453
24640194,605,0,605
24640195,408,4,404
24640196,484,17,467
24640197,611,0,611
24640198,539,12,527
24640199,406,0,406
24640200,5852,51,5801
24640201,464,2,462
24640202,1052,8,1044
24640203,607,22,585
24640204,338,1,337
24640205,406,8,398
24640206,326,5,321
24640207,594,12,582
24640208,612,15,597
24640209,414,0,414
24640210,1170,14,1156
24640211,1060,0,1060
24640212,431,0,431
24640213,452,4,448
24640214,402,8,394
24640215,393,0,393
24640216,462,17,445
24640217,400,0,400
24640218,531,5,526
24640219,456,2,454
24640220,610,1,609
24640221,468,6,462
24640222,463,29,434
24640223,431,0,431
24640224,435,0,435
24640225,364,9,355
24640226,374,0,374
24640227,905,15,890
24640228,543,6,537
24640229,305,0,305
24640230,559,9,550
24640231,534,0,534
24640232,469,7,462
24640233,685,27,658
24640234,111,1,110
24640235,418,4,414
24640236,476,10,466
24640237,425,0,425
24640238,479,0,479
24640239,500,12,488
24640240,446,9,437
24640241,455,7,448
24640242,401,3,398
24640243,487,5,482
24640244,443,8,435
24640245,501,61,440
24640246,481,1,480
24640247,459,1,458
24640248,404,2,402
24640249,342,0,342
24640250,548,10,538
24640251,359,0,359
24640252,395,1,394
24640253,466,1,465
24640254,444,1,443
24640255,512,18,494
24640256,1248,1,1247
24640257,615,1,614
24640258,374,10,364
24640259,315,25,290
24640260,407,2,405
24640261,441,0,441
24640262,363,0,363
24640263,485,8,477
24640264,475,11,464
24640265,488,4,484
24640266,500,1,499
24640267,304,2,302
24640268,406,0,406
24640269,587,53,534
24640270,359,0,359
24640271,532,3,529
24640272,521,5,516
24640273,452,6,446
24640275,708,4,704
24640276,544,7,537
24640277,1178,22,1156
24640278,560,0,560
24640280,467,5,462
24640281,480,3,477
24640282,480,6,474
24640283,1708,7,1701
24640284,937,4,933
24640285,562,7,555
24640286,437,20,417
24640287,408,16,392
24640288,2869,3,2866
24640289,3359,4,3355
24640290,1423,15,1408
24640293,262,0,262
24640295,700,0,700
24640296,388,1,387
24640298,697,10,687
24640302,1458,0,1458
24640303,672,25,647
24640304,1118,9,1109
24640305,1174,18,1156
24640306,1217,8,1209
24640307,1231,8,1223
24640308,1959,3,1956
24640309,10654,131,10523
24640311,708,8,700
24640312,1021,3,1018
24650001,648,12,636
24650002,1020,26,994
24650003,591,0,591
24650004,665,11,654
24650005,425,2,423
24650006,434,7,427
24650007,300,1,299
24650008,672,5,667
24650009,527,39,488
24650010,600,2,598
24650011,472,2,470
24650012,528,6,522
24650013,493,9,484
24650014,590,6,584
24650015,3015,30,2985
24650016,504,0,504
24650017,484,13,471
24650019,492,10,482
24650020,676,0,676
24650023,1069,42,1027
24650024,741,1,740
24650025,926,2,924
24650026,2297,2,2295
24650027,2215,2,2213
24650030,603,0,603
24650031,389,0,389
24650032,667,0,667
24650033,333,0,333
24650034,327,5,322
24650035,771,9,762
24650036,493,0,493
24650037,1215,18,1197
24650038,685,7,678
24650039,1157,6,1151
24650040,593,0,593
24650041,629,0,629
24650045,589,8,581
24650046,602,1,601
24650047,574,6,568
24650048,742,2,740
24650049,634,0,634
24650050,915,9,906
24650051,1070,0,1070
24650052,636,0,636
24650053,1461,8,1453
24650054,652,1,651
24650056,727,0,727
24650057,436,0,436
24650058,397,3,394
24650059,494,0,494
24650060,364,0,364
24650061,1749,3,1746
24650062,455,10,445
24650063,556,0,556
24650064,666,0,666
24650065,482,0,482
24650066,574,3,571
24650067,472,0,472
24650068,514,1,513
24650069,508,5,503
24650070,762,6,756
24650071,442,2,440
24650072,522,1,521
24650073,684,6,678
24650074,406,0,406
24650075,478,3,475
24650076,490,8,482
24650077,482,3,479
24650078,629,1,628
24650079,402,0,402
24650080,597,1,596
24650081,557,11,546
24650082,419,3,416
24650083,568,2,566
24650084,564,0,564
24650085,603,7,596
24650086,584,0,584
24650089,559,11,548
24650090,421,0,421
24650091,485,14,471
24650092,541,7,534
24650093,590,0,590
24650094,461,2,459
24650095,422,13,409
24650096,384,11,373
24650097,500,1,499
24650098,424,1,423
24650099,547,2,545
24650100,455,2,453
24650101,598,3,595
24650102,534,1,533
24650103,422,0,422
24650104,801,7,794
24650105,584,0,584
24650106,821,6,815
24650107,465,0,465
24650108,339,0,339
24650109,704,0,704
24650110,489,0,489
24650111,415,2,413
24650112,442,0,442
24650113,442,7,435
24650114,849,9,840
24650115,198,0,198
24650116,770,12,758
24650117,350,0,350
24650118,1958,15,1943
24650119,454,6,448
24650120,496,6,490
24650121,438,6,432
24650122,525,7,518
24650123,573,18,555
24650124,492,6,486
24650125,515,16,499
24650126,873,7,866
24650127,384,0,384
24650128,448,9,439
24650129,483,9,474
24650130,603,9,594
24650131,546,10,536
24650132,749,6,743
24650133,704,0,704
24650134,694,0,694
24650135,569,0,569
24650136,469,16,453
24650137,520,0,520
24650138,595,0,595
24650139,511,0,511
24650140,396,0,396
24650141,704,1,703
24650142,734,1,733
24650143,499,9,490
24650144,673,4,669
24650145,722,0,722
24650146,1574,0,1574
24650147,1884,36,1848
24650148,369,8,361
24650149,582,0,582
24650150,526,5,521
24650151,448,0,448
24650153,549,1,548
24650154,470,9,461
24650155,293,0,293
24650156,342,0,342
24650158,594,1,593
24650159,1505,11,1494
24650160,380,2,378
24650161,424,0,424
24650162,907,12,895
24650163,653,1,652
24650165,1249,17,1232
24650166,570,0,570
24650167,950,7,943
24650168,1098,2,1096
24650169,2103,13,2090
24650170,636,8,628
24650171,395,0,395
24650172,327,0,327
24650173,287,0,287
24650174,448,0,448
24650175,713,0,713
24650176,758,15,743
24650177,560,1,559
24650178,480,2,478
24650179,668,25,643
24650180,841,10,831
24650181,1197,7,1190
24650182,804,4,800
24650183,517,5,512
24650184,414,9,405
24650185,472,9,463
24650186,546,1,545
24650187,470,0,470
24650188,575,14,561
24650189,496,0,496
24650190,532,0,532
24650191,700,36,664
24650192,566,0,566
24650193,573,0,573
24650194,650,12,638
24650195,506,2,504
24650196,484,2,482
24650197,612,2,610
24650198,629,0,629
24650199,515,6,509
24650200,440,8,432
24650201,520,0,520
24650202,535,1,534
24650204,737,3,734
24650205,636,4,632
24650206,855,1,854
24650207,545,0,545
24650208,605,17,588
24650209,440,2,438
24650210,371,0,371
24650211,743,6,737
24650212,504,3,501
24650213,611,0,611
24650214,494,1,493
24650215,600,0,600
24650216,667,7,660
24650217,561,5,556
24650218,520,0,520
24650219,587,17,570
24650220,930,8,922
24650221,484,11,473
24650222,428,0,428
24650223,532,0,532
24650224,605,0,605
24650225,502,5,497
24650226,627,0,627
24650227,602,3,599
24650228,681,7,674
24650229,1181,13,1168
24650230,486,1,485
24650231,722,0,722
24650232,663,20,643
24650235,481,0,481
24650236,476,4,472
24650237,542,17,525
24650238,369,7,362
24650239,416,0,416
24650240,510,17,493
24650242,539,2,537
24650243,488,1,487
24650244,570,7,563
24650246,472,11,461
24650247,409,0,409
24650248,407,1,406
24650249,363,1,362
24650250,426,1,425
24650251,433,11,422
24650252,438,0,438
24650255,666,1,665
24650256,1845,14,1831
24650258,1455,5,1450
24650260,724,4,720
24650261,740,4,736
24650262,497,7,490
24650263,410,6,404
24650264,274,1,273
24650265,917,4,913
24650266,831,8,823
24650267,724,11,713
24650268,520,0,520
24650269,666,0,666
24650270,450,0,450
24650271,559,0,559
24650272,540,0,540
24650273,565,1,564
24650274,547,0,547
24650275,505,5,500
24650276,522,0,522
24650277,581,1,580
24650278,486,10,476
24650279,351,0,351
24650280,519,8,511
24650281,319,10,309
24650283,762,18,744
24650284,477,6,471
24650285,754,12,742
24650286,574,6,568
24650287,623,0,623
24650289,471,1,470
24650291,658,0,658
24650292,526,1,525
24650293,608,20,588
24650294,661,1,660
24650295,709,6,703
24650296,805,4,801
24650297,639,12,627
24650298,463,7,456
24650299,505,0,505
24650300,453,5,448
24650301,1354,2,1352
24650302,464,1,463
24650303,536,6,530
24650304,740,4,736
24650305,545,1,544
24650306,512,6,506
24650307,609,0,609
24650308,1026,24,1002
24650309,624,21,603
24650310,699,5,694
24650311,690,22,668
24650312,506,7,499
24650313,577,2,575
24650314,503,1,502
24650315,570,37,533
24650316,603,0,603
24650317,1341,14,1327
24650318,696,0,696
24650319,967,0,967
24650320,1096,0,1096
24650321,566,13,553
24650322,478,0,478
24650323,491,0,491
24650324,622,0,622
24650325,411,1,410
24650326,596,0,596
24650327,605,0,605
24650328,578,1,577
24650329,610,0,610
24650330,496,3,493
24650331,449,1,448
24650332,379,0,379
24650333,395,0,395
24650334,684,3,681
24650337,555,1,554
24650339,449,1,448
24650340,540,3,537
24650341,574,0,574
24650342,608,1,607
24650343,638,0,638
24650344,649,0,649
24650345,534,1,533
24650346,431,1,430
24650347,914,0,914
24650348,409,1,408
24650349,416,0,416
24650350,670,1,669
24650351,482,0,482
24650352,663,1,662
24650353,541,0,541
24650354,474,0,474
24650355,470,0,470
24650356,418,0,418
24650357,499,0,499
24650358,424,1,423
24650359,367,1,366
24650360,680,1,679
24650361,592,6,586
24650362,598,0,598
24650363,503,0,503
24650364,614,3,611
24650365,336,0,336
24650366,583,3,580
24650367,499,0,499
24650368,579,0,579
24650369,541,0,541
24650370,631,0,631
24650371,990,0,990
24650372,497,0,497
24650373,105,1,104
24650374,688,4,684
24650380,621,0,621
24650381,873,4,869
24650382,651,4,647
24650383,413,0,413
24650384,209,0,209
24650385,412,0,412
24650386,426,0,426
24650387,703,6,697
24650389,546,0,546
24650390,486,9,477
24650391,487,0,487
24650392,665,4,661
24650393,509,1,508
24650394,476,0,476
24650395,491,0,491
24650396,807,0,807
24650397,425,0,425
24650398,489,0,489
24650399,453,2,451
24650400,426,21,405
24650401,720,8,712
24650402,1170,2,1168
24650404,583,1,582
24650405,712,11,701
24650406,722,9,713
24650407,549,1,548
24650408,1724,7,1717
24650410,612,3,609
24650411,505,12,493
24650412,400,14,386
24650413,799,16,783
24650414,559,16,543
24650415,538,1,537
24650416,582,0,582
24650417,449,1,448
24650418,504,6,498
24650419,580,4,576
24650420,442,1,441
24650421,658,21,637
24650422,611,17,594
24650423,547,8,539
24650424,598,0,598
24650425,771,0,771
24650426,605,0,605
24650427,667,13,654
24650428,2108,60,2048
24650429,317,1,316
24650433,451,0,451
24650434,466,0,466
24650437,592,2,590
24650438,736,7,729
24650439,542,0,542
24650440,693,4,689
24650441,1837,8,1829
24650442,402,1,401
24650443,824,5,819
24650444,497,0,497
24650445,561,0,561
24650446,912,0,912
24650447,426,3,423
24650448,444,4,440
24650449,487,6,481
24650450,423,0,423
24650451,510,1,509
24650452,584,7,577
24650453,583,1,582
24650454,652,5,647
24650455,437,0,437
24650456,617,0,617
24650457,717,6,711
24650458,425,4,421
24650459,466,1,465
24650460,483,7,476
24650461,651,6,645
24650462,491,0,491
24650463,446,7,439
24650464,1032,0,1032
24650466,595,5,590
24650467,429,0,429
24650468,530,0,530
24650469,387,1,386
24650470,451,0,451
24650471,502,6,496
24650472,424,3,421
24650473,522,1,521
24650474,442,9,433
24650475,685,25,660
24650476,438,3,435
24650477,632,14,618
24650478,649,6,643
24650479,1135,4,1131
24650480,521,8,513
24650481,588,6,582
24650482,509,0,509
24650483,672,0,672
24650485,663,0,663
24650486,963,3,960
24650487,520,0,520
24650488,605,0,605
24650489,346,0,346
24650490,439,0,439
24650492,609,0,609
24650493,658,4,654
24650494,530,0,530
24650495,595,0,595
24650496,410,0,410
24650497,714,0,714
24650498,775,0,775
24650499,441,0,441
24650500,618,0,618
24650501,792,10,782
24650502,1217,0,1217
24650504,575,0,575
24650505,748,2,746
24650506,1142,1,1141
24650507,523,4,519
24650508,544,0,544
24650509,544,0,544
24650510,560,6,554
24650511,1954,8,1946
24650512,798,0,798
24650513,346,0,346
24650514,452,14,438
24650515,570,0,570
24650516,447,1,446
24650517,524,12,512
24650518,551,5,546
24650519,450,0,450
24650520,603,9,594
24650521,481,1,480
24650522,566,5,561
24650523,473,4,469
24650527,691,5,686
24650528,1183,1,1182
24650529,410,5,405
24650530,454,3,451
24650531,360,0,360
24650532,1084,10,1074
24650533,536,0,536
24650534,465,0,465
24650535,780,0,780
24650536,1534,0,1534
24650537,643,0,643
24650538,684,0,684
24650539,459,0,459
24650540,455,0,455
24650541,1059,10,1049
24650542,836,6,830
24650543,805,4,801
24650544,558,3,555
24650545,970,10,960
24650546,419,11,408
24650547,1011,9,1002
24650548,384,6,378
24650549,391,3,388
24650550,530,1,529
24650551,419,11,408
24650552,624,1,623
24650554,1101,1,1100
24650555,520,13,507
24650556,338,12,326
24650557,397,9,388
24650558,398,9,389
24650559,580,0,580
24650562,1068,1,1067
24650563,485,1,484
24650564,581,4,577
24650565,584,1,583
24650566,974,1,973
24650567,822,19,803
24650568,429,0,429
24650569,568,3,565
24650570,566,1,565
24650571,961,1,960
24650573,1268,11,1257
24650574,547,0,547
24650575,579,1,578
24650576,678,0,678
24650577,1875,49,1826
24650579,361,0,361
24650580,487,0,487
24650581,382,8,374
24650582,703,11,692
24650583,440,1,439
24650584,501,1,500
24650585,490,0,490
24650586,572,0,572
24650587,747,2,745
24650588,662,0,662
24650589,373,13,360
24650590,621,5,616
24650591,218,1,217
24650592,492,7,485
24650593,467,0,467
24650594,1663,0,1663
24650595,0,0,0
24650596,638,25,613
24650597,888,15,873
24650598,947,26,921
24650599,1156,7,1149
24650600,1374,3,1371
24650602,1761,4,1757
24650603,2173,8,2165
24650604,1296,10,1286
24650605,1793,0,1793
24650606,608,2,606
24650607,734,9,725
24650608,482,0,482
24650609,1797,0,1797
24650610,1427,0,1427
24650612,1261,4,1257
24650613,502,2,500
24650614,485,17,468
24650615,574,5,569
24650616,522,5,517
24650618,745,0,745
24650619,442,0,442
24650620,1097,4,1093
24650621,490,0,490
24650622,741,0,741
24650623,391,0,391
24650624,771,0,771
24650625,585,6,579
24650626,764,0,764
24650627,497,0,497
24650628,623,0,623
24650629,1512,4,1508
24650630,2925,10,2915
24650631,1179,0,1179
24650632,926,2,924
24650633,894,0,894
24650634,1521,0,1521
24650635,2030,1,2029
24650636,478,1,477
24650637,638,0,638
24650638,883,0,883
24650639,1738,0,1738
24650640,667,0,667
24650641,615,0,615
24650642,373,0,373
24650643,517,0,517
24650644,664,0,664
24650645,1821,0,1821
24650646,734,3,731
24650647,2821,8,2813
24650649,1532,0,1532
24650650,258,7,251
24650651,545,0,545
24650653,527,9,518
24650654,462,0,462
24650655,463,13,450
24650657,1035,3,1032
24650658,1087,9,1078
24650663,328,1,327
24650664,634,11,623
24650665,760,7,753
24650667,1903,5,1898
24650668,3942,5,3937
24650669,1040,0,1040
24650670,1242,0,1242
24650672,2720,16,2704
24650673,590,1,589
24650676,445,0,445
24650677,898,0,898
24650678,504,0,504
24650679,2137,13,2124
24650680,1166,1,1165
24650681,538,0,538
24650682,648,0,648
24650683,1454,0,1454
24650684,1668,0,1668
24650685,443,0,443
24650686,403,0,403
24650687,494,1,493
24650688,472,6,466
24650689,835,0,835
24650690,1204,3,1201
24650691,733,0,733
24650692,713,7,706
24650693,666,0,666
24650694,819,0,819
24650697,722,0,722
24650698,707,1,706
24650699,1114,2,1112
24650700,1190,12,1178
24650701,5454,21,5433
24650702,375,0,375
24650703,391,0,391
24650704,625,20,605
24650705,584,7,577
24650708,400,0,400
24650710,776,6,770
24660001,614,4,610
24660002,531,7,524
24660003,320,11,309
24660004,288,0,288
24660005,237,0,237
24660006,429,5,424
24660007,718,7,711
24660008,537,3,534
24660009,249,0,249
24660010,581,0,581
24660011,699,7,692
24660012,979,21,958
24660013,500,21,479
24660014,569,4,565
24660015,479,10,469
24660016,741,1,740
24660017,526,23,503
24660020,447,10,437
24660021,586,9,577
24660022,341,10,331
24660023,559,10,549
24660024,625,7,618
24660025,520,9,511
24660026,453,2,451
24660027,586,4,582
24660028,372,0,372
24660029,389,0,389
24660030,1122,4,1118
24660031,505,2,503
24660032,494,11,483
24660033,926,3,923
24660034,352,0,352
24660035,457,0,457
24660036,852,1,851
24660037,682,18,664
24660038,614,1,613
24660039,519,24,495
24660040,494,0,494
24660041,591,0,591
24660042,623,8,615
24660043,460,0,460
24660044,267,6,261
24660045,481,0,481
24660046,404,0,404
24660047,392,8,384
24660048,541,8,533
24660049,496,0,496
24660050,570,11,559
24660051,384,1,383
24660052,588,21,567
24660053,424,8,416
24660054,495,1,494
24660055,618,5,613
24660056,528,0,528
24660057,947,14,933
24660058,361,9,352
24660059,435,9,426
24660060,404,25,379
24660061,594,6,588
24660062,445,14,431
24660063,621,16,605
24660064,639,0,639
24660065,590,5,585
24660066,513,0,513
24660067,574,1,573
24660068,485,0,485
24660069,609,0,609
24660070,515,24,491
24660071,556,7,549
24660072,584,7,577
24660073,508,7,501
24660074,475,17,458
24660075,449,0,449
24660076,514,3,511
24660077,482,9,473
24660078,522,0,522
24660079,506,0,506
24660080,644,10,634
24660081,629,2,627
24660082,661,9,652
24660083,473,11,462
24660084,463,0,463
24660085,616,3,613
24660086,448,4,444
24660087,799,13,786
24660088,483,12,471
24660089,408,0,408
24660090,1097,9,1088
24660091,608,6,602
24660092,329,1,328
24660093,644,3,641
24660094,597,0,597
24660095,547,15,532
24660096,536,8,528
24660097,544,0,544
24660098,518,11,507
24660099,814,7,807
24660100,461,12,449
24660101,515,17,498
24660102,549,0,549
24660103,428,0,428
24660104,578,6,572
24660107,517,16,501
24660108,755,7,748
24660109,592,1,591
24660110,708,4,704
24660111,388,8,380
24660112,492,1,491
24660114,653,2,651
24660115,436,1,435
24660117,544,10,534
24660118,592,22,570
24660119,279,1,278
24660120,551,10,541
24660121,513,1,512
24660122,455,0,455
24660123,474,0,474
24660124,612,0,612
24660125,671,6,665
24660126,543,1,542
24660127,479,3,476
24660128,529,12,517
24660129,531,6,525
24660130,610,0,610
24660131,627,2,625
24660132,552,2,550
24660133,669,1,668
24660134,565,23,542
24660135,504,0,504
24660136,323,9,314
24660137,512,1,511
24660138,1900,3,1897
24660139,387,7,380
24660140,742,6,736
24660141,490,0,490
24660142,479,0,479
24660143,416,0,416
24660144,1476,6,1470
24660145,497,0,497
24660146,600,10,590
24660147,714,0,714
24660148,573,0,573
24660149,1014,9,1005
24660150,623,3,620
24660151,432,0,432
24660152,408,2,406
24660153,490,10,480
24660154,490,1,489
24660155,595,0,595
24660156,782,7,775
24660157,539,9,530
24660158,590,13,577
24660159,699,10,689
24660160,422,2,420
24660161,359,1,358
24660162,512,0,512
24660163,1035,4,1031
24660164,679,5,674
24660165,998,0,998
24660166,657,0,657
24660167,827,10,817
24660168,371,0,371
24660169,539,4,535
24660170,517,4,513
24660171,657,1,656
24660172,433,5,428
24660173,434,11,423
24660174,652,6,646
24660175,611,25,586
24660176,797,30,767
24660177,392,0,392
24660178,464,0,464
24660179,483,0,483
24660180,625,0,625
24660181,951,0,951
24660182,716,0,716
24660183,548,6,542
24660184,454,1,453
24660185,315,0,315
24660186,814,8,806
24660187,586,12,574
24660188,604,6,598
24660189,566,0,566
24660190,791,0,791
24660191,540,0,540
24660192,656,12,644
24660193,451,1,450
24660194,358,0,358
24660195,609,1,608
24660196,442,0,442
24660197,654,10,644
24660198,605,4,601
24660199,450,0,450
24660200,432,0,432
24660201,575,0,575
24660202,510,0,510
24660203,1343,10,1333
24660204,485,6,479
24660205,1395,14,1381
24660206,478,0,478
24660207,403,0,403
24660208,348,0,348
24660209,411,0,411
24660210,690,0,690
24660211,797,8,789
24660212,587,6,581
24660213,647,0,647
24660214,548,0,548
24660215,547,0,547
24660216,437,1,436
24660217,630,5,625
24660218,633,1,632
24660219,400,0,400
24660220,1040,1,1039
24660221,347,0,347
24660222,512,0,512
24660223,585,7,578
24660224,429,1,428
24660225,608,0,608
24660226,588,0,588
24660227,735,0,735
24660228,483,9,474
24660229,607,0,607
24660230,569,4,565
24660231,776,16,760
24660232,1076,0,1076
24660233,1624,3,1621
24660234,597,0,597
24660235,881,3,878
24660236,776,2,774
24660238,512,0,512
24660239,898,17,881
24660241,937,0,937
24660242,902,0,902
24660243,897,13,884
24660244,813,1,812
24660245,543,7,536
24660246,926,8,918
24660247,655,10,645
24660248,694,2,692
24660249,677,4,673
24660250,588,1,587
24660251,586,2,584
24660252,636,9,627
24660253,530,0,530
24660254,893,10,883
24660255,655,11,644
24660256,702,0,702
24660257,587,0,587
24660258,628,7,621
24660259,526,0,526
24660260,748,5,743
24660261,450,0,450
24660262,650,0,650
24660263,710,7,703
24660264,1121,8,1113
24660265,450,1,449
24660266,665,1,664
24660267,569,9,560
24660268,495,2,493
24660269,427,1,426
24660270,523,0,523
24660271,533,0,533
24660272,446,0,446
24660273,534,9,525
24660274,665,0,665
24660275,1059,5,1054
24660276,529,1,528
24660277,554,3,551
24660278,536,5,531
24660279,407,0,407
24660280,503,9,494
24660281,618,1,617
24660282,571,0,571
24660283,419,0,419
24660284,735,1,734
24660285,713,10,703
24660286,725,0,725
24660287,482,0,482
24660288,746,6,740
24660289,1101,4,1097
24660290,720,12,708
24660291,413,10,403
24660292,715,1,714
24660293,603,0,603
24660294,442,4,438
24660295,608,3,605
24660296,798,4,794
24660297,417,0,417
24660298,264,0,264
24660299,817,0,817
24660300,622,6,616
24660301,1491,18,1473
24660302,954,0,954
24660303,617,10,607
24660304,447,0,447
24660305,455,0,455
24660306,642,0,642
24660307,553,0,553
24660308,403,0,403
24660309,489,0,489
24660310,606,0,606
24660311,960,9,951
24660312,549,10,539
24660313,792,8,784
24660314,494,0,494
24660315,414,1,413
24660316,608,0,608
24660319,449,7,442
24660320,607,6,601
24660321,781,9,772
24660322,678,4,674
24660323,666,0,666
24660324,600,6,594
24660325,562,0,562
24660326,396,0,396
24660327,613,1,612
24660328,694,2,692
24660329,529,1,528
24660330,632,0,632
24660331,546,3,543
24660332,520,17,503
24660333,495,0,495
24660334,677,0,677
24660335,695,9,686
24660336,600,0,600
24660337,681,0,681
24660338,908,0,908
24660339,605,0,605
24660340,262,0,262
24660341,413,2,411
24660342,593,2,591
24660343,539,2,537
24660344,492,1,491
24660345,683,0,683
24660346,781,6,775
24660347,490,1,489
24660348,321,6,315
24660349,493,0,493
24660350,614,0,614
24660351,534,0,534
24660352,537,0,537
24660353,571,10,561
24660354,674,2,672
24660355,562,1,561
24660356,474,6,468
24660357,495,6,489
24660358,666,1,665
24660359,546,2,544
24660360,488,2,486
24660361,581,5,576
24660362,676,0,676
24660363,728,0,728
24660364,939,0,939
24660365,605,0,605
24660366,562,0,562
24660367,861,0,861
24660368,778,1,777
24660369,602,8,594
24660370,611,0,611
24660371,561,6,555
24660372,779,7,772
24660373,711,0,711
24660374,517,0,517
24660375,528,8,520
24660376,304,0,304
24660377,344,11,333
24660378,302,0,302
24660379,483,1,482
24660380,388,0,388
24660381,1186,0,1186
24660382,504,1,503
24660383,604,9,595
24660384,547,0,547
24660385,713,2,711
24660386,544,12,532
24660387,453,1,452
24660388,475,0,475
24660389,749,2,747
24660390,412,0,412
24660391,377,3,374
24660392,458,0,458
24660393,655,1,654
24660394,600,0,600
24660395,574,0,574
24660396,478,0,478
24660397,672,1,671
24660398,1013,0,1013
24660399,466,0,466
24660400,595,0,595
24660401,549,0,549
24660402,805,2,803
24660403,358,0,358
24660404,430,1,429
24660405,613,1,612
24660406,437,0,437
24660407,454,7,447
24660408,546,10,536
24660409,537,6,531
24660410,492,0,492
24660411,510,6,504
24660412,757,1,756
24660413,602,5,597
24660414,605,5,600
24660415,688,2,686
24660416,444,4,440
24660417,413,0,413
24660418,277,0,277
24660419,459,0,459
24660420,524,0,524
24660421,649,6,643
24660422,553,7,546
24660423,487,7,480
24660424,494,2,492
24660425,601,0,601
24660426,545,5,540
24660427,533,0,533
24660428,796,7,789
24660429,651,0,651
24660430,466,0,466
24660431,525,0,525
24660432,655,10,645
24660433,714,12,702
24660434,661,5,656
24660435,593,3,590
24660436,501,0,501
24660437,364,0,364
24660438,446,0,446
24660439,368,1,367
24660440,305,0,305
24660441,328,0,328
24660442,622,8,614
24660443,555,0,555
24660444,542,17,525
24660445,700,24,676
24660446,334,4,330
24660447,434,6,428
24660448,444,0,444
24660449,394,2,392
24660450,583,1,582
24660451,660,0,660
24660452,482,6,476
24660453,698,15,683
24660454,498,1,497
24660455,424,0,424
24660456,824,7,817
24660457,557,1,556
24660458,745,1,744
24660459,659,0,659
24660460,732,10,722
24660461,643,10,633
24660462,598,0,598
24660463,720,5,715
24660464,651,4,647
24660465,562,2,560
24660466,510,5,505
24660467,449,6,443
24660468,720,0,720
24660469,532,9,523
24660470,694,0,694
24660471,605,1,604
24660472,678,6,672
24660473,677,4,673
24660474,675,4,671
24660475,529,7,522
24660476,487,2,485
24660478,761,5,756
24660479,670,6,664
24660480,504,4,500
24660481,448,1,447
24660482,575,2,573
24660483,500,5,495
24660484,728,5,723
24660485,473,1,472
24660486,1028,6,1022
24660487,619,2,617
24660488,748,1,747
24660489,596,3,593
24660490,618,3,615
24660491,644,0,644
24660492,701,7,694
24660493,520,1,519
24660494,641,0,641
24660495,407,0,407
24660496,1080,2,1078
24660497,574,12,562
24660498,721,7,714
24660499,573,0,573
24660500,894,0,894
24660501,729,6,723
24660502,965,0,965
24660503,530,4,526
24660504,538,0,538
24660505,591,0,591
24660506,725,0,725
24660507,493,0,493
24660508,550,11,539
24660509,536,0,536
24660510,450,0,450
24660511,425,0,425
24660512,1206,0,1206
24660513,930,1,929
24660514,496,2,494
24660515,748,10,738
24660516,1441,6,1435
24660517,1064,3,1061
24660518,1339,0,1339
24660525,633,6,627
24660526,757,0,757
24660530,657,0,657
24660533,541,0,541
24660536,1956,0,1956
24660537,1031,0,1031
24660538,517,3,514
24660539,682,16,666
24660540,1208,1,1207
24660541,614,0,614
24660542,448,0,448
24660543,553,2,551
24660544,543,2,541
24660545,767,2,765
24660546,651,0,651
24660547,485,0,485
24660548,613,0,613
24660550,519,0,519
24660551,450,6,444
24660552,782,4,778
24660555,645,0,645
24660556,1143,2,1141
24660557,657,7,650
24660558,718,0,718
24660560,524,1,523
24660561,664,5,659
24660562,673,1,672
24660563,599,1,598
24660564,630,3,627
24660565,1040,2,1038
24660566,605,5,600
24660567,556,5,551
24660568,627,0,627
24660569,491,4,487
24660570,538,0,538
24660571,746,0,746
24660572,574,0,574
24660576,559,0,559
24660577,456,0,456
24660578,873,0,873
24660579,571,1,570
24660580,328,0,328
24660581,773,0,773
24660582,877,1,876
24660583,911,0,911
24660584,564,0,564
24660585,904,0,904
24660586,524,0,524
24660587,479,2,477
24660588,536,0,536
24660590,350,1,349
24660594,579,15,564
24660595,2023,0,2023
24660596,628,2,626
24660597,472,0,472
24660598,428,0,428
24660599,474,0,474
24660600,622,0,622
24660601,745,2,743
24660602,517,1,516
24660603,436,0,436
24660604,503,23,480
24660605,546,0,546
24660606,388,0,388
24660607,943,0,943
24660608,1224,6,1218
24660609,1151,0,1151
24660610,553,5,548
24660611,1933,1,1932
24660613,1024,1,1023
24660614,439,0,439
24660615,562,1,561
24660616,980,0,980
24660617,399,0,399
24660618,668,0,668
24660619,558,0,558
24660620,454,0,454
24660621,371,0,371
24660622,528,0,528
24660623,290,0,290
24660624,458,0,458
24660625,574,0,574
24660626,509,13,496
24660627,532,0,532
24660628,576,3,573
24660629,817,1,816
24660630,505,0,505
24660631,719,0,719
24660632,508,0,508
24660633,651,21,630
24660634,695,2,693
24660635,926,9,917
24660636,583,0,583
24660637,580,7,573
24660638,485,4,481
24660639,503,4,499
24660640,439,0,439
24660641,557,7,550
24660642,497,0,497
24660643,632,0,632
24660644,620,11,609
24660645,729,18,711
24660646,664,0,664
24660649,804,0,804
24660650,1019,3,1016
24660652,560,13,547
24660654,402,0,402
24660655,480,0,480
24660656,634,0,634
24660657,789,0,789
24660659,647,0,647
24660660,551,9,542
24660661,802,1,801
24660662,254,0,254
24660663,648,4,644
24660664,1037,0,1037
24660665,518,0,518
24660666,870,0,870
24660667,533,9,524
24660668,474,1,473
24660669,553,1,552
24660670,779,1,778
24660671,799,0,799
24660672,488,0,488
24660673,478,0,478
24660676,474,12,462
24660677,579,0,579
24660678,1001,0,1001
24660679,614,0,614
24660680,443,1,442
24660681,1071,2,1069
24660682,252,1,251
24660683,462,1,461
24660684,606,0,606
24660685,633,0,633
24660686,365,0,365
24660687,663,0,663
24660688,629,0,629
24660689,799,2,797
24660690,624,0,624
24660691,576,0,576
24660692,633,3,630
24660693,770,10,760
24660694,676,0,676
24660695,1056,1,1055
24660696,582,0,582
24660697,717,4,713
24660698,264,0,264
24660699,517,4,513
24660700,500,0,500
24660701,504,0,504
24660710,612,0,612
24660711,676,1,675
24660712,502,1,501
24660713,515,0,515
24660714,521,1,520
24660715,582,3,579
24660716,545,0,545
24660717,684,1,683
24660718,614,4,610
24660719,421,1,420
24660722,414,0,414
24660723,578,0,578
24660724,424,9,415
24660725,602,0,602
24660726,524,10,514
24660727,711,2,709
24660728,671,8,663
24660729,355,5,350
24660730,565,0,565
24660731,376,0,376
24660732,321,0,321
24660733,516,4,512
24660734,511,16,495
24660735,573,0,573
24660736,897,20,877
24660737,725,0,725
24660738,499,10,489
24660741,1622,14,1608
24660742,362,19,343
24660743,423,23,400
24660744,1197,9,1188
24660745,539,0,539
24660746,559,0,559
24660748,588,0,588
24660749,798,7,791
24660750,596,4,592
24660751,643,0,643
24660752,456,0,456
24660753,510,8,502
24660754,626,1,625
24660755,1286,2,1284
24660756,535,1,534
24660757,665,2,663
24660758,474,0,474
24660759,804,11,793
24660760,487,1,486
24660761,557,2,555
24660762,659,1,658
24660763,548,9,539
24660764,841,0,841
24660765,568,10,558
24660766,570,0,570
24660767,529,0,529
24660768,524,0,524
24660769,802,1,801
24660770,505,0,505
24660771,749,0,749
24660772,529,1,528
24660773,543,1,542
24660774,698,1,697
24660775,554,1,553
24660776,688,14,674
24660777,435,0,435
24660778,519,0,519
24660779,541,7,534
24660780,607,1,606
24660781,539,0,539
24660783,596,0,596
24660784,490,0,490
24660785,540,0,540
24660786,430,0,430
24660787,407,2,405
24660788,854,0,854
24660794,1071,0,1071
24660797,475,0,475
24660798,619,1,618
24660799,565,1,564
24660800,518,1,517
24660801,436,0,436
24660802,611,1,610
24660803,418,0,418
24660804,614,1,613
24660805,498,0,498
24660806,542,0,542
24660807,551,0,551
24660808,352,0,352
24660809,540,0,540
24660810,505,0,505
24660812,1376,20,1356
24660813,655,9,646
24660814,644,24,620
24660815,533,0,533
24660816,803,0,803
24660818,713,39,674
24660820,541,0,541
24660821,582,14,568
24660822,397,11,386
24660823,600,9,591
24660824,934,5,929
24660825,578,0,578
24660826,483,7,476
24660827,693,15,678
24660828,590,2,588
24660829,607,0,607
24660830,593,0,593
24660832,431,0,431
24660833,414,5,409
24660834,603,1,602
24660835,768,5,763
24660836,498,6,492
24660837,669,0,669
24660838,599,0,599
24660839,763,2,761
24660840,699,2,697
24660841,686,0,686
24660842,680,2,678
24660843,297,1,296
24660844,597,5,592
24660845,535,0,535
24660846,698,10,688
24660847,605,9,596
24660848,447,6,441
24660849,597,2,595
24660850,425,2,423
24660851,538,1,537
24660852,584,0,584
24660853,604,3,601
24660854,829,0,829
24660855,500,0,500
24660856,1012,1,1011
24660857,635,1,634
24660858,462,0,462
24660859,680,0,680
24660860,678,0,678
24660861,1051,1,1050
24660862,483,0,483
24660863,666,3,663
24660864,772,0,772
24660865,1142,5,1137
24660866,988,0,988
24660868,608,1,607
24660869,326,3,323
24660870,378,10,368
24660871,801,39,762
24660872,777,8,769
24660874,541,0,541
24660876,535,11,524
24660877,472,2,470
24660878,257,2,255
24660879,537,4,533
24660880,641,0,641
24660881,315,0,315
24660882,458,4,454
24660883,725,0,725
24660884,688,0,688
24660885,633,0,633
24660886,1000,0,1000
24660887,451,7,444
24660888,448,11,437
24660889,410,6,404
24660890,596,1,595
24660891,472,0,472
24660892,563,6,557
24660893,518,15,503
24660894,783,6,777
24660895,481,0,481
24660896,433,0,433
24660897,682,5,677
24660898,273,0,273
24660899,499,4,495
24660900,660,6,654
24660901,540,5,535
24660902,551,13,538
24660903,462,0,462
24660904,431,14,417
24660905,737,44,693
24660906,420,4,416
24660907,308,6,302
24660908,781,6,775
24660909,483,1,482
24660910,482,1,481
24660911,461,1,460
24660912,562,25,537
24660913,393,1,392
24660914,336,0,336
24660915,815,39,776
24660916,452,3,449
24660917,464,0,464
24660918,500,7,493
24660919,530,11,519
24660920,422,0,422
24660921,693,9,684
24660922,585,3,582
24660923,734,3,731
24660924,456,2,454
24660925,664,3,661
24660926,708,19,689
24660927,629,9,620
24660928,468,0,468
24660929,702,0,702
24660930,353,8,345
24660931,519,1,518
24660932,401,0,401
24660933,444,9,435
24660934,456,0,456
24660935,625,3,622
24660936,462,0,462
24660937,406,0,406
24660938,566,3,563
24660939,372,0,372
24660940,644,0,644
24660941,358,2,356
24660942,773,13,760
24660943,355,1,354
24660944,567,6,561
24660945,425,1,424
24660946,590,1,589
24660947,436,15,421
24660948,707,7,700
24660949,880,15,865
24660950,609,10,599
24660951,526,0,526
24660952,846,9,837
24660953,467,0,467
24660954,521,0,521
24660955,394,0,394
24660956,567,9,558
24660957,397,0,397
24660958,514,3,511
24660959,356,4,352
24660960,476,1,475
24660961,559,6,553
24660962,481,6,475
24660963,468,6,462
24660964,571,1,570
24660965,449,4,445
24660966,652,3,649
24660967,797,21,776
24660968,749,9,740
24660969,465,7,458
24660970,548,10,538
24660971,448,0,448
24660972,307,7,300
24660973,405,0,405
24660974,349,0,349
24660975,659,15,644
24660976,523,0,523
24660977,557,6,551
24660978,536,4,532
24660979,544,0,544
24660980,428,8,420
24660981,1001,29,972
24660982,436,0,436
24660983,711,0,711
24660984,351,0,351
24660985,446,2,444
24660986,438,7,431
24660987,465,10,455
24660988,374,0,374
24660989,352,10,342
24660990,631,7,624
24660991,731,12,719
24660992,783,5,778
24660993,550,0,550
24660994,590,0,590
24660995,310,0,310
24660997,1010,4,1006
24660998,710,3,707
24660999,553,15,538
24661000,518,1,517
24661001,597,1,596
24661002,835,3,832
24661003,588,18,570
24661004,577,1,576
24661005,501,6,495
24661006,320,0,320
24661007,551,8,543
24661008,416,2,414
24661009,658,12,646
24661010,639,1,638
24661011,473,4,469
24661012,400,0,400
24661013,672,7,665
24661014,650,15,635
24661015,335,9,326
24661016,660,3,657
24661017,740,8,732
24661018,793,0,793
24661019,583,3,580
24661020,628,10,618
24661021,299,1,298
24661022,420,2,418
24661023,506,2,504
24661024,517,6,511
24661025,559,0,559
24661026,749,7,742
24661027,564,1,563
24661028,514,9,505
24661029,504,29,475
24661030,934,6,928
24661031,455,8,447
24661032,891,28,863
24661033,395,10,385
24661034,647,13,634
24661035,492,14,478
24661036,515,2,513
24661037,401,11,390
24661038,444,0,444
24661039,422,1,421
24661040,549,13,536
24661041,600,44,556
24661042,570,17,553
24661043,809,17,792
24661044,615,3,612
24661045,562,3,559
24661046,387,11,376
24661047,740,6,734
24661048,1690,19,1671
24661049,464,11,453
24661050,636,1,635
24661051,558,13,545
24661052,542,0,542
24661053,606,11,595
24661054,848,5,843
24661055,1394,7,1387
24661058,726,17,709
24661059,424,11,413
24661060,769,11,758
24661062,825,4,821
24661063,599,0,599
24661066,485,3,482
24661067,388,1,387
24661068,637,0,637
24661069,686,4,682
24661070,602,1,601
24661071,443,0,443
24661072,557,0,557
24661073,641,1,640
24661080,1423,7,1416
24661081,718,7,711
24661082,875,10,865
24661083,548,1,547
24661084,741,0,741
24661086,135,0,135
24661087,648,10,638
24661093,551,1,550
24661094,959,11,948
24661099,377,0,377
24661100,721,0,721
24661102,898,10,888
24661103,499,1,498
24661104,1993,25,1968
24661105,331,0,331
24661106,4582,0,4582
24661108,740,0,740
24661109,600,2,598
24661110,455,9,446
24661111,595,9,586
24661113,578,26,552
24661114,630,0,630
24661116,584,2,582
24661117,546,6,540
24661118,544,8,536
24661119,921,10,911
24661120,904,3,901
24661121,586,6,580
24661122,740,7,733
24661123,605,7,598
24661124,1449,2,1447
24661125,956,4,952
24661126,723,2,721
24661127,752,11,741
24661128,649,8,641
24661129,762,0,762
24661130,563,2,561
24661131,523,9,514
24661132,519,0,519
24661133,394,0,394
24661134,520,5,515
24661135,818,0,818
24661136,598,2,596
24661137,689,6,683
24661138,477,0,477
24661139,535,6,529
24661140,578,26,552
24661141,535,3,532
24661142,379,6,373
24661143,524,5,519
24661144,809,22,787
24661145,331,0,331
24661146,699,7,692
24661147,687,5,682
24661148,542,16,526
24661149,631,0,631
24661150,592,27,565
24661151,380,0,380
24661152,572,6,566
24661153,545,1,544
24661154,439,7,432
24661155,491,17,474
24661156,522,10,512
24661157,455,0,455
24661158,471,27,444
24661159,403,0,403
24661160,462,8,454
24661161,384,4,380
24661162,701,4,697
24661163,726,4,722
24661164,500,19,481
24661165,576,0,576
24661166,671,28,643
24661167,458,0,458
24661168,410,0,410
24661169,783,0,783
24661170,568,3,565
24661171,607,0,607
24661172,705,2,703
24661173,436,10,426
24661174,588,10,578
24661175,485,28,457
24661176,503,16,487
24661177,504,4,500
24661178,379,1,378
24661179,1048,25,1023
24661180,817,17,800
24661181,653,2,651
24661182,491,4,487
24661183,808,5,803
24661184,667,8,659
24661185,550,5,545
24661187,614,1,613
24661189,777,0,777
24661190,672,0,672
24661191,567,8,559
24661192,663,2,661
24661193,351,0,351
24661194,676,7,669
24661195,584,11,573
24661196,700,19,681
24661197,607,9,598
24661198,537,8,529
24661199,543,10,533
24661200,575,0,575
24661201,588,6,582
24661202,449,0,449
24661203,875,7,868
24661204,278,2,276
24661205,709,9,700
24661206,551,6,545
24661207,520,0,520
24661208,29,3,26
24661209,720,14,706
24661210,379,1,378
24661211,342,1,341
24661212,4792,39,4753
24661213,331,1,330
24661214,675,6,669
24661215,726,10,716
24661216,390,1,389
24661217,393,40,353
24661218,474,4,470
24661219,370,0,370
24661220,400,1,399
24661221,455,3,452
24661222,1104,3,1101
24661223,645,0,645
24661224,1413,4,1409
24661225,272,1,271
24661226,893,1,892
24661227,1541,2,1539
24661228,508,0,508
24661229,1281,7,1274
24661230,1178,0,1178
24661231,446,2,444
24661232,1438,7,1431
24661233,778,0,778
24661234,395,0,395
24661237,210,2,208
24661240,2466,10,2456
24661241,308,0,308
24661242,745,0,745
24661243,686,16,670
24661244,557,0,557
24661245,500,5,495
24661246,574,6,568
24661247,448,27,421
24661248,371,7,364
24661249,609,0,609
24661250,668,10,658
24661251,669,18,651
24661252,1437,21,1416
24661255,591,15,576
24661256,1238,14,1224
24661257,1062,6,1056
24661258,277,0,277
24661259,417,14,403
24661260,1212,13,1199
24661261,933,12,921
24661262,952,1,951
24661263,263,0,263
24661264,979,0,979
24661265,561,6,555
24661269,523,0,523
24661270,404,5,399
24661271,471,0,471
24661272,735,0,735
24661273,646,7,639
24661276,705,8,697
24661277,610,4,606
24661278,646,5,641
24661279,419,0,419
24661280,714,0,714
24661281,816,1,815
24661282,443,0,443
24661283,3053,12,3041
24661284,240,0,240
24661285,558,0,558
24661286,447,5,442
24661299,323,5,318
24661300,341,0,341
24661301,626,0,626
24661302,525,4,521
24661303,579,6,573
24661304,310,4,306
24661305,457,0,457
24661306,477,0,477
24661308,865,3,862
24661309,308,0,308
24661310,321,0,321
24661311,498,0,498
24661312,468,2,466
24661313,620,4,616
24661314,805,3,802
24661315,689,1,688
24661316,924,18,906
24661317,466,7,459
24661318,293,0,293
24661319,567,1,566
24661320,758,0,758
24661321,489,0,489
24661322,484,0,484
24661323,735,0,735
24661324,427,0,427
24661325,369,0,369
24661326,308,0,308
24661327,496,5,491
24661328,774,4,770
24661329,695,5,690
24661330,535,0,535
24661331,348,5,343
24661332,666,9,657
24661333,531,0,531
24661334,122,0,122
24661335,512,0,512
24661336,660,6,654
24661337,497,0,497
24661338,534,0,534
24661339,1070,3,1067
24661340,747,3,744
24661341,276,0,276
24661342,484,3,481
24661343,1171,4,1167
24661344,386,0,386
24661345,350,0,350
24661346,787,0,787
24661347,339,0,339
24661348,448,0,448
24661349,453,2,451
24661350,423,1,422
24661351,1127,1,1126
24661352,754,12,742
24661353,580,5,575
24661354,594,0,594
24661355,629,10,619
24661356,563,12,551
24661357,552,2,550
24661358,621,0,621
24661359,681,0,681
24661360,507,2,505
24661361,652,0,652
24661362,843,9,834
24661363,509,8,501
24661364,789,0,789
24661365,603,0,603
24661366,702,0,702
24661367,1058,6,1052
24661368,833,1,832
24661369,653,4,649
24661370,649,3,646
24661371,596,21,575
24661372,427,2,425
24661373,446,6,440
24661374,301,0,301
24661375,1035,18,1017
24661376,591,20,571
24661377,420,9,411
24661378,571,0,571
24661379,533,2,531
24661380,440,5,435
24661381,723,5,718
24661382,725,10,715
24661383,1102,15,1087
24661384,732,9,723
24661385,622,0,622
24661386,367,0,367
24661387,456,0,456
24661388,450,0,450
24661389,443,9,434
24661390,465,0,465
24661391,546,0,546
24661392,459,4,455
24661393,370,0,370
24661394,716,9,707
24661395,469,0,469
24661396,631,0,631
24661397,420,0,420
24661398,493,0,493
24661399,464,4,460
24661400,419,1,418
24661401,476,4,472
24661402,1491,47,1444
24661405,1376,3,1373
24661407,613,8,605
24661408,441,0,441
24661409,519,0,519
24661410,502,1,501
24661411,456,0,456
24661412,271,18,253
24661413,699,12,687
24661414,538,0,538
24661415,860,3,857
24661416,536,3,533
24661417,671,0,671
24661418,352,6,346
24661419,476,0,476
24661420,410,13,397
24661421,485,4,481
24661422,592,3,589
24661423,711,12,699
24661424,560,18,542
24661425,793,9,784
24661426,522,4,518
24661427,601,6,595
24661428,497,16,481
24661429,528,20,508
24661430,386,6,380
24661431,664,0,664
24661432,605,0,605
24661433,307,0,307
24661434,1004,4,1000
24661435,617,5,612
24661436,663,7,656
24661437,920,3,917
24661438,674,5,669
24661439,439,0,439
24661440,572,11,561
24661441,1125,10,1115
24661442,1152,2,1150
24661443,594,0,594
24661444,1542,52,1490
24661445,446,0,446
24661446,581,7,574
24661447,896,8,888
24661448,504,2,502
24661449,484,8,476
24661450,458,5,453
24661451,410,0,410
24661452,408,1,407
24661453,779,4,775
24661454,700,0,700
24661455,418,0,418
24661456,652,17,635
24661457,688,0,688
24661458,399,0,399
24661459,386,4,382
24661460,305,11,294
24661461,657,3,654
24661462,491,0,491
24661463,795,0,795
24661464,651,22,629
24661465,382,0,382
24661466,521,0,521
24661467,571,6,565
24661468,661,8,653
24661469,496,5,491
24661470,398,0,398
24661471,433,3,430
24661472,422,2,420
24661473,356,0,356
24661474,373,0,373
24661475,350,0,350
24661476,361,0,361
24661477,767,2,765
24661478,473,1,472
24661479,720,7,713
24661480,594,5,589
24661481,645,27,618
24661482,772,1,771
24661483,574,5,569
24661484,630,5,625
24661485,474,4,470
24661486,536,6,530
24661487,625,1,624
24661488,509,1,508
24661489,655,4,651
24661490,633,4,629
24661491,658,0,658
24661492,469,6,463
24661493,768,4,764
24661494,789,5,784
24661495,441,1,440
24661496,367,1,366
24661497,357,0,357
24661498,364,0,364
24661499,615,8,607
24661500,563,8,555
24661501,542,6,536
24661502,499,0,499
24661503,474,0,474
24661504,592,14,578
24661505,497,0,497
24661506,750,3,747
24661507,640,8,632
24661508,452,0,452
24661509,630,15,615
24661510,557,0,557
24661513,568,0,568
24661514,557,8,549
24661515,506,8,498
24661516,653,11,642
24661517,563,7,556
24661518,630,0,630
24661519,686,0,686
24661520,1022,0,1022
24661521,2021,11,2010
24661522,966,4,962
24661523,465,3,462
24661524,349,17,332
24661525,559,0,559
24661526,407,0,407
24661527,425,0,425
24661528,506,0,506
24661529,415,0,415
24661530,557,0,557
24661531,619,0,619
24661532,652,0,652
24661533,862,5,857
24661534,444,0,444
24661535,547,2,545
24661536,524,4,520
24661537,534,0,534
24661538,457,1,456
24661539,597,0,597
24661540,648,3,645
24661541,514,0,514
24661542,354,0,354
24661543,408,3,405
24661544,381,0,381
24661545,645,0,645
24661546,504,2,502
24661547,630,0,630
24661548,597,0,597
24661549,588,20,568
24661550,374,0,374
24661551,530,0,530
24661554,354,0,354
24661555,730,3,727
24661556,619,0,619
24661557,456,0,456
24661558,349,10,339
24661559,399,0,399
24661560,585,0,585
24661561,367,3,364
24661562,528,0,528
24661563,756,1,755
24661564,948,10,938
24661566,776,0,776
24661567,443,0,443
24661568,457,0,457
24661569,445,0,445
24661570,433,10,423
24661571,570,0,570
24661572,633,0,633
24661573,1510,12,1498
24661574,576,1,575
24661575,737,0,737
24661576,625,2,623
24661577,649,0,649
24661578,531,0,531
24661579,654,0,654
24661580,632,1,631
24661581,595,0,595
24661582,439,3,436
24661583,479,0,479
24661584,409,0,409
24661585,618,0,618
24661586,509,1,508
24661587,658,0,658
24661589,434,0,434
24661590,488,0,488
24661591,606,0,606
24661592,557,0,557
24661593,411,0,411
24661594,617,1,616
24661595,521,6,515
24661597,520,0,520
24661598,469,0,469
24661599,531,2,529
24661600,526,9,517
24661601,840,13,827
24661602,586,33,553
24661603,570,0,570
24661606,570,0,570
24661609,1190,0,1190
24661611,481,0,481
24661614,902,0,902
24661615,787,0,787
24661616,689,0,689
24661617,328,0,328
24661618,1055,0,1055
24661619,882,0,882
24661620,919,0,919
24661621,1172,4,1168
24661622,412,0,412
24661623,563,0,563
24661624,422,0,422
24661625,636,0,636
24661626,842,0,842
24661627,962,1,961
24661628,724,12,712
24661629,561,0,561
24661630,755,2,753
24661631,800,1,799
24661632,632,0,632
24661633,697,10,687
24661634,353,10,343
24661635,555,0,555
24661636,531,0,531
24661637,300,0,300
24661638,395,0,395
24661639,743,7,736
24661640,786,19,767
24661641,679,9,670
24661642,461,2,459
24661643,473,14,459
24661644,476,9,467
24661645,684,12,672
24661646,412,6,406
24661647,914,1,913
24661648,470,11,459
24661649,430,6,424
24661650,492,2,490
24661651,513,0,513
24661652,590,8,582
24661653,648,2,646
24661654,795,2,793
24661655,394,7,387
24661656,355,0,355
24661657,450,3,447
24661658,668,4,664
24661659,559,15,544
24661660,601,4,597
24661661,437,11,426
24661662,489,1,488
24661663,539,0,539
24661664,687,9,678
24661665,504,0,504
24661666,737,0,737
24661667,438,6,432
24661668,632,14,618
24661669,552,0,552
24661670,847,6,841
24661671,456,7,449
24661672,379,9,370
24661673,1141,16,1125
24661674,638,0,638
24661675,304,0,304
24661676,461,0,461
24661677,439,0,439
24661678,463,0,463
24661679,300,0,300
24661680,648,26,622
24661681,651,9,642
24661682,653,8,645
24661683,532,13,519
24661684,664,0,664
24661685,866,11,855
24661686,667,0,667
24661687,568,1,567
24661688,480,31,449
24661689,432,7,425
24661690,414,0,414
24661691,578,13,565
24661692,746,0,746
24661693,504,7,497
24661694,339,3,336
24661695,348,0,348
24661696,597,0,597
24661697,1269,4,1265
24661698,552,0,552
24661699,732,2,730
24661700,721,10,711
24661701,469,0,469
24661702,526,0,526
24661703,617,1,616
24661704,642,0,642
24661705,632,0,632
24661708,2802,44,2758
24661709,939,24,915
24661710,498,11,487
24661711,538,5,533
24661712,394,5,389
24661713,584,8,576
24661714,492,0,492
24661715,688,7,681
24661716,527,8,519
24661717,462,2,460
24661718,433,10,423
24661719,675,0,675
24661720,642,4,638
24661721,478,1,477
24661723,645,5,640
24661725,305,0,305
24661726,454,1,453
24661727,469,3,466
24661728,850,11,839
24661729,235,16,219
24661730,435,9,426
24661731,480,2,478
24661732,411,2,409
24661733,487,12,475
24661734,580,2,578
24661735,550,10,540
24661736,553,14,539
24661737,426,18,408
24661738,675,8,667
24661739,571,17,554
24661740,458,9,449
24661741,587,7,580
24661742,509,3,506
24661743,412,7,405
24661744,631,4,627
24661745,465,15,450
24661746,798,9,789
24661747,498,1,497
24661748,1088,7,1081
24661749,586,24,562
24661750,576,19,557
24661751,363,0,363
24661752,796,7,789
24661753,533,4,529
24661754,453,0,453
24661755,461,4,457
24661756,442,11,431
24661757,818,7,811
24661758,486,11,475
24661759,507,7,500
24661760,436,3,433
24661761,835,12,823
24661762,617,0,617
24661763,1063,16,1047
24661764,352,8,344
24661765,1023,13,1010
24661766,885,9,876
24661767,1287,26,1261
24661768,506,1,505
24661769,358,0,358
24661770,426,0,426
24661771,768,4,764
24661772,364,4,360
24661773,690,12,678
24661774,463,2,461
24661775,448,12,436
24661776,427,0,427
24661777,701,5,696
24661778,1195,12,1183
24661779,638,3,635
24661780,552,2,550
24661781,759,8,751
24661782,642,7,635
24661783,1030,7,1023
24661784,692,0,692
24661785,419,4,415
24661786,605,0,605
24661787,562,18,544
24661788,563,7,556
24661789,566,2,564
24661790,609,26,583
24661791,563,6,557
24661792,662,22,640
24661793,417,4,413
24661794,424,14,410
24661795,807,1,806
24661796,488,8,480
24661797,344,10,334
24661798,669,3,666
24661799,540,6,534
24661800,549,0,549
24661801,301,1,300
24661802,669,6,663
24661803,479,3,476
24661804,524,11,513
24661805,672,0,672
24661806,721,1,720
24661807,588,4,584
24661808,454,7,447
24661809,492,5,487
24661810,1250,0,1250
24661811,489,0,489
24661812,492,0,492
24661813,438,14,424
24661814,590,9,581
24661815,349,0,349
24661816,630,1,629
24661817,556,6,550
24661818,459,7,452
24661819,678,0,678
24661820,535,0,535
24661821,764,8,756
24661822,608,19,589
24661823,580,2,578
24661824,1057,11,1046
24661825,504,1,503
24661826,582,9,573
24661827,960,4,956
24661828,678,16,662
24661829,518,0,518
24661830,566,14,552
24661831,454,10,444
24661832,583,9,574
24661833,624,2,622
24661834,561,4,557
24661835,635,1,634
24661836,338,2,336
24661837,446,4,442
24661838,756,2,754
24661839,596,1,595
24661840,331,0,331
24661841,381,1,380
24661842,734,13,721
24661843,669,7,662
24661844,541,1,540
24661845,533,8,525
24661846,588,1,587
24661847,605,12,593
24661848,749,8,741
24661849,765,0,765
24661850,588,0,588
24661851,723,9,714
24661852,707,9,698
24661853,947,10,937
24661854,512,8,504
24661855,589,8,581
24661856,367,0,367
24661857,370,0,370
24661858,937,15,922
24661859,690,10,680
24661860,639,11,628
24661861,630,10,620
24661862,431,8,423
24661863,598,0,598
24661864,348,10,338
24661865,513,0,513
24661866,568,14,554
24661867,494,10,484
24661868,456,9,447
24661869,501,0,501
24661870,853,20,833
24661871,1525,17,1508
24661872,172,0,172
24661873,601,11,590
24661874,740,1,739
24661877,475,9,466
24661879,989,17,972
24661880,584,4,580
24661881,730,11,719
24661882,1103,3,1100
24661883,657,8,649
24661884,583,10,573
24661885,782,6,776
24661886,709,9,700
24661887,631,2,629
24661889,1324,0,1324
24661890,394,0,394
24661891,330,0,330
24661892,553,12,541
24661893,309,27,282
24661894,334,1,333
24661895,722,0,722
24661896,504,17,487
24661897,696,0,696
24661898,549,8,541
24661899,984,0,984
24661900,601,9,592
24661901,418,6,412
24661902,718,15,703
24661903,457,8,449
24661904,496,0,496
24661905,544,3,541
24661906,545,1,544
24661907,682,2,680
24661908,788,2,786
24661909,395,18,377
24661910,491,0,491
24661911,524,4,520
24661912,474,3,471
24661913,575,0,575
24661916,696,14,682
24661917,799,6,793
24661918,618,4,614
24661919,859,7,852
24661920,419,9,410
24661921,392,9,383
24661922,527,12,515
24661925,2420,15,2405
24661926,568,2,566
24661927,691,0,691
24661928,719,0,719
24661929,535,2,533
24661936,410,5,405
24661937,713,0,713
24661940,690,9,681
24661941,503,19,484
24661942,284,0,284
24661943,503,0,503
24661944,628,25,603
24661945,398,0,398
24661946,751,4,747
24661947,467,7,460
24661948,524,0,524
24661949,681,0,681
24661950,408,0,408
24661953,638,1,637
24661954,637,0,637
24661955,502,0,502
24661956,442,1,441
24661957,748,2,746
24661958,781,15,766
24661959,498,3,495
24661960,618,0,618
24661961,474,6,468
24661962,454,3,451
24661963,783,18,765
24661964,774,16,758
24661965,628,1,627
24661966,1361,11,1350
24661967,923,24,899
24661968,524,1,523
24661969,637,0,637
24661970,516,5,511
24661971,489,4,485
24661972,841,14,827
24661973,505,8,497
24661974,539,1,538
24661975,575,9,566
24661976,582,10,572
24661977,422,1,421
24661978,563,3,560
24661979,671,11,660
24661980,572,0,572
24661981,472,9,463
24661982,544,1,543
24661983,646,4,642
24661984,635,6,629
24661985,395,3,392
24661986,637,5,632
24661987,405,23,382
24661988,323,2,321
24661989,556,0,556
24661990,477,10,467
24661991,614,2,612
24661992,561,5,556
24661993,639,5,634
24661994,484,7,477
24661995,736,8,728
24661996,479,7,472
24661997,526,23,503
24661998,687,16,671
24661999,585,9,576
24662000,515,7,508
24662001,623,9,614
24662002,595,8,587
24662003,287,8,279
24662004,567,4,563
24662005,533,3,530
24662006,579,1,578
24662007,599,5,594
24662008,604,2,602
24662009,498,0,498
24662010,565,0,565
24662011,771,8,763
24662012,682,0,682
24662013,577,6,571
24662014,775,3,772
24662015,387,9,378
24662016,627,1,626
24662017,412,9,403
24662018,441,0,441
24662019,436,7,429
24662020,468,7,461
24662021,462,0,462
24662022,527,2,525
24662024,1139,19,1120
24662025,738,0,738
24662026,828,11,817
24662027,634,0,634
24662028,445,0,445
24662029,582,3,579
24662030,544,18,526
24662031,726,1,725
24662032,639,6,633
24662033,422,0,422
24662034,314,0,314
24662035,602,3,599
24662036,532,0,532
24662037,605,0,605
24662038,420,1,419
24662039,336,0,336
24662040,1034,3,1031
24662041,867,4,863
24662042,578,11,567
24662043,293,2,291
24662044,589,1,588
24662045,657,3,654
24662046,792,18,774
24662047,494,10,484
24662048,562,2,560
24662049,728,0,728
24662050,595,1,594
24662051,700,19,681
24662052,510,3,507
24662053,601,0,601
24662054,804,2,802
24662055,1057,16,1041
24662056,936,12,924
24662057,627,2,625
24662058,922,11,911
24662064,729,12,717
24662065,623,4,619
24662066,1330,7,1323
24662067,20,0,20
24662069,482,2,480
24662070,892,5,887
24662071,617,22,595
24662072,637,0,637
24662073,1508,15,1493
24662074,702,1,701
24662075,499,6,493
24662076,684,6,678
24662077,529,5,524
24662078,637,9,628
24662079,725,3,722
24662080,587,7,580
24662081,821,16,805
24662082,480,9,471
24662083,643,0,643
24662084,800,16,784
24662085,678,0,678
24662086,650,0,650
24662087,651,1,650
24662088,726,1,725
24662089,1174,24,1150
24662090,743,4,739
24662091,479,4,475
24662092,614,3,611
24662093,520,3,517
24662094,711,1,710
24662095,627,7,620
24662096,574,7,567
24662097,614,8,606
24662098,369,8,361
24662099,583,3,580
24662100,392,5,387
24662101,422,6,416
24662102,305,0,305
24662103,499,1,498
24662104,608,11,597
24662105,615,0,615
24662106,500,7,493
24662108,771,12,759
24662109,592,0,592
24662110,449,19,430
24662111,466,0,466
24662112,540,0,540
24662113,501,0,501
24662114,1100,14,1086
24662115,1140,0,1140
24662116,636,0,636
24662117,324,0,324
24662118,391,8,383
24662119,712,3,709
24662120,536,0,536
24662121,513,0,513
24662122,686,6,680
24662123,436,1,435
24662124,559,3,556
24662125,717,0,717
24662126,588,16,572
24662127,793,6,787
24662128,905,7,898
24662129,575,0,575
24662130,497,7,490
24662131,680,4,676
24662132,634,3,631
24662133,533,4,529
24662134,540,1,539
24662135,480,0,480
24662136,1885,20,1865
24662137,353,3,350
24662138,627,1,626
24662140,990,0,990
24662141,542,0,542
24662142,792,0,792
24662143,359,0,359
24662144,833,10,823
24662145,313,0,313
24662147,641,4,637
24662148,627,2,625
24662149,741,1,740
24662150,665,4,661
24662151,551,6,545
24662152,801,3,798
24662153,747,12,735
24662154,857,0,857
24662155,1160,11,1149
24662156,350,0,350
24662157,626,8,618
24662158,606,8,598
24662159,716,0,716
24662160,858,19,839
24662161,735,1,734
24662162,516,23,493
24662163,1193,35,1158
24662164,331,0,331
24662165,643,21,622
24662167,656,9,647
24662168,660,7,653
24662169,361,6,355
24662170,738,2,736
24662171,877,19,858
24662172,506,0,506
24662173,587,0,587
24662174,951,8,943
24662175,639,14,625
24662176,665,0,665
24662177,330,6,324
24662178,901,19,882
24662179,941,8,933
24662180,899,0,899
24662182,517,10,507
24662183,271,0,271
24662187,618,3,615
24662192,525,4,521
24662193,1010,10,1000
24662194,2187,4,2183
24662195,573,16,557
24662196,545,5,540
24662197,630,2,628
24662198,683,0,683
24662199,595,22,573
24662200,562,12,550
24662201,546,2,544
24662202,531,3,528
24662203,710,22,688
24662204,557,9,548
24662205,1000,13,987
24662206,450,2,448
24662209,757,18,739
24662210,444,6,438
24662211,549,0,549
24662212,431,9,422
24662213,420,8,412
24662214,622,1,621
24662215,764,6,758
24662216,608,16,592
24662217,987,38,949
24662218,651,10,641
24662219,441,0,441
24662220,711,33,678
24662221,660,10,650
24662222,620,11,609
24662223,480,2,478
24662224,446,4,442
24662225,560,4,556
24662226,617,0,617
24662227,556,3,553
24662228,728,8,720
24662229,624,2,622
24662230,592,14,578
24662231,391,1,390
24662232,541,10,531
24662233,1691,35,1656
24662234,548,26,522
24662235,360,0,360
24662236,678,0,678
24662237,429,8,421
24662238,902,6,896
24662239,556,7,549
24662240,623,7,616
24662241,437,11,426
24662242,828,10,818
24662243,650,39,611
24662244,450,1,449
24662245,455,1,454
24662246,1278,72,1206
24662247,13,0,13
24662248,481,3,478
24662250,573,0,573
24662251,522,11,511
24662252,388,1,387
24662253,399,14,385
24662254,469,10,459
24662255,506,20,486
24662256,534,0,534
24662257,611,1,610
24662258,465,0,465
24662259,725,0,725
24662260,469,0,469
24662261,1112,8,1104
24662262,553,0,553
24662263,524,1,523
24662264,514,3,511
24662265,584,0,584
24662266,505,0,505
24662267,617,0,617
24662268,302,3,299
24662269,1363,0,1363
24662270,468,0,468
24662271,787,0,787
24662272,640,12,628
24662273,507,12,495
24662274,571,0,571
24662275,570,2,568
24662276,527,0,527
24662277,659,0,659
24662278,801,5,796
24662279,448,8,440
24662280,508,5,503
24662281,463,1,462
24662282,477,0,477
24662283,438,1,437
24662284,651,5,646
24662285,240,0,240
24662286,378,1,377
24662287,423,6,417
24662288,451,1,450
24662289,879,10,869
24662290,655,3,652
24662291,710,14,696
24662292,543,7,536
24662293,597,1,596
24662294,472,16,456
24662295,413,1,412
24662296,469,0,469
24662297,504,2,502
24662298,514,0,514
24662299,578,11,567
24662300,463,9,454
24662301,578,8,570
24662302,460,16,444
24662303,588,0,588
24662304,479,0,479
24662305,577,0,577
24662306,413,10,403
24662307,405,1,404
24662308,518,0,518
24662309,407,1,406
24662310,463,0,463
24662311,519,2,517
24662312,485,0,485
24662313,613,2,611
24662314,522,1,521
24662315,550,1,549
24662316,374,1,373
24662317,541,1,540
24662318,477,3,474
24662319,501,8,493
24662320,677,2,675
24662321,512,2,510
24662322,787,1,786
24662323,601,0,601
24662324,664,1,663
24662325,800,0,800
24662326,634,0,634
24662327,635,0,635
24662328,548,0,548
24662329,517,0,517
24662330,451,0,451
24662331,676,0,676
24662332,1228,21,1207
24662333,539,11,528
24662334,572,0,572
24662335,496,0,496
24662336,880,14,866
24662337,399,8,391
24662338,449,0,449
24662339,485,6,479
24662340,426,0,426
24662341,782,12,770
24662342,531,8,523
24662343,470,6,464
24662344,507,2,505
24662345,519,2,517
24662346,486,5,481
24662347,401,0,401
24662348,494,0,494
24662349,514,2,512
24662350,346,1,345
24662351,233,1,232
24662352,604,2,602
24662353,1224,13,1211
24662354,360,0,360
24662355,566,0,566
24662356,467,1,466
24662357,918,8,910
24662358,1134,0,1134
24662359,456,1,455
24662362,346,3,343
24662363,420,0,420
24662364,485,0,485
24662365,371,0,371
24662366,593,0,593
24662367,749,9,740
24662368,789,1,788
24662369,498,0,498
24662370,499,0,499
24662371,503,0,503
24662372,542,0,542
24662373,508,0,508
24662374,397,2,395
24662375,725,1,724
24662376,460,0,460
24662377,564,0,564
24662378,489,0,489
24662379,691,0,691
24662380,522,5,517
24662381,593,1,592
24662382,494,5,489
24662383,551,21,530
24662384,507,4,503
24662385,736,0,736
24662386,913,0,913
24662387,1299,48,1251
24662388,505,11,494
24662389,505,0,505
24662390,503,0,503
24662391,976,0,976
24662392,661,10,651
24662393,402,0,402
24662394,790,0,790
24662395,484,0,484
24662396,563,0,563
24662397,1049,2,1047
24662398,1423,1,1422
24662399,845,0,845
24662400,883,9,874
24662401,940,0,940
24662402,438,0,438
24662403,674,0,674
24662404,867,0,867
24662405,1330,5,1325
24662408,735,2,733
24662409,625,0,625
24662410,360,0,360
24662411,1019,11,1008
24662412,718,0,718
24662413,308,0,308
24662414,574,0,574
24662415,516,13,503
24662416,742,0,742
24662417,1159,17,1142
24662418,361,0,361
24662419,492,0,492
24662420,387,0,387
24662421,607,0,607
24662422,734,0,734
24662423,485,0,485
24662424,572,4,568
24662425,537,3,534
24662426,623,1,622
24662427,561,0,561
24662428,472,6,466
24662429,456,3,453
24662430,588,3,585
24662431,539,11,528
24662432,528,0,528
24662433,615,10,605
24662434,493,0,493
24662435,805,0,805
24662436,280,0,280
24662439,668,2,666
24662440,909,0,909
24662442,886,0,886
24662444,971,0,971
24662445,865,0,865
24662447,364,0,364
24662448,543,0,543
24662449,502,0,502
24662450,518,0,518
24662452,964,0,964
24662453,915,6,909
24662454,640,1,639
24662455,483,4,479
24662456,747,1,746
24662457,540,4,536
24662458,264,1,263
24662459,452,0,452
24662460,530,0,530
24662461,371,0,371
24662463,641,0,641
24662465,904,11,893
24662466,978,0,978
24662467,407,0,407
24662468,532,1,531
24662469,453,0,453
24662470,606,1,605
24662471,555,3,552
24662472,398,1,397
24662473,464,2,462
24662474,649,8,641
24662475,760,6,754
24662476,989,7,982
24662477,586,0,586
24662478,767,3,764
24662479,432,0,432
24662480,386,1,385
24662483,832,2,830
24662484,548,1,547
24662485,913,9,904
24662486,780,1,779
24662489,346,1,345
24662490,691,1,690
24662491,516,4,512
24662492,339,2,337
24662493,896,0,896
24662494,380,0,380
24662495,628,0,628
24662496,384,0,384
24662497,485,0,485
24662498,441,0,441
24662499,391,0,391
24662500,495,3,492
24662501,803,0,803
24662502,1381,0,1381
24662503,693,2,691
24662504,312,0,312
24662505,413,1,412
24662506,424,1,423
24662507,553,0,553
24662508,608,9,599
24662509,514,2,512
24662510,565,2,563
24662511,534,2,532
24662512,727,7,720
24662513,575,1,574
24662515,659,0,659
24662516,765,12,753
24662518,475,1,474
24662519,327,0,327
24662520,456,1,455
24662521,647,2,645
24662522,587,0,587
24662523,557,2,555
24662524,365,12,353
24662525,551,4,547
24662526,560,0,560
24662527,510,0,510
24662528,966,6,960
24662529,766,19,747
24662530,585,3,582
24662531,624,0,624
24662532,444,0,444
24662533,411,6,405
24662534,512,2,510
24662535,516,5,511
24662536,528,0,528
24662537,505,1,504
24662538,430,1,429
24662539,434,1,433
24662540,794,6,788
24662541,569,1,568
24662542,850,0,850
24662543,284,1,283
24662544,771,0,771
24662545,789,0,789
24662546,803,2,801
24662547,593,1,592
24662548,457,5,452
24662549,516,4,512
24662550,833,2,831
24662551,441,3,438
24662552,535,3,532
24662553,420,2,418
24662554,485,3,482
24662555,489,0,489
24662556,499,0,499
24662557,603,0,603
24662558,435,0,435
24662559,452,0,452
24662560,735,2,733
24662561,592,8,584
24662562,459,0,459
24662563,1129,5,1124
24662564,512,0,512
24662565,441,11,430
24662566,336,1,335
24662567,403,5,398
24662568,504,0,504
24662569,459,0,459
24662570,667,0,667
24662571,516,0,516
24662572,509,1,508
24662573,486,3,483
24662574,534,0,534
24662575,540,4,536
24662576,536,1,535
24662577,643,2,641
24662578,559,6,553
24662579,484,0,484
24662580,550,2,548
24662581,531,15,516
24662582,699,8,691
24662583,565,0,565
24662584,949,0,949
24662585,536,0,536
24662586,684,1,683
24662587,664,11,653
24662588,684,0,684
24662589,402,2,400
24662590,431,15,416
24662591,424,8,416
24662592,459,0,459
24662593,485,5,480
24662594,432,0,432
24662595,337,0,337
24662598,509,9,500
24662599,620,0,620
24662600,632,10,622
24662601,604,7,597
24662602,624,0,624
24662603,1238,4,1234
24662604,470,10,460
24662605,729,7,722
24662606,669,0,669
24662607,417,0,417
24662608,623,0,623
24662609,328,0,328
24662610,674,4,670
24662611,996,0,996
24662612,512,8,504
24662613,523,5,518
24662614,447,1,446
24662615,633,11,622
24662616,537,13,524
24662617,897,5,892
24662618,423,0,423
24662619,816,3,813
24662620,440,0,440
24662621,721,3,718
24662622,598,7,591
24662623,900,0,900
24662624,549,1,548
24662625,622,13,609
24662626,690,8,682
24662627,489,0,489
24662628,749,6,743
24662629,572,7,565
24662630,411,1,410
24662631,578,1,577
24662632,710,5,705
24662633,823,1,822
24662634,406,0,406
24662635,416,1,415
24662636,435,1,434
24662637,418,0,418
24662638,884,9,875
24662639,581,7,574
24662640,596,0,596
24662641,492,8,484
24662642,674,2,672
24662643,797,1,796
24662644,522,0,522
24662645,784,0,784
24662646,534,0,534
24662647,381,0,381
24662648,493,0,493
24662649,525,0,525
24662650,459,0,459
24662651,870,0,870
24662652,659,0,659
24662653,620,3,617
24662654,574,2,572
24662655,540,3,537
24662656,491,1,490
24662657,485,2,483
24662658,150,1,149
24662659,627,2,625
24662660,489,4,485
24662661,551,0,551
24662662,631,0,631
24662663,493,3,490
24662664,775,9,766
24662665,693,2,691
24662666,560,2,558
24662667,545,0,545
24662668,588,0,588
24662669,723,0,723
24662670,338,0,338
24662671,581,11,570
24662672,572,10,562
24662673,737,0,737
24662674,760,0,760
24662675,790,0,790
24662676,504,1,503
24662677,721,6,715
24662678,537,0,537
24662679,590,3,587
24662680,487,0,487
24662681,517,0,517
24662682,511,0,511
24662683,552,1,551
24662684,644,6,638
24662685,553,4,549
24662686,745,0,745
24662687,593,0,593
24662688,473,9,464
24662689,504,2,502
24662690,659,0,659
24662691,569,7,562
24662692,415,0,415
24662693,492,5,487
24662694,407,0,407
24662695,1097,9,1088
24662696,607,0,607
24662697,718,10,708
24662698,363,8,355
24662699,405,1,404
24662703,445,6,439
24662704,753,11,742
24662705,547,0,547
24662706,584,0,584
24662707,516,0,516
24662708,654,0,654
24662709,410,0,410
24662710,643,0,643
24662711,512,1,511
24662712,581,1,580
24662713,612,1,611
24662714,635,0,635
24662715,533,1,532
24662716,422,0,422
24662717,1107,9,1098
24662718,642,9,633
24662719,1058,1,1057
24662720,618,1,617
24662721,592,0,592
24662722,650,1,649
24662723,597,7,590
24662724,495,0,495
24662725,643,3,640
24662726,473,2,471
24662727,789,8,781
24662728,606,1,605
24662729,564,9,555
24662730,585,0,585
24662731,324,0,324
24662732,393,0,393
24662733,821,0,821
24662734,568,0,568
24662735,355,1,354
24662736,719,40,679
24662737,507,0,507
24662738,697,2,695
24662739,589,10,579
24662740,688,13,675
24662741,506,0,506
24662742,618,0,618
24662743,510,0,510
24662744,703,0,703
24662745,799,0,799
24662746,623,10,613
24662747,946,6,940
24662748,430,12,418
24662749,788,11,777
24662750,507,0,507
24662751,452,0,452
24662752,429,0,429
24662753,535,10,525
24662754,453,10,443
24662755,542,0,542
24662756,579,0,579
24662757,552,6,546
24662758,452,6,446
24662759,573,0,573
24662760,1037,3,1034
24662761,510,6,504
24662762,594,0,594
24662763,592,12,580
24662764,593,0,593
24662765,729,5,724
24662766,473,0,473
24662767,561,9,552
24662768,498,0,498
24662769,616,7,609
24662770,548,8,540
24662771,460,0,460
24662772,559,8,551
24662773,743,0,743
24662774,754,5,749
24662775,351,0,351
24662776,405,1,404
24662777,339,0,339
24662778,611,5,606
24662779,443,0,443
24662780,504,7,497
24662781,471,7,464
24662782,647,5,642
24662783,546,6,540
24662784,675,1,674
24662785,628,0,628
24662786,526,0,526
24662787,541,0,541
24662788,484,0,484
24662789,588,8,580
24662790,640,6,634
24662791,746,0,746
24662792,460,3,457
24662793,508,1,507
24662794,645,8,637
24662795,500,3,497
24662796,593,10,583
24662797,613,5,608
24662798,922,3,919
24662799,400,10,390
24662800,585,1,584
24662801,546,3,543
24662802,538,0,538
24662803,299,0,299
24662804,574,10,564
24662805,604,11,593
24662806,560,1,559
24662807,494,0,494
24662808,455,9,446
24662809,538,0,538
24662810,540,2,538
24662811,551,6,545
24662812,398,0,398
24662813,699,37,662
24662814,802,6,796
24662815,755,0,755
24662816,620,0,620
24662817,706,0,706
24662819,758,4,754
24662821,1377,12,1365
24662822,597,6,591
24662823,409,0,409
24662824,408,0,408
24662825,347,0,347
24662826,643,4,639
24662827,906,10,896
24662828,387,0,387
24662829,504,6,498
24662830,555,6,549
24662831,465,0,465
24662832,482,8,474
24662833,494,3,491
24662834,700,1,699
24662835,404,0,404
24662836,497,1,496
24662837,455,2,453
24662838,444,2,442
24662839,1567,4,1563
24662840,634,3,631
24662841,756,0,756
24662842,754,35,719
24662843,571,1,570
24662844,369,0,369
24662845,383,1,382
24662848,499,3,496
24662849,930,2,928
24662850,500,1,499
24662851,686,1,685
24662852,495,6,489
24662853,423,1,422
24662854,656,1,655
24662855,446,1,445
24662856,302,0,302
24662857,367,1,366
24662858,775,6,769
24662859,589,1,588
24662860,1133,0,1133
24662861,673,0,673
24662862,701,0,701
24662863,520,0,520
24662864,1255,8,1247
24662865,622,0,622
24662866,482,1,481
24662867,419,0,419
24662868,513,13,500
24662869,517,1,516
24662870,834,14,820
24662871,463,0,463
24662872,387,0,387
24662873,438,0,438
24662874,609,0,609
24662875,457,0,457
24662876,257,0,257
24662877,419,0,419
24662878,456,0,456
24662879,304,0,304
24662880,411,0,411
24662881,457,0,457
24662882,642,0,642
24662883,509,0,509
24662884,698,13,685
24662885,592,0,592
24662886,594,0,594
24662887,433,0,433
24662888,666,8,658
24662889,646,0,646
24662890,574,26,548
24662891,602,0,602
24662892,633,0,633
24662893,575,0,575
24662894,565,0,565
24662895,682,5,677
24662896,593,1,592
24662897,1478,3,1475
24662898,509,0,509
24662899,539,2,537
24662900,585,1,584
24662901,555,1,554
24662902,680,2,678
24662903,733,0,733
24662904,753,5,748
24662905,626,0,626
24662906,772,4,768
24662907,618,2,616
24662908,507,3,504
24662909,3749,1,3748
24662910,618,1,617
24662911,624,1,623
24662912,500,26,474
24662913,371,0,371
24662914,565,9,556
24662915,424,1,423
24662916,752,1,751
24662917,473,2,471
24662918,629,6,623
24662919,527,8,519
24662920,465,0,465
24662921,534,4,530
24662922,626,4,622
24662923,470,1,469
24662924,448,1,447
24662925,615,18,597
24662926,522,0,522
24662927,377,0,377
24662928,526,1,525
24662929,428,0,428
24662930,503,0,503
24662931,497,0,497
24662932,633,4,629
24662933,461,5,456
24662934,579,13,566
24662935,720,14,706
24662936,1673,7,1666
24662937,658,0,658
24662938,445,0,445
24662939,1966,8,1958
24662940,796,0,796
24662941,507,8,499
24662942,1092,28,1064
24662943,1420,3,1417
24662944,535,2,533
24662945,527,0,527
24662946,1070,1,1069
24662947,866,3,863
24662948,1445,6,1439
24662949,773,2,771
24662951,680,1,679
24662952,550,17,533
24662953,416,0,416
24662954,480,0,480
24662955,483,8,475
24662956,359,11,348
24662957,446,1,445
24662958,674,1,673
24662961,723,3,720
24662962,407,0,407
24662963,452,0,452
24662964,444,0,444
24662965,582,8,574
24662966,613,10,603
24662967,569,5,564
24662968,742,0,742
24662969,772,2,770
24662970,564,0,564
24662971,422,0,422
24662972,573,0,573
24662973,524,0,524
24662974,585,5,580
24662975,637,5,632
24662976,620,0,620
24662977,402,0,402
24662978,367,13,354
24662979,756,0,756
24662980,786,3,783
24662981,495,1,494
24662982,483,6,477
24662983,477,1,476
24662984,726,0,726
24662985,233,2,231
24662986,364,0,364
24662987,714,0,714
24662988,742,0,742
24662989,371,0,371
24662992,576,4,572
24662993,297,0,297
24662994,669,0,669
24662995,453,8,445
24662996,417,2,415
24662997,791,8,783
24662998,53,0,53
24662999,369,0,369
24663000,412,0,412
24663001,359,0,359
24663002,1474,0,1474
24663003,1188,5,1183
24663004,445,0,445
24663005,451,4,447
24663006,437,0,437
24663007,420,6,414
24663008,490,6,484
24663009,672,4,668
24663010,305,1,304
24663011,611,0,611
24663012,525,7,518
24663013,648,0,648
24663014,668,0,668
24663015,746,5,741
24663016,616,4,612
24663017,970,1,969
24663018,623,4,619
24663019,512,5,507
24663020,2005,13,1992
24663021,436,2,434
24663022,423,0,423
24663023,468,0,468
24663024,402,0,402
24663025,478,3,475
24663026,774,0,774
24663027,489,0,489
24663028,743,1,742
24663029,684,0,684
24663030,1403,0,1403
24663031,483,1,482
24663032,683,0,683
24663033,1468,0,1468
24663034,1111,0,1111
24663035,692,2,690
24663036,2035,16,2019
24663037,460,19,441
24663038,551,1,550
24663039,485,0,485
24663040,499,0,499
24663041,488,7,481
24663042,372,1,371
24663043,407,3,404
24663044,446,0,446
24663045,547,0,547
24663046,694,18,676
24663047,463,11,452
24663048,727,17,710
24663049,1001,0,1001
24663050,717,11,706
24663051,709,0,709
24663052,467,0,467
24663053,1283,0,1283
24663054,625,12,613
24663055,603,1,602
24663056,607,8,599
24663057,1419,8,1411
24663058,1130,0,1130
24663059,503,0,503
24663060,448,0,448
24663061,525,5,520
24663062,523,2,521
24663063,428,3,425
24663064,510,0,510
24663065,470,0,470
24663066,279,13,266
24663067,636,1,635
24663068,1158,2,1156
24663069,1057,7,1050
24663070,457,1,456
24663071,419,6,413
24663072,502,0,502
24663073,572,0,572
24663074,1120,0,1120
24663075,490,1,489
24663076,641,12,629
24663077,1052,2,1050
24663079,487,0,487
24663080,677,9,668
24663081,501,0,501
24663082,544,22,522
24663083,440,0,440
24663084,545,0,545
24663085,579,0,579
24663086,652,0,652
24663088,909,25,884
24663089,236,8,228
24663090,668,0,668
24663091,559,5,554
24663092,449,5,444
24663094,586,0,586
24663095,1261,1,1260
24663096,853,2,851
24663097,602,1,601
24663098,280,1,279
24663099,1138,1,1137
24663100,549,8,541
24663101,450,10,440
24663102,564,1,563
24663103,549,0,549
24663104,459,0,459
24663105,625,0,625
24663106,575,0,575
24663107,640,1,639
24663108,520,2,518
24663109,609,3,606
24663110,703,15,688
24663111,651,0,651
24663112,434,3,431
24663113,549,11,538
24663114,671,0,671
24663115,515,0,515
24663116,525,28,497
24663117,486,2,484
24663118,1046,14,1032
24663119,0,0,0
24663120,535,23,512
24663121,570,1,569
24663122,688,32,656
24663123,720,31,689
24663124,485,0,485
24663125,462,0,462
24663126,624,0,624
24663127,460,0,460
24663128,475,0,475
24663129,754,7,747
24663130,503,0,503
24663131,621,15,606
24663132,625,9,616
24663133,435,0,435
24663134,724,23,701
24663135,575,0,575
24663136,273,0,273
24663137,588,21,567
24663138,1206,0,1206
24663139,961,3,958
24663140,915,9,906
24663141,917,0,917
24663142,819,18,801
24663143,485,2,483
24663144,680,1,679
24663145,608,1,607
24663146,563,4,559
24663147,592,9,583
24663149,288,3,285
24663150,538,11,527
24663151,1265,0,1265
24663152,395,0,395
24663153,278,0,278
24663154,543,0,543
24663155,483,0,483
24663156,710,0,710
24663157,590,0,590
24663158,424,0,424
24663159,492,0,492
24663160,547,0,547
24663161,387,0,387
24663162,455,0,455
24663164,1063,12,1051
24663166,846,8,838
24663167,548,27,521
24663168,355,0,355
24663169,576,5,571
24663170,508,2,506
24663171,569,4,565
24663172,856,1,855
24663173,562,0,562
24663174,873,6,867
24663175,516,0,516
24663176,488,2,486
24663177,405,2,403
24663178,403,3,400
24663179,395,1,394
24663180,553,2,551
24663181,484,0,484
24663182,1006,12,994
24663183,558,0,558
24663184,402,0,402
24663185,679,1,678
24663186,464,1,463
24663187,416,1,415
24663188,438,1,437
24663189,427,4,423
24663190,731,1,730
24663191,531,0,531
24663194,646,0,646
24663195,354,0,354
24663196,422,0,422
24663197,446,0,446
24663198,591,14,577
24663199,482,10,472
24663200,417,1,416
24663201,463,8,455
24663202,796,2,794
24663203,765,1,764
24663204,432,0,432
24663205,535,5,530
24663206,662,0,662
24663207,725,0,725
24663208,689,0,689
24663209,614,6,608
24663210,479,0,479
24663211,373,0,373
24663212,996,4,992
24663213,390,1,389
24663214,607,0,607
24663215,854,0,854
24663216,806,0,806
24663217,487,0,487
24663218,638,12,626
24663219,570,0,570
24663220,582,0,582
24663221,444,0,444
24663222,325,0,325
24663223,657,0,657
24663227,622,2,620
24663228,579,0,579
24663229,411,5,406
24663230,481,9,472
24663231,664,13,651
24663232,539,16,523
24663233,460,3,457
24663234,595,7,588
24663235,1424,0,1424
24663236,513,14,499
24663237,457,4,453
24663238,496,0,496
24663239,658,3,655
24663241,943,16,927
24663242,1985,8,1977
24663243,1148,2,1146
24663244,1242,10,1232
24663245,958,3,955
24663246,1616,11,1605
24663249,728,0,728
24663250,1128,4,1124
24663251,947,3,944
24663252,3641,22,3619
24663253,1700,7,1693
24663254,1908,16,1892
24663255,1838,33,1805
24663256,1034,0,1034
24663257,864,7,857
24663258,1075,1,1074
24663259,1184,1,1183
24663260,1798,11,1787
24663261,1007,4,1003
24663262,1455,1,1454
24663263,2203,9,2194
24663264,880,1,879
24663266,892,0,892
24663269,974,21,953
24663270,1123,20,1103
24663271,180,0,180
24663273,942,0,942
24663274,650,0,650
24663275,923,8,915
24663276,1109,18,1091
24663277,895,20,875
24663278,2392,4,2388
24663279,1717,6,1711
24663280,600,2,598
24663281,1099,4,1095
24663282,217,0,217
24663283,679,16,663
24663284,2222,1,2221
24663285,855,11,844
24663286,736,10,726
24663287,601,6,595
24663288,799,2,797
24663289,736,0,736
24663290,951,4,947
24663291,642,0,642
24663292,866,5,861
24663293,1331,16,1315
24663294,509,0,509
24663295,923,0,923
24663296,759,10,749
24663297,635,0,635
24663298,987,0,987
24663299,613,9,604
24663300,888,0,888
24663301,293,10,283
24663302,1336,0,1336
24663304,379,1,378
24663305,816,2,814
24663306,3509,9,3500
24663311,2819,7,2812
24663314,2164,3,2161
24663315,626,13,613
24663316,657,22,635
24663317,504,8,496
24663318,529,8,521
24663319,547,0,547
24663320,630,0,630
24663321,549,0,549
24663322,989,11,978
24663323,441,4,437
24663324,435,0,435
24663325,515,9,506
24663326,469,4,465
24663327,592,5,587
24663328,857,16,841
24663329,0,0,0
24663330,1576,20,1556
24663331,650,12,638
24663332,576,10,566
24663333,811,2,809
24663334,0,0,0
24663335,0,0,0
24663336,633,0,633
24663337,441,10,431
24663340,0,0,0
24663341,428,10,418
24663342,451,41,410
24663343,545,11,534
24663344,454,10,444
24663345,448,9,439
24663346,616,17,599
24663347,408,16,392
24663348,491,0,491
24663349,645,0,645
24663350,464,0,464
24663351,0,0,0
24663352,659,0,659
24663353,687,0,687
24663354,1001,5,996
24663355,2255,7,2248
24663356,2480,2,2478
24663357,1260,0,1260
24663358,1272,3,1269
24663359,737,3,734
24663360,1154,1,1153
24663361,532,6,526
24663362,884,5,879
24663363,1011,9,1002
24663364,701,0,701
24663365,939,13,926
24663366,688,8,680
24663367,901,1,900
24663368,1600,1,1599
24663369,813,7,806
24663370,7,1,6
24663371,747,10,737
24663372,412,8,404
24663373,4887,20,4867
24663374,876,1,875
24663375,1355,8,1347
24663376,563,0,563
24663377,588,0,588
24663378,529,10,519
24663379,683,0,683
24663380,562,8,554
24663381,8,1,7
24663382,5,1,4
24663383,628,10,618
24663384,632,14,618
24663385,460,25,435
24663386,625,8,617
24663387,530,18,512
24663388,583,22,561
24663389,452,12,440
24663390,919,58,861
24663391,482,1,481
24663392,516,0,516
24663393,405,1,404
24663394,215,0,215
24663395,811,8,803
24663396,10,3,7
24663397,960,5,955
24663398,735,0,735
24663399,591,0,591
24663400,422,75,347
24663401,1153,8,1145
24663402,811,9,802
24663403,611,1,610
24663404,709,3,706
24663405,594,5,589
24663406,3875,17,3858
24663407,344,0,344
24663408,341,0,341
24663409,894,0,894
24663410,491,0,491
24663411,432,0,432
24663412,307,0,307
24663413,1652,16,1636
24663414,4065,7,4058
24663415,835,1,834
24663416,1503,2,1501
24663417,760,17,743
24663418,670,3,667
24663419,565,5,560
24663420,1789,0,1789
24663421,1249,3,1246
24663422,2393,0,2393
24663423,1333,0,1333
24663424,982,22,960
24663425,997,0,997
24663426,427,0,427
24663428,673,0,673
24663429,1032,1,1031
24663430,725,2,723
24663431,456,1,455
24663432,565,1,564
24663434,772,0,772
24663436,674,41,633
24663437,1122,0,1122
24663438,902,0,902
24663439,849,9,840
24663441,0,0,0
24663442,2459,13,2446
24663443,3888,15,3873
24663444,922,0,922
24663445,2656,22,2634
24663450,529,7,522
24663451,459,0,459
24663452,1897,13,1884
24663453,703,3,700
24670001,581,8,573
24670002,433,6,427
24670003,375,8,367
24670004,536,3,533
24670005,459,0,459
24670006,1138,0,1138
24670007,410,4,406
24670008,399,2,397
24670009,476,1,475
24670011,1481,0,1481
24670012,386,8,378
24670013,472,6,466
24670014,987,15,972
24670015,324,0,324
24670016,444,6,438
24670017,632,11,621
24670018,806,12,794
24670019,433,7,426
24670020,572,5,567
24670021,663,2,661
24670022,499,10,489
24670023,501,52,449
24670024,458,0,458
24670025,423,0,423
24670026,795,40,755
24670027,462,0,462
24670028,713,24,689
24670029,470,23,447
24670030,465,1,464
24670032,676,6,670
24670033,363,0,363
24670034,787,0,787
24670036,260,2,258
24670040,479,1,478
24670041,629,11,618
24670042,844,25,819
24670074,813,4,809
24670075,658,3,655
24670076,510,7,503
24670077,743,3,740
24670079,545,0,545
24670080,520,0,520
24670081,541,9,532
24670082,365,0,365
24670083,2489,15,2474
24670094,614,26,588
24670095,781,41,740
24670096,725,0,725
24670097,625,9,616
24670098,429,12,417
24670099,427,0,427
24670100,1155,4,1151
24670101,518,22,496
24670102,653,15,638
24670103,382,18,364
24670104,918,56,862
24670105,466,18,448
24670106,503,12,491
24670107,582,2,580
24670108,363,10,353
24670109,413,11,402
24670110,496,0,496
24670111,436,20,416
24670112,557,1,556
24670113,373,22,351
24670114,585,10,575
24670115,743,26,717
24670116,1843,74,1769
24670117,1587,37,1550
24670118,454,15,439
24670119,473,10,463
24670120,461,0,461
24670121,625,6,619
24670122,998,12,986
24670123,831,25,806
24670124,736,16,720
24670125,230,0,230
24670126,508,1,507
24670127,614,0,614
24670128,516,0,516
24670129,704,0,704
24670130,336,16,320
24670131,1249,53,1196
24670132,695,8,687
24670133,718,21,697
24670134,559,0,559
24670135,630,17,613
24670136,405,0,405
24670137,458,6,452
24670138,416,0,416
24670139,518,14,504
24670140,430,38,392
24670141,503,10,493
24670142,559,9,550
24670143,542,0,542
24670144,416,12,404
24670145,730,31,699
24670146,499,5,494
24670147,479,15,464
24670148,372,8,364
24670161,1657,18,1639
24670163,1642,0,1642
24670164,267,14,253
24670165,450,0,450
24670166,451,9,442
24670167,639,12,627
24670168,446,19,427
24670169,449,0,449
24670170,570,2,568
24670171,588,45,543
24670172,595,12,583
24670173,493,18,475
24670174,449,6,443
24670175,2046,8,2038
24670176,705,6,699
24670177,433,3,430
24670178,459,18,441
24670179,490,1,489
24670180,736,15,721
24670181,1004,38,966
24670182,514,8,506
24670183,532,5,527
24670184,1110,35,1075
24670193,1180,4,1176
24670194,622,11,611
24670195,310,0,310
24670196,910,6,904
24670197,924,17,907
24670198,692,25,667
24670199,1236,34,1202
24670200,529,29,500
24670201,413,5,408
24670202,759,29,730
24670203,829,4,825
24670204,581,14,567
24670205,419,2,417
24670206,484,18,466
24670207,626,8,618
24670208,489,1,488
24670209,860,22,838
24670210,608,7,601
24670211,591,39,552
24670212,446,15,431
24670213,1201,4,1197
24670214,1370,19,1351
24670215,537,14,523
24670216,853,19,834
24670217,531,0,531
24670218,510,14,496
24670219,689,6,683
24670220,709,9,700
24670221,462,3,459
24670222,621,12,609
24670223,862,15,847
24670224,983,18,965
24670225,675,0,675
24670226,488,9,479
24670227,439,8,431
24670228,501,8,493
24670229,509,3,506
24670230,446,1,445
24670231,632,0,632
24670232,508,1,507
24670233,949,14,935
24670234,501,12,489
24670235,580,5,575
24670236,493,1,492
24670237,478,0,478
24670238,882,10,872
24670239,615,0,615
24670240,454,8,446
24670241,791,20,771
24670242,808,2,806
24670243,885,4,881
24670244,464,18,446
24670245,550,4,546
24670246,410,0,410
24670247,582,1,581
24670248,849,19,830
24670249,935,3,932
24670250,654,0,654
24670251,503,0,503
24670252,423,0,423
24670253,457,15,442
24670254,570,18,552
24670255,476,2,474
24670256,1920,15,1905
24670257,1769,11,1758
24670258,571,2,569
24670259,511,22,489
24670260,520,16,504
24670261,417,0,417
24670262,588,37,551
24670263,468,12,456
24670264,518,12,506
24670265,427,18,409
24670267,601,11,590
24670268,491,1,490
24670269,550,1,549
24670270,3643,20,3623
24670271,409,8,401
24670272,399,0,399
24670273,722,0,722
24670274,597,5,592
24670275,640,1,639
24670276,1041,1,1040
24670277,657,4,653
24670278,825,4,821
24670279,755,26,729
24670281,967,7,960
24670282,548,19,529
24670283,1413,19,1394
24670284,870,13,857
24670285,5311,5145,166
24670286,446,12,434
24670287,643,0,643
24670288,771,0,771
24670289,1779,26,1753
24670290,480,12,468
24670291,565,15,550
24670292,502,11,491
24670293,686,29,657
24670294,522,12,510
24670295,502,1,501
24670296,417,13,404
24670297,349,0,349
24670298,1763,43,1720
24670299,420,2,418
24670300,3269,51,3218
24670301,1760,34,1726
24670302,672,21,651
24670303,767,0,767
24670304,822,31,791
24670305,485,4,481
24670306,512,14,498
24670307,607,2,605
24670308,1848,4,1844
24670309,487,0,487
24670310,667,7,660
24670311,1673,4,1669
24670312,653,2,651
24670313,481,3,478
24670314,667,3,664
24670315,2192,2,2190
24670316,800,0,800
24670317,813,0,813
24670318,1240,38,1202
24670319,336,0,336
24670320,2755,18,2737
24670321,4418,0,4418
24670322,1364,5,1359
24670323,1282,0,1282
24680035,461,6,455
24680036,613,6,607
24680037,492,3,489
24680038,623,18,605
24680039,715,7,708
24680040,503,5,498
24680041,1122,50,1072
24680042,985,0,985
24680043,1209,15,1194
24680044,776,24,752
24680045,521,2,519
24680046,506,0,506
24680047,643,0,643
24680048,821,12,809
24680049,429,22,407
24680050,432,16,416
24680051,1683,20,1663
24680052,666,7,659
24680053,1150,20,1130
24680054,469,1,468
24680055,515,9,506
24680056,621,12,609
24680057,689,41,648
24680058,601,0,601
24680059,739,14,725
24680060,577,33,544
24680061,522,2,520
24680062,528,9,519
24680063,459,11,448
24680064,1181,20,1161
24680065,674,2,672
24680066,1024,7,1017
24680067,500,0,500
24680068,726,0,726
24680069,435,23,412
24680070,655,14,641
24680071,635,6,629
24680072,797,4,793
24680073,672,13,659
24680074,497,9,488
24690039,898,11,887
24690040,784,24,760
24690041,480,7,473
24690043,525,18,507
24690044,752,5,747
24690045,565,20,545
24690047,443,9,434
24690048,334,0,334
24690049,533,3,530
24690050,676,4,672
24690051,525,7,518
24690052,366,1,365
24690053,526,6,520
24690054,755,16,739
24690055,467,7,460
24690056,535,8,527
24690057,424,2,422
24690058,398,9,389
24690059,556,13,543
24690061,413,11,402
24690062,426,18,408
24690063,485,1,484
24690065,427,6,421
24690066,551,3,548
24690067,426,1,425
24690068,510,9,501
24690069,394,4,390
24690070,419,11,408
24690071,483,3,480
24690072,570,9,561
24690073,478,4,474
24690074,598,1,597
24690075,593,24,569
24690076,505,6,499
24690077,418,3,415
24690078,464,2,462
24690079,397,19,378
24690080,0,0,0
24690081,0,0,0
24690082,0,0,0
24690083,0,0,0
24690084,0,0,0
24690085,0,0,0
24690086,0,0,0
24690087,0,0,0
24690088,0,0,0
24690089,0,0,0
24690090,631,631,0
24690091,0,0,0
24690092,0,0,0
24690093,0,0,0
24690094,1961,1690,271
24690095,0,0,0
24690096,0,0,0
24690097,0,0,0
24690098,0,0,0
24690099,0,0,0
24690100,0,0,0
24690101,0,0,0
24690102,0,0,0
24690103,0,0,0
24690104,0,0,0
24690105,0,0,0
24690106,0,0,0
24690107,413,16,397
24690108,455,20,435
24690109,467,0,467
24690111,465,6,459
24690112,433,0,433
24690114,528,3,525
24700003,859,9,850
24700004,1501,15,1486
24700067,1189,6,1183
24700068,406,0,406
24700069,465,0,465
24700070,482,9,473
24700071,603,12,591
24700072,540,0,540
24700073,564,0,564
24700074,545,2,543
24700075,496,21,475
24700076,740,0,740
24700077,395,18,377
24700078,541,42,499
24700079,649,14,635
24700080,1321,3,1318
24700081,1502,6,1496
24700082,499,14,485
24700083,570,2,568
24700084,648,4,644
24700085,535,8,527
24700086,851,17,834
24700087,726,2,724
24700088,931,17,914
24700089,1269,20,1249
24700090,460,10,450
24700091,482,15,467
24700092,606,10,596
24700093,894,21,873
24700094,878,3,875
24700095,491,0,491
24700096,448,0,448
24700097,1589,2,1587
24700098,443,0,443
24700099,511,4,507
24700100,672,0,672
24700101,500,6,494
24700102,561,7,554
24700103,957,11,946
24700104,812,33,779
24700105,729,13,716
24700106,535,15,520
24700107,459,0,459
24700108,630,4,626
24700109,469,0,469
24700110,473,9,464
24700111,614,7,607
24700112,429,10,419
24700113,486,17,469
24700114,524,8,516
24700115,429,38,391
24700116,456,0,456
24700117,623,7,616
24700118,599,5,594
24700119,921,8,913
24700120,542,3,539
24700121,389,11,378
24700122,505,49,456
24700123,492,0,492
24700124,383,10,373
24700125,512,0,512
24700126,440,6,434
24700127,521,7,514
24700128,444,9,435
24700129,1239,19,1220
24700130,461,9,452
24700131,621,11,610
24700132,489,10,479
24700133,669,0,669
24700134,493,0,493
24700135,460,0,460
24700136,346,0,346
24700137,523,8,515
24700138,575,4,571
24700139,320,9,311
24700140,580,7,573
24700141,676,25,651
24700142,573,0,573
24700143,456,0,456
24700144,1207,1,1206
24700145,1593,27,1566
24700146,525,0,525
24700147,792,8,784
24700148,571,9,562
24700149,996,4,992
24700150,551,9,542
24700151,681,0,681
24700152,465,5,460
24700153,405,2,403
24700154,647,3,644
24700155,473,0,473
24700156,604,6,598
24700157,505,10,495
24700158,609,4,605
24700159,496,8,488
24700160,402,0,402
24700161,405,15,390
24700162,580,7,573
24700163,589,18,571
24700164,15,0,15
24700165,736,27,709
24710024,938,47,891
24710025,1110,2,1108
24710026,715,34,681
24710027,499,4,495
24710028,475,0,475
24710029,489,1,488
24710030,1102,0,1102
24710031,510,9,501
24710032,1903,12,1891
24710033,914,0,914
24710034,11489,59,11430
24710035,871,3,868
24710036,246,0,246
24710037,342,10,332
24710038,400,0,400
24710039,431,5,426
24710040,513,8,505
24710041,754,17,737
24710042,2187,13,2174
24710043,536,0,536
24710044,457,14,443
24710045,433,0,433
24710046,365,5,360
24710047,777,6,771
24710048,441,8,433
24710049,977,11,966
24710050,607,5,602
24710051,596,9,587
24710052,387,0,387
24710053,375,2,373
24710054,367,0,367
24710055,382,7,375
24710056,441,18,423
24710057,384,2,382
24710058,2013,14,1999
24710059,814,12,802
24710060,719,11,708
24710061,499,14,485
24710062,442,0,442
24710063,418,20,398
24710064,658,8,650
24710065,381,2,379
24710066,826,7,819
24710067,477,17,460
24710068,408,0,408
24710069,1196,21,1175
24710070,827,5,822
24710072,549,8,541
24710073,784,16,768
24710074,611,0,611
24710075,620,45,575
24710076,416,10,406
24710077,666,0,666
24710079,1162,10,1152
24710080,619,0,619
24710081,388,1,387
24710082,476,18,458
24710083,435,7,428
24710084,632,17,615
24710085,563,2,561
24710086,445,6,439
24710088,826,26,800
24710089,523,9,514
24710095,1593,48,1545
24710136,499,1,498
24710137,601,0,601
24710138,614,17,597
24710139,1078,17,1061
24710140,643,7,636
24710141,533,13,520
24710142,772,0,772
24710143,1212,34,1178
24710144,562,4,558
24710145,807,2,805
24710146,543,0,543
24710147,836,0,836
24710148,559,1,558
24710149,475,1,474
24710150,398,9,389
24710151,445,5,440
24710152,986,34,952
24710153,1021,0,1021
24710154,552,8,544
24710155,1072,0,1072
24710156,1138,7,1131
24710157,692,0,692
24710158,846,5,841
24710159,692,2,690
24710160,1987,7,1980
24710161,705,37,668
24710162,740,13,727
24710163,588,14,574
24710164,601,13,588
24710165,985,16,969
24710166,738,14,724
24710167,512,1,511
24710168,691,10,681
24710169,2460,52,2408
24710170,503,12,491
24710171,952,2,950
24710172,674,21,653
24710173,1039,1,1038
24710174,548,0,548
24710175,624,7,617
24710176,533,14,519
24710177,631,23,608
24710178,410,5,405
24710179,846,0,846
24710180,485,17,468
24710181,369,13,356
24710182,791,8,783
24710183,660,0,660
24710184,1036,4,1032
24710185,1719,17,1702
24710186,614,0,614
24710187,581,3,578
24710188,666,2,664
24710189,637,26,611
24710190,3850,71,3779
24710191,737,1,736
24710192,1915,2,1913
24710193,698,6,692
24710194,815,15,800
24710195,986,3,983
24710196,1191,27,1164
24710197,547,12,535
24710198,656,1,655
24710199,1139,19,1120
24710200,531,2,529
24710201,382,8,374
24710202,782,0,782
24710203,551,27,524
24710204,926,9,917
24710205,638,20,618
24710206,919,0,919
24710207,551,6,545
24710208,1101,0,1101
24710209,454,2,452
24710210,1043,25,1018
24710211,514,0,514
24710212,733,16,717
24710213,529,9,520
24710214,1535,16,1519
24710215,1186,7,1179
24710216,683,14,669
24710217,1565,10,1555
24710218,740,3,737
24710219,793,8,785
24710220,866,0,866
24710221,627,14,613
24710222,1027,4,1023
24710223,570,9,561
24710224,581,15,566
24710225,540,2,538
24710226,653,12,641
24710227,997,20,977
24710228,786,9,777
24710229,1815,3,1812
24710230,525,17,508
24710231,760,1,759
24710232,1197,0,1197
24710233,144,0,144
24710234,828,9,819
24710235,750,0,750
24710236,426,1,425
24710237,1251,9,1242
24710238,678,11,667
24710239,729,9,720
24710240,609,8,601
24710241,1077,12,1065
24710242,1198,8,1190
24710243,694,0,694
24710244,709,7,702
24710245,534,10,524
24710246,502,0,502
24710247,796,32,764
24710248,678,0,678
24710249,613,9,604
24710250,1004,0,1004
24710251,555,2,553
24710252,503,10,493
24710253,596,0,596
24710254,1560,10,1550
24710255,1594,26,1568
24710256,259,7,252
24710257,536,10,526
24720001,479,6,473
24720002,431,4,427
24720003,574,0,574
24720005,574,4,570
24720006,518,0,518
24720007,396,6,390
24720008,448,12,436
24720009,414,0,414
24720010,395,0,395
24720011,437,7,430
24720012,368,4,364
24720013,547,2,545
24720014,368,6,362
24720015,336,26,310
24720016,352,5,347
24720017,333,1,332
24720018,540,1,539
24720019,430,1,429
24720020,430,14,416
24720021,687,5,682
24720022,729,1,728
24720023,527,14,513
24720024,408,8,400
24720025,325,3,322
24720026,488,8,480
24720027,569,0,569
24720028,565,27,538
24720029,467,12,455
24720030,500,9,491
24720031,561,12,549
24720032,468,9,459
24720033,465,0,465
24720034,580,0,580
24720035,453,0,453
24720036,499,4,495
24720037,502,0,502
24720038,483,0,483
24720039,666,12,654
24720040,592,0,592
24720041,362,2,360
24720042,453,8,445
24720044,464,0,464
24720045,375,2,373
24720046,522,2,520
24720047,547,17,530
24720048,495,7,488
24720049,913,0,913
24720050,513,11,502
24720051,433,1,432
24720052,741,18,723
24720053,492,14,478
24720054,708,8,700
24720056,397,1,396
24720057,403,2,401
24720058,605,9,596
24720060,402,0,402
24720061,638,0,638
24720062,572,8,564
24720063,471,6,465
24720064,508,18,490
24720065,546,0,546
24720066,756,2,754
24720067,523,1,522
24720068,520,25,495
24720069,646,7,639
24720070,592,26,566
24720071,492,0,492
24720072,942,6,936
24720074,544,3,541
24720075,413,26,387
24720076,691,11,680
24720077,460,4,456
24720078,645,3,642
24720080,356,5,351
24720081,962,26,936
24720082,393,0,393
24720083,551,7,544
24720084,783,5,778
24720096,953,9,944
24720098,467,10,457
24720099,725,7,718
24720100,1202,21,1181
24720101,536,0,536
24720102,583,0,583
24720103,507,0,507
24720104,985,9,976
24720105,447,10,437
24720106,603,9,594
24720108,1030,5,1025
24720109,760,9,751
24720110,503,0,503
24720111,608,6,602
24720112,354,10,344
24720113,435,5,430
24720114,430,16,414
24720115,405,0,405
24720116,474,8,466
24720117,862,0,862
24720118,390,0,390
24720119,482,0,482
24720120,732,19,713
24720121,539,21,518
24720122,422,1,421
24720149,598,6,592
24720150,512,23,489
24720151,567,4,563
24720152,716,15,701
24720154,531,2,529
24720157,1436,21,1415
24720158,726,0,726
24720159,708,4,704
24720160,820,9,811
24720161,969,24,945
24720162,433,7,426
24720163,571,0,571
24720164,420,24,396
24720165,632,3,629
24720166,1021,37,984
24720167,1337,56,1281
24720168,558,7,551
24720169,489,25,464
24720170,552,6,546
24720171,476,12,464
24720172,667,3,664
24720173,481,39,442
24720174,1603,14,1589
24720175,745,34,711
24720176,747,11,736
24720177,498,7,491
24720178,503,5,498
24720179,564,36,528
24720180,540,23,517
24720181,428,0,428
24720182,1159,151,1008
24720183,543,77,466
24720184,0,0,0
24720185,593,47,546
24720186,0,0,0
24720187,0,0,0
24720188,113,92,21
24720189,488,32,456
24720190,0,0,0
24720191,0,0,0
24720192,134,111,23
24720193,0,0,0
24720194,0,0,0
24720195,0,0,0
24720196,883,708,175
24720197,0,0,0
24720198,2,0,2
24720199,643,17,626
24720200,0,0,0
24720201,0,0,0
24720202,5,2,3
24720203,461,6,455
24720204,688,0,688
24720205,509,10,499
24720206,3705,12,3693
24720207,5634,70,5564
24720208,690,0,690
24720209,618,0,618
24720210,571,0,571
24720212,432,1,431
24720213,410,0,410
24720214,479,0,479
24720217,944,6,938
24720220,1478,18,1460
24720221,781,12,769
24720275,828,13,815
24720276,285,4,281
24720277,334,7,327
24720278,424,0,424
24720279,425,5,420
24720280,467,19,448
24720281,579,6,573
24720282,554,0,554
24730013,762,0,762
24730014,822,9,813
24730015,595,4,591
24730016,901,10,891
24730017,423,0,423
24730018,1044,6,1038
24730019,507,0,507
24730020,792,0,792
24730021,2344,2,2342
24730022,405,3,402
24730023,457,1,456
24730024,315,4,311
24730025,606,1,605
24730026,470,4,466
24730027,1981,11,1970
24730028,1074,2,1072
24730029,509,2,507
24730030,374,0,374
24730031,436,18,418
24730032,678,0,678
24730033,1227,39,1188
24730034,359,0,359
24730035,507,1,506
24730036,541,3,538
24730037,498,10,488
24730038,720,0,720
24730039,898,3,895
24730040,523,0,523
24730041,578,4,574
24730042,505,0,505
24730043,501,3,498
24730044,575,12,563
24730045,504,10,494
24730046,490,0,490
24730047,437,15,422
24730048,511,12,499
24730049,956,11,945
24730050,433,10,423
24730051,465,22,443
24730052,878,8,870
24730053,410,12,398
24730054,828,10,818
24730055,866,4,862
24730056,480,11,469
24730057,893,4,889
24730058,249,27,222
24730059,445,1,444
24730060,353,13,340
24730061,472,9,463
24730062,807,16,791
24730063,445,10,435
24730064,573,9,564
24730065,538,1,537
24730066,523,0,523
24730067,360,0,360
24730068,478,0,478
24730069,592,7,585
24730070,415,0,415
24730071,475,2,473
24730072,380,1,379
24730073,1196,12,1184
24730074,503,3,500
24730075,459,5,454
24730076,595,4,591
24730077,514,7,507
24730079,536,0,536
24730080,551,39,512
24730082,755,20,735
24730084,754,2,752
24730085,429,0,429
24730086,352,9,343
24730087,1049,0,1049
24730089,490,4,486
24730091,440,14,426
24730092,624,25,599
24730094,434,5,429
24730095,563,25,538
24730096,577,16,561
24730097,539,9,530
24730098,520,5,515
24730099,480,1,479
24730100,479,18,461
24730102,387,5,382
24730103,1146,8,1138
24730106,535,7,528
24730107,619,16,603
24730108,369,1,368
24730109,1260,18,1242
24730110,808,4,804
24730111,428,0,428
24730112,414,9,405
24730113,308,1,307
24730116,273,6,267
24730117,377,17,360
24730118,824,27,797
24730119,614,7,607
24730120,338,6,332
24730121,468,5,463
24730122,650,18,632
24730123,602,11,591
24730124,397,1,396
24730125,574,0,574
24730126,486,0,486
24730127,438,6,432
24730128,322,1,321
24730129,529,12,517
24730130,357,3,354
24730131,818,5,813
24730132,397,5,392
24730133,1889,0,1889
24730135,375,2,373
24730136,879,28,851
24730137,772,0,772
24730138,472,15,457
24730139,367,7,360
24730140,446,6,440
24730142,575,12,563
24730143,424,4,420
24730144,520,1,519
24730145,446,2,444
24730146,270,0,270
24730147,397,0,397
24730148,440,24,416
24730149,866,1,865
24730150,614,20,594
24730151,553,2,551
24730152,317,1,316
24730153,362,0,362
24730154,520,0,520
24730155,490,8,482
24730156,309,9,300
24730157,740,9,731
24730158,363,0,363
24730159,838,9,829
24730160,330,2,328
24730161,365,5,360
24730162,416,0,416
24730163,775,9,766
24730165,529,2,527
24730167,594,15,579
24730168,660,1,659
24730169,1854,30,1824
24730170,532,0,532
24730171,686,11,675
24730172,433,16,417
24730173,597,5,592
24730174,695,21,674
24730176,334,0,334
24730177,422,1,421
24730178,583,36,547
24730180,409,8,401
24730181,445,0,445
24730182,442,12,430
24730184,426,0,426
24730185,440,1,439
24730186,1002,0,1002
24730187,503,10,493
24730189,222,0,222
24730190,475,1,474
24730191,626,10,616
24730192,497,4,493
24730193,469,5,464
24730194,637,13,624
24730195,477,4,473
24730196,1916,28,1888
24730197,675,7,668
24730198,628,12,616
24730199,654,8,646
24730200,871,14,857
24730201,541,5,536
24730202,497,1,496
24730203,1467,11,1456
24730204,2797,17,2780
24730205,568,7,561
24730206,691,2,689
24730207,1165,0,1165
24730208,1354,0,1354
24730210,765,19,746
24730211,630,0,630
24730212,881,3,878
24730213,617,9,608
24730214,1116,0,1116
24730215,738,11,727
24730216,555,12,543
24730217,905,11,894
24730218,491,16,475
24730219,530,8,522
24730220,447,5,442
24730221,415,0,415
24730222,486,6,480
24730223,395,1,394
24730224,881,6,875
24730225,492,3,489
24730226,481,1,480
24730227,614,4,610
24730228,472,2,470
24730229,352,10,342
24730230,736,11,725
24730231,442,16,426
24730232,479,23,456
24730233,633,0,633
24730234,346,0,346
24730235,369,4,365
24730236,558,4,554
24730237,482,22,460
24730238,482,17,465
24730239,527,16,511
24730240,711,8,703
24730241,482,13,469
24730242,447,10,437
24730244,492,9,483
24730245,1635,23,1612
24730246,256,11,245
24730247,788,11,777
24730250,642,1,641
24730251,976,18,958
24730252,752,6,746
24730253,2029,1,2028
24730254,1434,12,1422
24730255,1499,0,1499
24730256,1023,0,1023
24730257,572,0,572
24730258,1154,4,1150
24730259,1183,10,1173
24730260,2247,28,2219
24730261,938,0,938
24730262,259,1,258
24730263,602,0,602
24730264,597,0,597
24730265,1760,28,1732
24730266,727,2,725
24730267,720,0,720
24730268,2566,16,2550
24730269,616,0,616
24730270,2414,36,2378
24730271,1774,9,1765
24730272,652,18,634
24730273,987,11,976
24740001,1788,46,1742
24740002,1246,54,1192
24740003,824,4,820
24740004,372,0,372
24740005,1530,2,1528
24740006,469,3,466
24740007,970,10,960
24740008,1237,14,1223
24740009,685,22,663
24740010,471,7,464
24740011,453,1,452
24740012,517,27,490
24740013,603,13,590
24740014,443,15,428
24740015,584,23,561
24740016,3144,12,3132
24740017,1405,6,1399
24740019,964,22,942
24740020,1100,7,1093
24740021,420,0,420
24740022,473,14,459
24740023,441,3,438
24740024,824,66,758
24740025,3272,64,3208
24740026,1036,8,1028
24740027,1688,12,1676
24740028,483,3,480
24740029,3405,16,3389
24740037,654,1,653
24740038,643,0,643
24740039,1662,11,1651
24740042,508,5,503
24740043,614,9,605
24740044,530,4,526
24740045,699,14,685
24740046,606,8,598
24740047,660,4,656
24740048,457,4,453
24740049,420,6,414
24740050,2579,0,2579
24740051,1785,19,1766
24740052,408,1,407
24740053,629,0,629
24740054,3400,16,3384
24740055,250,0,250
24740056,2540,56,2484
24740058,2502,2,2500
24740059,4360,74,4286
24750017,408,1,407
24750019,1042,31,1011
24750022,448,14,434
24750023,352,6,346
24750024,437,7,430
24750036,1386,17,1369
24750040,869,15,854
24750041,591,31,560
24750042,470,38,432
24750043,446,13,433
24750044,441,0,441
24750045,513,0,513
24750046,589,6,583
24750047,595,19,576
24750048,521,0,521
24750049,448,10,438
24750050,405,5,400
24750052,383,4,379
24750053,461,12,449
24750055,499,19,480
24750068,671,2,669
24750069,511,3,508
24750070,465,27,438
24750071,518,2,516
24750072,376,4,372
24750073,761,3,758
24750074,387,4,383
24750075,586,25,561
24750076,426,17,409
24750078,555,0,555
24750080,413,7,406
24750081,482,9,473
24750082,404,8,396
24750083,704,12,692
24750084,434,0,434
24750085,563,0,563
24750122,1085,6,1079
24750123,1499,20,1479
24750124,523,12,511
24750125,1231,35,1196
24750126,868,13,855
24750127,947,0,947
24750128,947,4,943
24750129,904,14,890
24750130,595,3,592
24750131,1707,11,1696
24750132,889,41,848
24750133,1678,17,1661
24750134,1256,29,1227
24750135,638,5,633
24750136,743,9,734
24750137,499,13,486
24750138,771,1,770
24750139,647,0,647
24750140,730,8,722
24750141,1061,3,1058
24750142,1062,10,1052
24750143,651,10,641
24750144,2245,9,2236
24750145,1266,2,1264
24750146,455,0,455
24750147,560,24,536
24750148,1007,17,990
24750149,971,24,947
24750150,1180,10,1170
24750151,1213,14,1199
24750152,569,15,554
24750153,4558,27,4531
24750154,502,14,488
24750155,520,11,509
24750156,497,9,488
24750157,546,1,545
24750158,663,15,648
24750159,573,15,558
24750160,1588,20,1568
24750161,704,52,652
24750162,804,0,804
24750163,1444,0,1444
24750164,804,11,793
24750165,602,12,590
24750166,944,23,921
24750167,1501,40,1461
24750173,410,8,402
24750174,677,0,677
24750175,807,7,800
24750179,1038,18,1020
24750180,1024,33,991
24750181,1337,20,1317
24750182,765,9,756
24750183,710,0,710
24750184,714,7,707
24750185,450,12,438
24750186,324,0,324
24750187,464,10,454
24750188,2059,35,2024
24750189,662,11,651
24750190,504,13,491
24750191,460,0,460
24750192,462,12,450
24750193,682,1,681
24750194,493,3,490
24750195,539,4,535
24750196,524,19,505
24750197,896,20,876
24750198,1614,25,1589
24750199,1203,21,1182
24750200,715,27,688
24750201,640,14,626
24750202,689,19,670
24750203,1089,17,1072
24750204,496,6,490
24750205,1486,29,1457
24750206,1280,20,1260
24750207,1889,8,1881
24750208,2040,24,2016
24750209,1479,16,1463
24750210,645,15,630
24750211,1456,4,1452
24750212,1042,33,1009
24750213,1200,39,1161
24750214,2675,23,2652
24750215,763,13,750
24750216,488,2,486
24750217,618,0,618
24750218,519,10,509
24750219,619,2,617
24750220,567,10,557
24750221,508,12,496
24750222,557,0,557
24750223,454,0,454
24750224,439,15,424
24750225,581,17,564
24750226,522,0,522
24750227,440,0,440
24750228,488,9,479
24750229,472,1,471
24750230,596,24,572
24750231,1154,30,1124
24750232,709,16,693
24750233,785,21,764
24750234,850,5,845
24750235,445,7,438
24750236,1263,41,1222
24750238,898,77,821
24750239,2845,46,2799
24750241,846,9,837
24750242,511,13,498
24750243,430,28,402
24750244,2566,67,2499
24750245,1107,14,1093
24750247,2242,40,2202
24750248,4365,8,4357
24760048,803,19,784
24760049,788,9,779
24760050,991,2,989
24760051,1085,13,1072
24760052,620,0,620
24760053,506,0,506
24760054,632,11,621
24760055,534,1,533
24760056,509,22,487
24760057,450,14,436
24760058,731,15,716
24760059,562,8,554
24760060,457,40,417
24760061,1403,4,1399
24760062,1525,6,1519
24760063,594,31,563
24760064,659,10,649
24760065,649,7,642
24760066,515,12,503
24760067,751,6,745
24760068,373,0,373
24760069,457,10,447
24760070,471,4,467
24760071,1114,17,1097
24760072,558,0,558
24760073,754,4,750
24760074,709,22,687
24760075,646,12,634
24760076,704,11,693
24760077,790,18,772
24760078,680,8,672
24760079,693,20,673
24760080,460,0,460
24760081,664,26,638
24760082,1082,18,1064
24760083,766,37,729
24760084,560,20,540
24760085,620,0,620
24760086,520,31,489
24760087,586,15,571
24760088,851,12,839
24760089,547,17,530
24760090,501,14,487
24760091,451,20,431
24760092,599,22,577
24760093,766,61,705
24760094,666,28,638
24760095,428,10,418
24770064,686,9,677
24770065,203,3,200
24770066,10,1,9
24770067,639,25,614
24770068,752,22,730
24770069,841,0,841
24770070,1424,24,1400
24770071,1160,4,1156
24770072,718,11,707
24770073,772,15,757
24770074,575,21,554
24770075,574,13,561
24770076,732,9,723
24770077,775,1,774
24770078,804,0,804
24770079,1255,28,1227
24770080,822,9,813
24770081,1280,2,1278
24770082,820,16,804
24770083,1205,32,1173
24770084,532,4,528
24770085,779,4,775
24770086,519,0,519
24770087,596,0,596
24770088,1160,17,1143
24770089,740,37,703
24770090,601,2,599
24770091,591,0,591
24770092,725,10,715
24770093,519,12,507
24770094,1319,35,1284
24770095,531,10,521
24770096,911,8,903
24770097,827,0,827
24770098,628,3,625
24770099,1025,1,1024
24770100,1007,14,993
24770101,867,4,863
24770102,916,0,916
24770103,1135,66,1069
24770104,1527,3,1524
24770105,1463,26,1437
24770106,748,33,715
24770107,638,11,627
24770108,703,8,695
24770109,766,5,761
24770110,729,4,725
24770111,751,9,742
24770112,170,8,162
24770113,670,16,654
24770114,1504,27,1477
24770115,706,18,688
24770116,758,14,744
24770117,589,16,573
24780099,524,7,517
24780100,674,9,665
24780101,541,7,534
24780102,350,8,342
24780103,503,2,501
24780104,595,4,591
24780105,807,20,787
24780106,589,17,572
24780107,812,34,778
24780108,42,0,42
24780109,557,82,475
24780110,522,39,483
24780111,689,48,641
24780112,527,22,505
24780113,838,18,820
24780114,592,19,573
24780115,417,10,407
24780116,677,6,671
24780117,526,6,520
24780118,567,6,561
24780119,819,37,782
24780120,561,6,555
24780121,1092,25,1067
24780122,721,18,703
24780123,402,2,400
24780124,372,12,360
24780125,430,0,430
24780126,675,7,668
24780127,535,16,519
24780128,513,3,510
24780129,686,0,686
24780130,743,52,691
24780131,669,18,651
24780132,773,20,753
24780133,476,24,452
24780134,0,0,0
24780135,839,56,783
24780136,634,26,608
24780137,0,0,0
24780138,654,15,639
24780139,926,25,901
24780140,739,48,691
24780141,690,7,683
24780142,607,10,597
24780143,495,0,495
24780144,570,0,570
24780145,566,30,536
24780146,607,21,586
24780147,639,3,636
24780148,572,0,572
24780149,566,30,536
24780150,681,22,659
24780151,607,19,588
24780152,514,2,512
24780153,510,10,500
24780154,511,13,498
24780155,571,12,559
24780156,924,7,917
24780157,577,6,571
24780158,472,5,467
24780159,616,10,606
24780160,513,0,513
24780161,806,24,782
24780162,382,4,378
24780163,516,0,516
24780164,779,4,775
24780165,586,27,559
24780166,565,11,554
24780167,59,0,59
24780168,629,16,613
24780169,482,19,463
24780170,359,2,357
24780171,662,8,654
24780172,550,6,544
24780173,886,8,878
24780174,641,6,635
24780175,716,0,716
24780176,667,9,658
24780177,552,18,534
24780178,230,2,228
24790081,0,0,0
24790082,0,0,0
24790083,0,0,0
24790084,0,0,0
24790085,0,0,0
24790086,0,0,0
24790087,0,0,0
24790088,0,0,0
24790089,364,16,348
24790090,450,18,432
24790091,538,85,453
24790092,428,26,402
24790093,409,10,399
24790094,367,43,324
24790095,346,30,316
24790096,728,49,679
24790097,393,51,342
24790098,611,17,594
24790099,347,24,323
24790100,444,10,434
24790101,350,26,324
24790102,324,20,304
24790103,0,0,0
24790104,753,22,731
24790105,445,13,432
24790106,792,46,746
24790107,754,57,697
24790108,442,24,418
24790109,487,32,455
24790110,575,32,543
24790111,531,72,459
24790112,557,15,542
24790113,597,45,552
24790114,404,45,359
24790115,699,66,633
24790116,490,40,450
24790117,578,49,529
24790118,511,7,504
24790119,555,36,519
24790120,465,51,414
24790121,565,51,514
24790122,705,76,629
24790123,512,19,493
24790124,438,14,424
24790125,634,29,605
24790126,855,61,794
24790127,304,10,294
24790128,405,24,381
24790129,385,19,366
24790130,391,53,338
24790131,489,14,475
24790132,435,21,414
24790133,472,8,464
24790134,482,38,444
24790135,553,63,490
24790137,0,0,0
24790138,481,15,466
24790140,453,7,446
24790141,513,8,505
24790142,527,13,514
24790143,689,8,681
24790144,444,26,418
24790145,556,16,540
24790146,459,23,436
24790147,514,71,443
24790148,437,27,410
24790149,415,49,366
24790150,629,17,612
24790151,510,13,497
24790152,505,21,484
24790153,567,17,550
24790154,599,32,567
24790155,458,46,412
24790156,524,31,493
24790157,544,46,498
24790158,449,25,424
24790159,0,0,0
24790160,5,5,0
24790162,0,0,0
24790163,501,22,479
24800051,426,4,422
24800052,469,14,455
24800053,570,4,566
24800054,754,37,717
24800055,621,23,598
24800056,581,33,548
24800057,518,0,518
24800058,558,0,558
24800059,520,8,512
24800060,449,14,435
24800061,585,36,549
24800062,407,8,399
24800063,611,34,577
24800064,547,13,534
24800065,454,7,447
24800066,483,27,456
24800067,485,11,474
24800068,609,18,591
24800069,427,28,399
24800070,1219,15,1204
24800071,415,13,402
24800072,531,4,527
24800073,384,3,381
24800074,342,3,339
24800075,959,14,945
24800076,632,18,614
24800077,480,17,463
24800078,540,8,532
24800079,551,17,534
24800080,499,11,488
24800081,976,37,939
24800082,1017,50,967
24800083,437,12,425
24800084,847,53,794
24800085,365,9,356
24800086,663,20,643
24800087,535,7,528
24800088,425,12,413
24800089,311,10,301
24800090,348,5,343
24800091,432,34,398
24810001,634,58,576
24810002,404,9,395
24810003,462,42,420
24810004,393,4,389
24810005,469,69,400
24810006,477,9,468
24810007,533,42,491
24810008,1678,81,1597
24810009,615,4,611
24810010,501,13,488
24810011,476,0,476
24810012,493,13,480
24810013,567,28,539
24810014,554,7,547
24810015,645,37,608
24810016,402,8,394
24810017,627,47,580
24810018,608,15,593
24810019,503,0,503
24810020,483,8,475
24810021,404,14,390
24810022,759,20,739
24810023,487,17,470
24810024,1154,72,1082
24810026,925,25,900
24810027,446,17,429
24810028,427,11,416
24810029,771,16,755
24810030,958,39,919
24810031,637,27,610
24810032,1609,4,1605
24810033,1495,61,1434
24810034,542,20,522
24810035,850,36,814
24810036,664,59,605
24810037,1529,146,1383
24810038,759,5,754
24810039,1410,73,1337
24810040,570,15,555
24810041,1679,23,1656
24810042,922,66,856
24810043,656,8,648
24810044,630,32,598
24810045,328,21,307
24810047,533,10,523
24810048,529,11,518
24810049,386,34,352
24810050,474,9,465
24810051,712,29,683
24810052,646,52,594
24810053,793,54,739
24810054,468,14,454
24810055,485,27,458
24810056,576,45,531
24810057,239,32,207
24810058,588,4,584
24810059,596,13,583
24810060,433,11,422
24810061,432,23,409
24810062,443,8,435
24810063,421,11,410
24810065,429,10,419
24810066,394,11,383
24810067,425,14,411
24810068,424,4,420
24810069,409,9,400
24810070,576,56,520
24810071,649,10,639
24810072,471,26,445
24810073,291,11,280
24810074,476,25,451
24810075,315,13,302
24810076,571,42,529
24810077,468,33,435
24810078,425,25,400
24810079,346,8,338
24810080,489,15,474
24810081,540,26,514
24810082,537,9,528
24810083,417,15,402
24810084,455,8,447
24810085,533,24,509
24810086,395,23,372
24810088,544,16,528
24810089,534,14,520
24810090,317,8,309
24810091,299,16,283
24810094,755,30,725
24810095,915,56,859
24810096,437,8,429
24810097,415,30,385
24810098,1840,56,1784
24810100,1209,26,1183
24810101,550,13,537
24810102,1223,72,1151
24810103,613,8,605
24810104,278,7,271
24810105,1009,8,1001
24810106,422,0,422
24810108,661,9,652
24810109,342,6,336
24810110,326,7,319
24810111,324,16,308
24810112,342,10,332
24810113,319,29,290
24810114,672,31,641
24810115,892,16,876
24810116,253,17,236
24810117,497,30,467
24810118,390,11,379
24810119,379,28,351
24810120,381,11,370
24810121,438,10,428
24810122,762,41,721
24810123,1328,46,1282
24810124,689,32,657
24810125,1074,35,1039
24810126,704,19,685
24810127,627,13,614
24810128,334,32,302
24810129,579,61,518
24810130,434,10,424
24810131,460,12,448
24810132,410,18,392
24810133,403,19,384
24810134,523,17,506
24810135,1832,36,1796
24810136,464,48,416
24810137,658,63,595
24810138,631,36,595
24810139,378,8,370
24810140,316,5,311
24810141,450,22,428
24810142,273,8,265
24810143,384,14,370
24810145,821,26,795
24810146,523,8,515
24810147,572,12,560
24810148,386,11,375
24810149,497,29,468
24810150,510,17,493
24810151,321,11,310
24810152,599,11,588
24810153,393,23,370
24810155,617,35,582
24810156,396,6,390
24810157,391,18,373
24810158,460,35,425
24810159,398,24,374
24810160,423,9,414
24810161,606,28,578
24810162,799,6,793
24810163,465,19,446
24810164,343,13,330
24810165,465,4,461
24810166,378,16,362
24810167,329,24,305
24810168,466,11,455
24810169,324,24,300
24810170,652,8,644
24810171,542,7,535
24810172,403,16,387
24810173,360,13,347
24810174,457,13,444
24810175,306,0,306
24810176,480,13,467
24810177,458,19,439
24810178,616,18,598
24810179,464,26,438
24810180,706,46,660
24810182,1351,29,1322
24810183,481,0,481
24810184,580,10,570
24810185,522,39,483
24810186,1295,32,1263
24810187,497,38,459
24810188,343,32,311
24810189,1151,8,1143
24810190,1331,18,1313
24810191,393,5,388
24810192,559,33,526
24810193,412,3,409
24810194,757,25,732
24810195,544,24,520
24810196,680,47,633
24810197,446,9,437
24810198,452,0,452
24810199,822,32,790
24810200,600,0,600
24810201,1005,80,925
24810202,1257,56,1201
24810203,401,15,386
24810204,616,30,586
24810205,545,27,518
24810206,312,15,297
24810207,1345,20,1325
24810208,296,24,272
24810209,374,11,363
24810210,881,29,852
24810211,977,44,933
24810212,482,43,439
24810213,501,12,489
24810214,535,37,498
24810215,704,33,671
24810216,526,0,526
24810217,248,4,244
24810218,390,9,381
24810219,370,17,353
24810220,548,7,541
24810221,438,0,438
24810222,521,7,514
24810224,525,13,512
24810225,1362,60,1302
24810226,421,15,406
24810227,445,16,429
24810228,453,5,448
24810229,846,23,823
24810230,754,17,737
24810231,288,8,280
24810232,438,8,430
24810233,684,8,676
24810234,477,14,463
24810235,370,7,363
24810236,349,11,338
24810237,639,43,596
24810238,468,16,452
24810239,907,40,867
24810241,615,0,615
24810242,511,16,495
24810243,518,21,497
24810244,446,0,446
24810245,316,5,311
24810247,899,16,883
24810248,574,20,554
24810249,452,44,408
24810250,2150,70,2080
24810253,1063,24,1039
24810254,488,9,479
24810255,896,33,863
24810256,923,61,862
24810257,324,7,317
24810260,682,22,660
24810261,925,25,900
24810262,279,13,266
24810263,816,12,804
24810264,420,8,412
24810265,599,8,591
24810266,832,20,812
24810267,575,50,525
24810268,439,12,427
24810269,476,18,458
24810270,486,26,460
24810271,407,27,380
24810272,419,37,382
24810273,347,14,333
24810274,504,19,485
24810275,532,46,486
24810276,397,1,396
24810277,354,3,351
24810278,439,8,431
24810279,344,7,337
24810280,476,12,464
24810281,426,11,415
24810282,158,12,146
24810283,407,7,400
24810284,400,29,371
24810285,631,48,583
24810286,423,27,396
24810287,375,11,364
24810288,414,9,405
24810289,283,8,275
24810290,311,57,254
24810291,438,25,413
24810292,512,21,491
24810293,268,22,246
24810294,270,11,259
24810295,347,10,337
24810296,929,21,908
24810297,469,13,456
24810298,646,34,612
24810299,765,18,747
24810300,458,24,434
24810301,294,49,245
24810302,546,14,532
24810303,404,22,382
24810304,338,10,328
24810305,754,49,705
24810306,908,21,887
24810307,491,7,484
24810308,842,70,772
24810309,335,21,314
24810310,2244,69,2175
24810313,450,14,436
24810314,2829,51,2778
24810315,550,22,528
24810316,2415,127,2288
24810317,493,17,476
24810318,2215,55,2160
24810319,1186,38,1148
24810320,556,19,537
24810321,623,54,569
24810322,404,8,396
24810323,786,26,760
24810324,404,11,393
24810325,475,9,466
24810326,389,10,379
24810327,377,48,329
24810328,787,25,762
24810329,461,10,451
24810330,359,56,303
24810331,370,25,345
24810332,1348,57,1291
24810333,1159,54,1105
24810334,639,41,598
24810335,503,66,437
24810336,991,36,955
24810337,295,24,271
24810338,404,7,397
24810339,446,23,423
24810341,974,62,912
24810342,477,24,453
24810343,1157,70,1087
24810344,281,4,277
24810345,560,11,549
24810346,798,35,763
24810347,345,8,337
24810348,857,43,814
24810349,568,35,533
24810350,528,21,507
24810351,522,40,482
24810352,828,28,800
24810353,907,36,871
24810354,521,33,488
24810355,579,30,549
24810356,458,17,441
24810357,354,10,344
24810358,432,42,390
24810359,219,0,219
24810360,358,11,347
24810362,331,19,312
24810363,454,9,445
24810364,939,10,929
24810367,920,15,905
24810368,580,45,535
24810369,1593,56,1537
24810370,492,56,436
24810371,409,16,393
24810372,559,41,518
24810373,1240,42,1198
24810374,826,20,806
24810375,219,4,215
24810376,724,0,724
24810377,484,13,471
24810378,505,33,472
24810379,3248,78,3170
24810380,727,40,687
24810381,1043,20,1023
24810382,1355,28,1327
24810383,1396,91,1305
24810385,827,18,809
24810388,587,24,563
24810389,665,38,627
24810390,1161,81,1080
24810391,2142,122,2020
24810392,228,10,218
24810393,399,8,391
24810394,1196,66,1130
24810396,241,12,229
24810397,265,8,257
24810398,1233,16,1217
24810399,1881,122,1759
24810400,947,20,927
24810401,879,18,861
24810402,1684,4,1680
24810403,1265,20,1245
24810404,1230,53,1177
24810405,634,14,620
24810406,487,6,481
24810407,730,35,695
24810409,439,11,428
24810410,1691,126,1565
24810411,1398,26,1372
24810412,955,34,921
24810413,1028,23,1005
24810414,794,8,786
24810415,934,39,895
24810416,345,2,343
24810417,1809,25,1784
24810418,1107,52,1055
24810419,1070,39,1031
24810420,1235,26,1209
24810421,1537,56,1481
24810422,1724,72,1652
24810423,2227,98,2129
24810424,430,0,430
24810425,422,4,418
24810426,2340,62,2278
24810427,823,38,785
24810428,2111,39,2072
24810429,508,11,497
24810430,1723,55,1668
24810431,1050,36,1014
24810432,735,23,712
24810433,1361,73,1288
24810434,552,0,552
24810435,605,8,597
24810436,773,20,753
24810437,943,102,841
24810438,1303,111,1192
24810439,1112,37,1075
24810440,414,31,383
24810441,650,8,642
24810442,712,29,683
24810443,743,9,734
24810444,634,33,601
24810445,940,17,923
24810446,664,9,655
24810447,1323,16,1307
24810448,881,64,817
24810449,666,13,653
24810450,961,34,927
24820016,1671,152,1519
24820017,883,38,845
24820018,1312,67,1245
24820019,1630,142,1488
24820021,1220,43,1177
24820022,342,39,303
24820027,651,12,639
24820028,1447,36,1411
24820054,744,10,734
24820055,554,40,514
24820056,578,35,543
24820057,741,46,695
24820058,475,20,455
24820059,1064,33,1031
24820060,2215,101,2114
24820061,782,35,747
24820062,754,20,734
24820063,881,66,815
24820064,923,43,880
24820065,852,38,814
24820066,1137,19,1118
24820067,1166,53,1113
24820068,891,7,884
24820069,800,6,794
24820070,478,0,478
24820071,1048,5,1043
24820072,355,10,345
24820073,1525,37,1488
24820074,1100,29,1071
24820075,587,31,556
24820076,844,32,812
24820077,879,11,868
24820078,504,7,497
24820079,579,0,579
24820080,535,1,534
24820081,1374,41,1333
24820082,779,24,755
24820083,661,8,653
24820084,1112,76,1036
24820085,462,28,434
24820086,562,3,559
24820087,499,20,479
24820088,664,65,599
24820089,1359,114,1245
24820090,1339,90,1249
24820091,602,54,548
24820092,1013,91,922
24820093,756,24,732
24820094,968,74,894
24820095,827,14,813
24820096,719,4,715
24820097,735,23,712
24820098,757,57,700
24820099,528,13,515
24820100,403,35,368
24820101,548,85,463
24820102,619,110,509
24820104,912,60,852
24820105,1387,110,1277
24830051,0,0,0
24830052,0,0,0
24830053,0,0,0
24830054,0,0,0
24830057,615,181,434
24830058,598,135,463
24830059,417,22,395
24830060,763,206,557
24830061,520,101,419
24830062,518,106,412
24830063,494,125,369
24830064,559,168,391
24830065,589,136,453
24830066,599,93,506
24830067,492,74,418
24830068,514,155,359
24830069,424,150,274
24830070,651,642,9
24830071,386,103,283
24830072,476,113,363
24830073,469,105,364
24830074,491,160,331
24830075,526,43,483
24830076,583,227,356
24830077,428,113,315
24830078,559,89,470
24830079,629,62,567
24830080,510,58,452
24830081,424,98,326
24830082,612,71,541
24830083,481,15,466
24830084,487,66,421
24830085,491,105,386
24830086,544,62,482
24830087,467,39,428
24830088,484,5,479
24830089,536,42,494
24830090,439,34,405
24830091,717,105,612
24830092,812,55,757
24830093,518,497,21
24830095,0,0,0
24830096,305,289,16
24840037,0,0,0
24840038,125,11,114
24840039,149,20,129
24840040,328,64,264
24840041,440,133,307
24840042,425,77,348
24840043,452,76,376
24840044,344,88,256
24840045,662,153,509
24840046,449,84,365
24840047,417,85,332
24840048,558,195,363
24840049,401,149,252
24840050,314,110,204
24840051,391,30,361
24840052,348,48,300
24840053,341,95,246
24840054,587,99,488
24840055,687,121,566
24840056,34,0,34
24840057,219,5,214
24840058,411,21,390
24840059,480,14,466
24840060,517,59,458
24840061,470,21,449
24840062,342,29,313
24840063,369,6,363
24840064,488,50,438
24840065,454,5,449
24840066,514,66,448
24840067,364,76,288
24840068,164,32,132
24840069,508,153,355
24840070,744,220,524
24850044,277,10,267
24850045,320,12,308
24850046,304,8,296
24850047,467,16,451
24850048,623,15,608
24850049,495,5,490
24850050,426,0,426
24850051,414,10,404
24850052,375,5,370
24850053,319,17,302
24850054,892,0,892
24850055,295,6,289
24850056,417,3,414
24850057,479,1,478
24850058,351,20,331
24850059,414,6,408
24850060,439,1,438
24850061,627,0,627
24850062,478,86,392
24850063,0,0,0
24850064,0,0,0
24850065,0,0,0
24850066,0,0,0
24850067,517,485,32
24850068,10,2,8
24850069,0,0,0
24850070,495,44,451
24850071,342,10,332
24850072,0,0,0
24850073,619,6,613
24850074,337,12,325
24850075,323,0,323
24850076,287,15,272
24850077,183,31,152
24850078,314,36,278
24850079,226,140,86
24850080,86,86,0
24850081,17,16,1
24850082,8,8,0
24850083,532,81,451
24850084,269,238,31
24850085,477,88,389
24850086,361,62,299
24850087,337,46,291
24850088,338,99,239
24850089,415,79,336
24850090,425,15,410
24850091,80,0,80
24860073,1032,8,1024
24860074,589,20,569
24860075,1006,42,964
24860076,526,5,521
24860077,563,8,555
24860078,506,10,496
24860079,461,4,457
24860080,542,7,535
24860082,874,10,864
24860083,502,10,492
24860084,549,9,540
24860085,463,13,450
24860086,551,26,525
24860087,475,28,447
24860088,500,20,480
24860089,523,22,501
24860090,449,13,436
24860091,506,0,506
24860092,492,7,485
24860093,494,9,485
24860094,496,25,471
24860095,476,20,456
24860096,413,9,404
24860097,504,14,490
24860098,447,8,439
24860099,545,12,533
24860100,431,35,396
24860101,559,14,545
24860102,523,12,511
24860103,617,8,609
24860104,524,10,514
24860105,482,17,465
24860106,434,0,434
24860107,945,36,909
24860108,494,3,491
24860109,722,0,722
24860110,516,18,498
24860112,404,4,400
24860113,525,18,507
24860114,440,29,411
24860119,590,1,589
24860120,710,7,703
24860123,1000,16,984
24860124,440,11,429
24860125,773,0,773
24860126,464,13,451
24860128,541,5,536
24860140,351,29,322
24860141,553,8,545
24860142,946,51,895
24860143,515,28,487
24860144,1008,32,976
24860145,1106,42,1064
24860146,792,2,790
24860147,379,0,379
24860148,516,13,503
24860149,580,32,548
24860150,423,0,423
24860151,1115,18,1097
24860152,1129,56,1073
24860153,537,8,529
24860154,1531,102,1429
24860155,232,9,223
24860156,837,35,802
24860157,716,39,677
24860158,817,0,817
24860159,362,0,362
24860160,406,13,393
24870043,27,3,24
24870044,295,21,274
24870045,154,13,141
24870046,503,4,499
24870047,384,11,373
24870048,408,5,403
24870049,193,10,183
24870050,483,8,475
24870051,344,3,341
24870052,455,4,451
24870053,384,26,358
24870054,385,14,371
24870055,390,7,383
24870056,962,21,941
24870057,454,8,446
24870058,377,7,370
24870059,431,23,408
24870060,452,31,421
24870061,451,16,435
24870062,328,0,328
24870063,428,8,420
24870064,526,5,521
24870065,447,9,438
24870066,368,21,347
24870067,467,4,463
24870068,429,3,426
24870069,564,23,541
24870075,694,13,681
24870076,506,14,492
24870077,431,0,431
24870078,466,9,457
24870080,472,25,447
24870081,531,11,520
24870082,496,12,484
24870083,334,11,323
24870084,395,0,395
24870085,683,36,647
24870086,0,0,0
24870088,269,0,269
24870090,57,9,48
24870091,315,3,312
24870093,466,53,413
24870094,499,0,499
24870096,695,11,684
24870097,675,12,663
24870098,799,22,777
24870099,467,3,464
24880047,9,9,0
24880048,131,11,120
24880049,217,19,198
24880050,126,0,126
24880051,558,0,558
24880052,424,42,382
24880053,509,8,501
24880054,451,12,439
24880055,740,44,696
24880056,459,15,444
24880057,879,1,878
24880058,407,7,400
24880059,505,17,488
24880060,361,10,351
24880061,405,7,398
24880062,520,0,520
24880063,376,6,370
24880064,450,14,436
24880065,539,12,527
24880066,438,3,435
24880067,494,2,492
24880068,417,0,417
24880069,822,4,818
24880070,540,520,20
24880071,756,16,740
24880072,577,36,541
24880073,410,40,370
24880074,463,15,448
24880075,399,16,383
24880076,427,12,415
24880077,442,22,420
24880078,380,26,354
24880079,365,19,346
24880080,355,0,355
24880081,503,5,498
24880082,724,63,661
24880083,385,2,383
24880084,758,0,758
24880085,459,11,448
24880086,872,7,865
24880087,391,4,387
24880088,418,4,414
24880089,683,29,654
24880090,574,7,567
24880091,389,0,389
24880092,577,8,569
24880093,588,12,576
24880094,507,18,489
24880095,460,8,452
24880096,0,0,0
24880097,529,0,529
24880098,125,9,116
24880099,216,0,216
24890065,428,6,422
24890066,424,20,404
24890067,395,42,353
24890068,421,6,415
24890069,774,41,733
24890070,229,45,184
24890072,988,988,0
24890073,462,451,11
24890074,0,0,0
24890075,0,0,0
24890079,437,57,380
24890080,390,57,333
24890081,513,11,502
24890082,462,29,433
24890083,470,44,426
24890084,394,24,370
24890085,526,33,493
24890086,362,22,340
24890087,473,37,436
24890088,444,16,428
24890089,447,50,397
24890090,464,29,435
24890091,497,18,479
24890092,511,38,473
24890093,508,14,494
24890094,461,30,431
24890095,384,34,350
24890096,558,25,533
24890097,463,5,458
24890099,857,72,785
24890100,545,7,538
24890101,529,23,506
24890102,605,32,573
24890103,623,14,609
24890104,912,26,886
24890105,640,21,619
24890109,332,27,305
24890110,488,13,475
24890118,862,20,842
24890119,643,26,617
24890121,379,14,365
24890122,594,31,563
24890123,734,57,677
24890124,629,47,582
24890125,788,5,783
24890126,135,9,126
24890127,464,6,458
24890128,51,3,48
24890129,321,10,311
24890130,562,20,542
24890131,1308,53,1255
24890132,432,9,423
24890133,537,0,537
24890134,709,28,681
24890135,112,9,103
24890136,110,1,109
24890139,521,14,507
24890140,657,29,628
24890141,775,157,618
24890142,602,24,578
24890144,262,262,0
24890145,0,0,0
24890146,0,0,0
24890147,586,23,563
24890148,380,6,374
24890149,438,21,417
24890153,891,20,871
24890154,233,24,209
24890155,468,16,452
24890156,618,16,602
24890157,409,24,385
24890158,597,8,589
24890159,799,17,782
24890160,1225,55,1170
24890161,799,54,745
24890162,781,14,767
24890163,565,24,541
24890164,537,9,528
24890165,567,0,567
24890166,1205,10,1195
24890168,766,24,742
24890169,752,73,679
24890170,2,0,2
24890171,5,5,0
24900037,1950,1950,0
24900040,577,35,542
24900041,693,690,3
24900042,534,528,6
24900043,533,114,419
24900044,443,49,394
24900045,455,72,383
24900046,631,55,576
24900047,553,4,549
24900048,542,38,504
24900049,557,56,501
24900050,576,47,529
24900051,739,80,659
24900052,529,96,433
24900053,675,17,658
24900054,642,101,541
24900055,861,92,769
24900056,649,8,641
24900057,857,143,714
24900058,618,34,584
24900059,164,13,151
24900060,497,55,442
24900061,313,48,265
24910050,1153,25,1128
24910051,577,36,541
24910052,450,24,426
24910053,411,15,396
24910054,394,47,347
24910055,699,56,643
24910056,293,17,276
24910057,453,5,448
24910058,395,24,371
24910059,472,23,449
24910060,337,16,321
24910061,520,27,493
24910062,450,22,428
24910063,394,6,388
24910064,520,12,508
24910065,770,53,717
24910066,508,21,487
24910067,544,33,511
24910068,980,57,923
24910069,643,80,563
24910070,586,29,557
24910071,556,436,120
24910072,492,444,48
24910073,877,794,83
24910074,506,89,417
24910075,380,54,326
24910076,515,66,449
24910077,501,65,436
24910078,555,70,485
24910079,480,11,469
24910080,647,34,613
24910081,515,53,462
24910082,445,54,391
24910083,510,64,446
24910084,627,71,556
24910085,468,44,424
24910086,415,34,381
24910087,733,66,667
24910088,988,73,915
24910089,128,47,81
24910090,484,17,467
24910091,381,36,345
24910092,438,67,371
24910093,569,52,517
24910094,471,27,444
24910095,767,127,640
24910096,0,0,0
24910097,508,33,475
24910098,462,33,429
24910099,583,25,558
24910100,377,53,324
24910101,324,48,276
24910102,472,29,443
24910103,38,25,13
24910104,404,12,392
24910105,501,8,493
24910106,427,57,370
24910107,786,43,743
24910108,450,0,450
24920051,52,0,52
24920052,195,51,144
24920053,463,19,444
24920054,189,0,189
24920055,298,4,294
24920056,378,19,359
24920057,431,15,416
24920058,363,24,339
24920059,496,10,486
24920060,332,5,327
24920061,524,61,463
24920062,427,52,375
24920063,373,28,345
24920064,557,54,503
24920065,334,7,327
24920066,392,24,368
24920067,362,9,353
24920068,362,44,318
24920069,318,13,305
24920070,234,48,186
24920071,375,12,363
24920072,422,43,379
24920073,447,23,424
24920074,735,3,732
24920075,508,55,453
24920076,633,45,588
24920077,494,2,492
24920078,283,2,281
24920079,390,7,383
24920080,687,77,610
24920081,301,12,289
24920082,430,16,414
24920083,445,41,404
24920084,312,33,279
24920085,445,22,423
24920086,396,27,369
24920087,348,14,334
24920088,677,48,629
24920089,362,85,277
24920090,282,45,237
24920091,341,41,300
24920092,575,81,494
24920093,317,71,246
24920094,272,44,228
24920095,104,9,95
24920096,443,36,407
24920097,364,16,348
24920098,132,22,110
24920099,454,78,376
24920100,592,105,487
24920101,526,16,510
24920102,325,40,285
24920103,389,17,372
24920104,568,30,538
24920105,348,6,342
24920106,505,52,453
24920107,413,34,379
24920108,316,21,295
24920109,285,6,279
24920110,378,9,369
24930059,643,22,621
24930060,362,7,355
24930061,463,15,448
24930062,333,15,318
24930063,381,11,370
24930064,571,29,542
24930065,430,22,408
24930066,649,62,587
24930067,279,1,278
24930068,655,43,612
24930069,477,51,426
24930070,438,39,399
24930071,543,87,456
24930072,609,18,591
24930073,648,31,617
24930074,638,10,628
24930075,409,7,402
24930076,418,8,410
24930077,400,10,390
24930078,460,13,447
24930079,451,1,450
24930080,413,10,403
24930081,391,17,374
24930082,409,12,397
24930083,553,39,514
24930084,444,10,434
24930085,372,8,364
24930086,955,7,948
24930087,386,0,386
24930088,452,19,433
24930089,445,7,438
24930090,471,6,465
24930091,397,2,395
24930092,550,0,550
24930093,1653,19,1634
24930094,626,17,609
24930097,475,16,459
24930098,605,49,556
24930099,503,8,495
24930100,455,6,449
24930101,2068,65,2003
24930102,346,22,324
24930103,336,38,298
24930104,410,28,382
24930106,312,0,312
24930107,342,38,304
24930109,455,25,430
24930110,503,16,487
24930111,664,4,660
24930112,371,9,362
24930113,399,13,386
24930114,1089,66,1023
24930115,406,37,369
24930116,398,14,384
24930117,604,16,588
24930118,448,23,425
24930119,747,32,715
24930120,356,25,331
24930121,793,6,787
24930122,602,13,589
24930123,456,17,439
24930124,241,13,228
24930125,544,6,538
24930126,349,0,349
24930127,404,22,382
24930128,480,10,470
24930129,470,9,461
24930130,455,6,449
24930131,542,34,508
24930132,585,58,527
24930133,433,19,414
24930134,532,4,528
24930135,537,5,532
24930136,336,1,335
24930137,439,14,425
24930138,461,7,454
24930139,477,4,473
24930140,420,3,417
24930141,383,7,376
24930142,779,15,764
24930143,764,13,751
24930144,527,6,521
24930145,318,10,308
24930146,579,0,579
24930147,399,11,388
24930148,439,0,439
24930149,758,28,730
24930150,0,0,0
24930151,0,0,0
24930152,0,0,0
24930153,0,0,0
24930154,0,0,0
24930155,421,33,388
24930156,502,26,476
24930157,409,5,404
24930158,557,33,524
24930159,503,74,429
24930160,423,14,409
24930161,453,9,444
24930162,540,13,527
24930163,308,1,307
24930165,383,30,353
24930166,349,6,343
24930168,1399,39,1360
24940010,573,23,550
24940011,608,47,561
24940018,628,24,604
24940025,311,7,304
24940026,421,2,419
24940027,410,10,400
24940028,383,15,368
24940029,417,20,397
24940030,538,44,494
24940031,391,19,372
24940034,439,13,426
24940035,422,11,411
24940036,513,3,510
24940037,398,3,395
24940038,536,29,507
24940039,404,24,380
24940040,505,15,490
24940041,529,22,507
24940042,494,25,469
24940043,357,13,344
24940044,414,7,407
24940045,422,6,416
24940046,431,16,415
24940047,435,19,416
24940048,506,5,501
24940049,466,10,456
24940050,429,10,419
24940051,311,31,280
24940052,601,21,580
24940053,317,36,281
24940054,398,30,368
24940055,894,23,871
24940056,1129,69,1060
24940057,306,11,295
24940058,598,8,590
24940059,835,5,830
24940060,346,6,340
24940061,498,26,472
24940062,407,12,395
24940063,650,44,606
24940064,467,16,451
24940065,427,21,406
24940066,410,25,385
24940067,418,35,383
24940068,600,22,578
24940069,433,5,428
24940070,981,14,967
24940071,378,13,365
24940072,433,25,408
24940073,489,37,452
24940074,493,2,491
24940075,357,35,322
24940076,388,29,359
24940077,493,10,483
24940078,1154,31,1123
24940082,1379,28,1351
24940103,387,47,340
24940104,769,17,752
24940105,630,46,584
24940106,391,0,391
24940107,400,8,392
24940108,243,3,240
24940109,348,16,332
24940110,382,1,381
24940111,450,19,431
24940112,543,29,514
24940114,272,6,266
24940116,380,26,354
24940117,351,11,340
24940118,349,0,349
24940119,405,24,381
24940120,411,10,401
24940123,664,12,652
24940124,429,15,414
24940125,387,9,378
24940126,472,5,467
24940127,1050,16,1034
24940131,488,0,488
24940132,465,34,431
24940147,702,57,645
24940148,463,5,458
24940149,342,25,317
24940150,414,15,399
24940151,466,3,463
24940152,459,13,446
24940153,467,9,458
24940154,440,25,415
24940155,284,1,283
24940156,392,16,376
24940157,778,51,727
24940158,294,1,293
24940159,385,19,366
24940160,386,25,361
24940161,366,18,348
24940162,358,12,346
24940163,377,16,361
24940164,175,10,165
24940165,260,9,251
24940166,294,14,280
24940167,1913,56,1857
24940168,893,28,865
24940169,691,4,687
24940170,558,19,539
24940171,387,17,370
24940172,310,5,305
24940173,661,15,646
24940174,311,0,311
24940175,393,41,352
24940176,352,11,341
24940177,395,27,368
24940178,418,49,369
24940179,469,32,437
24940180,283,2,281
24940181,441,10,431
24940182,498,12,486
24940183,714,41,673
24940184,531,23,508
24940185,286,29,257
24940186,406,4,402
24940187,668,0,668
24940188,439,23,416
24940189,492,11,481
24940190,371,12,359
24940191,332,29,303
24940193,516,8,508
24940194,378,7,371
24940195,296,11,285
24940196,325,31,294
24940197,924,25,899
24940199,251,1,250
24940200,414,16,398
24940201,685,27,658
24940202,458,11,447
24940203,581,18,563
24940204,465,14,451
24940205,268,8,260
24940206,427,12,415
24940207,631,33,598
24940208,310,15,295
24940209,423,9,414
24940210,438,12,426
24940211,732,70,662
24940212,563,4,559
24940213,570,41,529
24940214,789,37,752
24940215,337,13,324
24940216,415,23,392
24940217,516,18,498
24940218,393,14,379
24940219,779,54,725
24940220,419,22,397
24940221,223,7,216
24940222,1183,30,1153
24940237,542,27,515
24940238,402,15,387
24940239,382,11,371
24940240,439,23,416
24940241,495,18,477
24940242,554,4,550
24940244,571,16,555
24940245,504,8,496
24940246,1406,63,1343
24940247,196,14,182
24940248,326,30,296
24940249,699,10,689
24940250,476,44,432
24940251,387,33,354
24940252,370,14,356
24940253,470,29,441
24940254,426,24,402
24940255,375,48,327
24940256,373,13,360
24940257,419,17,402
24940258,401,36,365
24940259,490,14,476
24940260,388,18,370
24940261,417,0,417
24940262,320,25,295
24940263,337,16,321
24940264,395,8,387
24940265,826,23,803
24940266,411,32,379
24940267,319,8,311
24940268,852,28,824
24940269,306,8,298
24940270,512,27,485
24940271,1067,15,1052
24940274,1020,52,968
24940275,258,8,250
24940276,329,10,319
24940277,388,23,365
24940278,387,12,375
24940279,409,24,385
24940280,363,8,355
24940281,386,12,374
24940282,397,13,384
24940283,509,65,444
24940284,550,1,549
24940285,530,25,505
24940286,408,44,364
24940287,915,10,905
24940294,226,23,203
24940295,486,18,468
24940296,465,0,465
24940297,456,8,448
24940298,380,17,363
24940299,815,39,776
24940300,432,47,385
24940301,398,24,374
24940302,340,8,332
24940303,410,15,395
24940304,200,8,192
24940305,360,10,350
24940306,349,0,349
24940307,943,52,891
24940310,594,59,535
24940311,410,27,383
24940312,573,7,566
24940313,2,0,2
24940314,857,72,785
24940315,828,2,826
24940316,460,28,432
24940323,715,65,650
24940324,933,75,858
24940329,425,61,364
24940330,959,60,899
24940331,389,50,339
24940332,1166,57,1109
24940333,0,0,0
24940334,524,66,458
24940335,0,0,0
24940337,914,23,891
24940338,1177,34,1143
24940339,1278,27,1251
24940340,1494,4,1490
24940342,647,28,619
24940343,658,29,629
24940344,291,11,280
24940345,493,17,476
24940346,474,18,456
24940347,550,17,533
24940348,395,13,382
24940366,510,19,491
24940374,735,7,728
24940375,806,37,769
24940376,704,1,703
24940377,649,22,627
24940378,640,20,620
24940379,491,34,457
24940380,495,17,478
24940381,384,33,351
24940382,412,42,370
24940383,649,8,641
24940386,593,46,547
24940387,523,24,499
24940391,757,39,718
24940395,882,21,861
24940396,655,9,646
24940398,708,31,677
24940399,438,99,339
24940400,926,81,845
24940402,710,11,699
24940403,899,62,837
24940404,741,62,679
24940406,1046,59,987
24940407,1169,47,1122
24940409,1220,75,1145
24940410,744,55,689
24940411,377,30,347
24940412,381,21,360
24940414,416,12,404
24940415,260,14,246
24940416,1031,28,1003
24940417,696,19,677
24940418,490,18,472
24940419,514,9,505
24940421,501,37,464
24940422,417,10,407
24940424,332,36,296
24940425,1151,7,1144
24940429,669,20,649
24940430,796,37,759
24940431,450,38,412
24940432,277,0,277
24940433,402,28,374
24940434,438,50,388
24940435,423,26,397
24940436,513,5,508
24940437,546,15,531
24940438,370,33,337
24940439,333,15,318
24940440,569,28,541
24940441,258,0,258
24940442,557,11,546
24940443,415,10,405
24940444,508,26,482
24940445,304,5,299
24940446,356,2,354
24940447,362,30,332
24940448,859,31,828
24940449,1655,47,1608
24940450,451,1,450
24940451,597,0,597
24940452,269,7,262
24940454,337,12,325
24940455,798,18,780
24940456,527,32,495
24940457,541,20,521
24940458,553,72,481
24950025,315,0,315
24950026,356,48,308
24950027,477,85,392
24950028,577,89,488
24950029,330,21,309
24950030,365,44,321
24950031,341,38,303
24950032,475,44,431
24950033,393,59,334
24950034,294,38,256
24950035,319,55,264
24950036,284,91,193
24950037,430,165,265
24950038,283,55,228
24950039,502,143,359
24950040,391,97,294
24950041,525,98,427
24950042,324,235,89
24950043,423,133,290
24950044,620,158,462
24950045,586,114,472
24950046,430,67,363
24950047,368,43,325
24950048,533,102,431
24950049,5,5,0
24950050,336,80,256
24950051,324,21,303
24960045,85,1,84
24960046,1427,45,1382
24960047,250,15,235
24960048,740,26,714
24960049,617,0,617
24960050,620,0,620
24960051,939,14,925
24960052,439,39,400
24960053,459,11,448
24960054,481,13,468
24960055,525,30,495
24960056,473,22,451
24960057,370,15,355
24960058,437,1,436
24960059,508,18,490
24960060,411,0,411
24960061,462,6,456
24960062,388,26,362
24960063,372,21,351
24960064,369,15,354
24960065,404,1,403
24960066,405,28,377
24960067,490,34,456
24960068,444,8,436
24960069,329,18,311
24960070,624,40,584
24960071,470,20,450
24960072,547,35,512
24960073,574,12,562
24960074,397,12,385
24960075,293,14,279
24960076,325,29,296
24960077,416,25,391
24960078,339,0,339
24960079,457,4,453
24960080,669,15,654
24960081,349,32,317
24960082,389,22,367
24960083,372,9,363
24960084,435,4,431
24960085,512,21,491
24960086,570,28,542
24960087,419,20,399
24960088,1068,82,986
24960089,548,10,538
24960090,902,27,875
24960091,415,53,362
24960092,323,34,289
24960093,403,23,380
24960094,405,8,397
24960095,368,22,346
24960096,1007,104,903
24960097,68,0,68
24960098,226,21,205
24960099,956,951,5
24960100,398,17,381
24960101,330,330,0
24960102,276,265,11
24960103,467,456,11
24960104,187,186,1
24960105,307,29,278
24960106,254,22,232
24960107,383,29,354
24970068,8,2,6
24970069,588,578,10
24970070,0,0,0
24970071,37,37,0
24970072,142,63,79
24970073,612,580,32
24970074,0,0,0
24970075,5,1,4
24970076,401,11,390
24970077,461,28,433
24970078,248,18,230
24970079,379,29,350
24970080,489,16,473
24970081,328,9,319
24970082,0,0,0
24970083,101,0,101
24970085,619,58,561
24970086,520,15,505
24970087,1150,77,1073
24970088,675,12,663
24970089,481,46,435
24970092,517,64,453
24970093,579,26,553
24970094,493,69,424
24970095,577,17,560
24970096,505,1,504
24970097,457,67,390
24970099,96,87,9
24970101,571,19,552
24970102,449,28,421
24970103,563,70,493
24970104,518,43,475
24970105,299,28,271
24970106,454,23,431
24970107,525,19,506
24970108,497,46,451
24970109,691,41,650
24970110,566,72,494
24970111,567,60,507
24970112,799,7,792
24970113,828,132,696
24970114,583,27,556
24970115,460,14,446
24970116,401,34,367
24970117,436,1,435
24970118,386,33,353
24970119,398,25,373
24970120,534,82,452
24970121,627,33,594
24970122,394,32,362
24970123,609,40,569
24970124,513,38,475
24970125,434,34,400
24970126,245,46,199
24970127,117,34,83
24970128,595,28,567
24970129,448,67,381
24970130,562,15,547
24970131,419,63,356
24970132,492,13,479
24970133,622,62,560
24970134,450,11,439
24970135,379,26,353
24970136,444,31,413
24970137,514,89,425
24970138,499,40,459
24970139,466,75,391
24970140,397,41,356
24970141,790,145,645
24970142,816,805,11
24970143,772,755,17
24970144,419,35,384
24970145,426,411,15
24970146,1078,1035,43
24970147,312,54,258
24970149,560,80,480
24970151,0,0,0
24970152,928,95,833
24970153,668,84,584
24970154,847,73,774
24980033,386,63,323
24980034,611,151,460
24980035,584,38,546
24980036,431,51,380
24980037,221,22,199
24980038,420,169,251
24980039,220,204,16
24980040,420,71,349
24980041,0,0,0
24980044,441,441,0
24980046,265,29,236
24980047,867,865,2
24980048,0,0,0
24980049,222,3,219
24980050,87,25,62
24980051,1061,55,1006
24980052,700,50,650
24980053,341,3,338
24980054,417,18,399
24980055,368,35,333
24980056,335,5,330
24980057,199,15,184
24980058,0,0,0
24980059,410,21,389
24980060,547,547,0
24980061,203,28,175
24980062,266,0,266
24980063,211,6,205
24980065,239,40,199
24980066,0,0,0
24980067,531,514,17
24990137,0,0,0
24990138,1540,1498,42
24990140,0,0,0
24990141,0,0,0
24990142,1839,1733,106
24990143,0,0,0
24990144,437,421,16
24990145,0,0,0
24990146,648,645,3
24990147,0,0,0
24990148,1836,1797,39
24990149,0,0,0
24990150,451,441,10
24990151,0,0,0
24990152,0,0,0
24990153,688,634,54
24990154,1034,986,48
24990155,0,0,0
24990156,15,0,15
24990157,0,0,0
24990158,0,0,0
24990159,0,0,0
24990160,0,0,0
24990161,0,0,0
24990162,0,0,0
24990163,0,0,0
24990164,0,0,0
24990165,982,946,36
24990166,0,0,0
24990167,0,0,0
24990168,2070,1335,735
24990169,312,298,14
24990170,530,381,149
24990171,0,0,0
24990172,0,0,0
24990173,397,376,21
24990174,218,215,3
24990175,0,0,0
24990176,591,556,35
24990177,0,0,0
24990178,0,0,0
24990179,418,397,21
24990180,0,0,0
24990181,785,738,47
24990182,0,0,0
24990183,0,0,0
24990186,0,0,0
24990187,0,0,0
24990188,0,0,0
24990189,0,0,0
24990190,0,0,0
24990191,0,0,0
24990192,767,694,73
24990194,0,0,0
24990195,803,784,19
24990196,0,0,0
24990197,924,897,27
24990198,1725,1668,57
24990199,539,532,7
24990200,0,0,0
24990201,0,0,0
24990202,0,0,0
24990203,1568,1502,66
24990204,0,0,0
24990205,5057,4768,289
24990206,0,0,0
24990207,0,0,0
24990208,1815,1724,91
24990209,556,538,18
24990210,563,551,12
24990211,390,370,20
24990212,436,425,11
24990213,445,20,425
24990214,416,92,324
24990215,416,15,401
24990216,508,60,448
24990217,426,41,385
24990218,499,30,469
24990219,380,41,339
24990220,421,11,410
24990221,422,19,403
24990222,692,62,630
24990223,456,10,446
24990224,366,17,349
24990225,544,14,530
24990226,444,16,428
24990227,537,29,508
24990228,593,44,549
24990229,412,45,367
24990230,327,23,304
24990231,359,25,334
24990232,399,52,347
24990233,0,0,0
24990234,1767,1763,4
24990235,0,0,0
24990236,420,15,405
24990237,421,26,395
24990238,291,18,273
24990239,335,0,335
24990240,430,8,422
24990241,481,19,462
24990242,303,0,303
24990243,389,30,359
24990244,281,17,264
24990245,315,0,315
24990247,325,17,308
24990248,258,6,252
24990249,249,31,218
24990250,231,0,231
24990251,265,48,217
24990252,0,0,0
24990253,16,1,15
35010155,463,0,463
35010156,465,1,464
35010157,470,0,470
35010158,502,7,495
35010159,524,11,513
35010160,520,11,509
35010161,388,4,384
35010162,329,8,321
35010163,502,28,474
35010164,459,7,452
35010165,442,14,428
35010166,482,1,481
35010167,464,4,460
35010168,456,32,424
35010169,449,15,434
35010170,503,16,487
35010171,465,25,440
35010172,1150,21,1129
35010173,741,4,737
35010174,0,0,0
35010175,0,0,0
35010176,0,0,0
35010177,0,0,0
35010178,0,0,0
35010179,520,34,486
35010180,931,14,917
35010181,363,5,358
35010182,443,13,430
35010183,743,63,680
35010184,409,22,387
35010185,830,8,822
35010186,616,5,611
35010187,531,4,527
35010188,438,33,405
35010189,384,10,374
35010190,409,6,403
35010191,456,11,445
35010192,453,4,449
35010193,338,25,313
35010194,365,19,346
35010195,399,24,375
35010196,368,49,319
35010197,401,52,349
35010198,350,40,310
35010199,465,88,377
35010200,447,48,399
35010201,276,257,19
35010202,398,6,392
35010203,471,33,438
35010204,479,6,473
35010205,319,18,301
35010206,451,18,433
35010207,274,9,265
35010208,433,8,425
35010209,439,38,401
35010210,501,21,480
35010211,475,0,475
35010212,429,34,395
35010213,512,17,495
35010214,355,12,343
35010215,584,37,547
35010216,435,9,426
35010217,820,82,738
35010218,470,71,399
35010219,449,29,420
35010220,469,4,465
35010221,499,9,490
35010222,516,30,486
35010223,533,27,506
35010224,547,39,508
35010225,848,26,822
35010226,469,30,439
35010227,316,15,301
35010228,537,11,526
35010229,643,34,609
35010230,429,1,428
35010231,429,9,420
35010232,426,4,422
35010233,511,36,475
35010234,482,0,482
35010235,425,17,408
35010237,529,25,504
35010238,416,14,402
35010239,519,18,501
35010240,455,32,423
35010241,559,50,509
35010242,439,9,430
35010243,505,26,479
35010244,543,18,525
35010245,566,43,523
35010246,423,33,390
35010247,612,37,575
35010248,346,1,345
35010249,523,18,505
35010250,364,0,364
35010251,346,3,343
35010252,388,4,384
35010253,818,2,816
35010254,379,3,376
35010255,273,11,262
35010256,360,10,350
35010257,414,8,406
35010258,488,4,484
35010259,279,7,272
35010260,704,19,685
35010261,489,0,489
35010262,322,10,312
35010263,313,24,289
35010264,493,0,493
35010265,362,3,359
35010266,637,31,606
35010267,411,20,391
35010268,419,12,407
35010269,458,29,429
35010270,395,18,377
35010271,333,10,323
35010272,402,37,365
35010273,701,56,645
35010274,546,5,541
35010275,817,104,713
35010276,638,35,603
35010277,620,4,616
35010278,458,21,437
35010279,399,0,399
35010280,425,7,418
35010281,430,4,426
35010282,469,16,453
35010283,454,16,438
35010284,427,15,412
35010285,441,17,424
35010286,481,22,459
35010287,493,14,479
35010288,475,21,454
35010289,549,22,527
35010290,505,34,471
35010291,447,0,447
35010292,476,7,469
35010293,659,19,640
35010294,743,2,741
35010295,480,4,476
35010296,487,13,474
35010297,414,11,403
35010298,480,17,463
35010299,533,25,508
35010300,555,30,525
35010301,455,5,450
35010302,635,36,599
35010303,478,11,467
35010304,429,0,429
35010305,454,7,447
35010306,482,2,480
35010307,455,4,451
35010308,479,11,468
35010309,407,11,396
35010310,478,0,478
35010311,585,5,580
35010312,512,5,507
35010313,697,11,686
35010314,629,29,600
35010315,740,6,734
35010316,361,25,336
35010317,721,11,710
35010318,631,18,613
35010319,628,22,606
35010320,820,38,782
35010321,419,1,418
35010322,473,11,462
35010323,707,18,689
35010324,578,12,566
35010325,508,5,503
35010326,509,7,502
35010327,589,29,560
35010328,506,17,489
35010329,495,22,473
35010330,460,0,460
35010331,419,5,414
35010332,571,5,566
35010333,473,6,467
35010334,563,33,530
35010335,353,6,347
35010336,549,20,529
35010337,537,24,513
35010338,496,12,484
35010339,711,25,686
35010340,524,36,488
35010341,470,5,465
35010342,488,4,484
35010343,473,26,447
35010344,517,20,497
35010345,410,7,403
35010346,525,16,509
35010347,524,0,524
35010348,539,0,539
35010349,293,15,278
35010350,400,9,391
35010351,415,36,379
35010352,448,4,444
35010353,494,15,479
35010354,511,13,498
35010355,461,17,444
35010356,599,5,594
35010357,601,70,531
35010358,591,34,557
35010359,558,18,540
35010360,538,24,514
35010361,472,11,461
35010362,483,2,481
35010363,477,0,477
35010364,410,4,406
35010365,522,7,515
35010366,516,22,494
35010367,748,7,741
35010369,355,4,351
35010370,1003,30,973
35010371,473,47,426
35010372,318,3,315
35010373,427,15,412
35010374,471,19,452
35010375,453,16,437
35010376,655,4,651
35010377,0,0,0
35010378,47,27,20
35010379,0,0,0
35010380,0,0,0
35010381,0,0,0
35010382,0,0,0
35010383,0,0,0
35010384,0,0,0
35010385,0,0,0
35010386,0,0,0
35010387,0,0,0
35010388,0,0,0
35010389,0,0,0
35010390,0,0,0
35010391,0,0,0
35010392,0,0,0
35010393,0,0,0
35010394,0,0,0
35010395,0,0,0
35010396,0,0,0
35010397,0,0,0
35010398,0,0,0
35010399,403,0,403
35010400,470,43,427
35010401,569,30,539
35010402,437,1,436
35010403,447,21,426
35010404,972,36,936
35010405,371,6,365
35010406,412,6,406
35010407,1099,1086,13
35010408,302,302,0
35010409,216,17,199
35010410,251,5,246
35020064,1075,28,1047
35020065,550,9,541
35020066,884,30,854
35020067,486,39,447
35020068,443,7,436
35020069,572,53,519
35020070,546,10,536
35020071,456,26,430
35020072,530,7,523
35020073,1304,75,1229
35020075,692,36,656
35020076,744,6,738
35020077,630,10,620
35020078,756,0,756
35020091,3343,168,3175
35020092,849,33,816
35020093,827,20,807
35020094,479,6,473
35020095,489,16,473
35020096,622,8,614
35020097,447,0,447
35020098,424,18,406
35020099,469,10,459
35020100,582,16,566
35020101,661,16,645
35020102,741,17,724
35020103,469,21,448
35020104,717,62,655
35020105,690,3,687
35020106,745,26,719
35020107,619,8,611
35020108,1718,112,1606
35020109,1224,83,1141
35020110,1098,9,1089
35020111,771,7,764
35020112,740,40,700
35020113,563,12,551
35020114,429,4,425
35020115,446,17,429
35020116,940,22,918
35020117,706,25,681
35020118,526,17,509
35020119,543,9,534
35020120,668,48,620
35020121,823,35,788
35020122,907,41,866
35020123,534,44,490
35020124,594,80,514
35020125,436,23,413
35020126,522,50,472
35020127,580,9,571
35020128,683,7,676
35020129,612,27,585
35020130,738,0,738
35020131,517,6,511
35020132,563,19,544
35020133,675,8,667
35020134,486,14,472
35020135,1232,46,1186
35020136,675,29,646
35020137,503,7,496
35020138,610,37,573
35020139,562,11,551
35020140,631,23,608
35020141,1602,44,1558
35020142,1964,18,1946
35020143,579,35,544
35020144,809,4,805
35020145,428,20,408
35020146,909,74,835
35020147,535,22,513
35020148,531,4,527
35020150,751,22,729
35020151,808,18,790
35020152,515,16,499
35020153,596,41,555
35020154,531,19,512
35020155,829,51,778
35020156,486,1,485
35020157,659,4,655
35020158,543,15,528
35020159,486,3,483
35020160,1236,17,1219
35020161,1164,22,1142
35020162,584,24,560
35020163,537,20,517
35020164,480,1,479
35020165,535,20,515
35020166,535,22,513
35020167,507,14,493
35020168,835,56,779
35020169,458,19,439
35020170,637,27,610
35020171,422,18,404
35020172,547,15,532
35020173,526,2,524
35020174,488,8,480
35020175,717,54,663
35020176,537,5,532
35020177,407,5,402
35020178,411,0,411
35020179,443,35,408
35020180,509,7,502
35020181,506,22,484
35020182,592,4,588
35020183,638,0,638
35020184,419,5,414
35020185,587,22,565
35020186,717,40,677
35020187,513,20,493
35020188,587,6,581
35020189,566,21,545
35020190,517,39,478
35020191,539,1,538
35020192,614,22,592
35020193,522,1,521
35020194,534,11,523
35020195,694,14,680
35020196,739,15,724
35020197,496,12,484
35020198,771,4,767
35020199,560,10,550
35020200,470,0,470
35020201,473,0,473
35020202,517,7,510
35020203,588,10,578
35020204,538,21,517
35020205,533,13,520
35020206,753,7,746
35020207,1687,39,1648
35020208,920,1,919
35060001,487,17,470
35060002,648,4,644
35060003,914,36,878
35060005,963,29,934
35060006,1410,26,1384
35060007,944,0,944
35060010,331,15,316
35060011,626,2,624
35060012,622,5,617
35060014,759,36,723
35060015,540,20,520
35060016,419,14,405
35060017,506,23,483
35060018,448,6,442
35060019,593,20,573
35060020,493,0,493
35060021,650,11,639
35060022,604,6,598
35060023,490,9,481
35060024,293,17,276
35060025,888,14,874
35060026,297,4,293
35060027,824,32,792
35060028,363,7,356
35060029,1784,50,1734
35060030,324,0,324
35060031,650,8,642
35060032,821,47,774
35060033,423,6,417
35060034,407,3,404
35060035,458,11,447
35060036,575,10,565
35060037,554,11,543
35060038,424,12,412
35060039,799,31,768
35060043,940,13,927
35060044,415,0,415
35060045,619,54,565
35060047,234,18,216
35060048,348,13,335
35060049,461,40,421
35060050,286,13,273
35060051,720,3,717
35060052,797,94,703
35060053,784,56,728
35060054,608,25,583
35060055,452,27,425
35060056,330,29,301
35060057,579,0,579
35060058,370,14,356
35060059,506,27,479
35060061,478,25,453
35060062,597,44,553
35060064,445,10,435
35060065,323,5,318
35060066,339,10,329
35060067,287,8,279
35060069,744,25,719
35060070,707,11,696
35060071,675,9,666
35060072,328,9,319
35060073,346,0,346
35060074,517,0,517
35060075,698,48,650
35060076,433,15,418
35060078,498,18,480
35060079,609,8,601
35060080,456,7,449
35060081,518,7,511
35060082,602,8,594
35060083,1137,26,1111
35060089,557,3,554
35060090,580,18,562
35060091,352,3,349
35060092,600,9,591
35060093,473,26,447
35060094,615,17,598
35060095,634,7,627
35060096,797,7,790
35060097,1530,53,1477
35060098,394,15,379
35060099,364,3,361
35060100,302,12,290
35060101,379,15,364
35060102,704,17,687
35060103,424,7,417
35060104,640,30,610
35060105,933,43,890
35060106,445,7,438
35060107,1105,38,1067
35060108,454,19,435
35060109,606,45,561
35060110,555,34,521
35060111,793,29,764
35060112,1589,17,1572
35060116,289,22,267
35060117,533,4,529
35060118,604,8,596
35060119,1232,14,1218
35060120,416,12,404
35060121,726,41,685
35060122,554,0,554
35060123,371,7,364
35060124,375,5,370
35060125,431,15,416
35060126,1269,16,1253
35060127,746,22,724
35060128,376,12,364
35060129,1137,8,1129
35060132,995,5,990
35060133,906,47,859
35060134,366,0,366
35060135,509,1,508
35060137,228,10,218
35060138,487,17,470
35060139,377,12,365
35060140,873,7,866
35060141,532,14,518
35060143,464,4,460
35060144,470,7,463
35060145,670,16,654
35060146,607,0,607
35060147,123,2,121
35060148,487,29,458
35060149,1031,41,990
35060150,446,0,446
35060151,680,1,679
35060152,379,6,373
35060153,1149,15,1134
35060154,393,23,370
35060155,599,14,585
35060156,910,23,887
35060157,1436,38,1398
35060159,401,44,357
35060163,738,8,730
35060164,520,44,476
35060165,525,16,509
35060166,444,33,411
35060167,1217,21,1196
35060168,705,13,692
35060170,1211,42,1169
35060171,713,31,682
35060172,331,10,321
35060173,412,0,412
35060178,671,10,661
35060179,389,26,363
35060180,359,14,345
35060181,276,12,264
35060182,555,17,538
35060183,557,32,525
35060184,723,50,673
35060185,444,22,422
35060186,912,20,892
35060187,454,44,410
35060188,598,44,554
35060189,437,58,379
35060192,420,48,372
35060194,523,22,501
35060195,457,31,426
35060196,395,23,372
35060197,1390,31,1359
35060198,498,35,463
35060199,447,18,429
35060200,420,34,386
35060201,694,77,617
35060202,619,98,521
35060205,533,44,489
35060206,521,83,438
35060207,523,16,507
35060208,537,12,525
35060209,700,74,626
35060210,523,86,437
35060211,483,31,452
35060213,392,5,387
35060219,808,13,795
35060220,244,19,225
35060221,637,7,630
35060222,453,0,453
35060223,512,0,512
35060224,502,5,497
35060225,511,1,510
35060226,467,11,456
35060227,525,9,516
35060228,510,11,499
35060229,436,17,419
35060230,516,3,513
35060231,689,9,680
35060232,520,14,506
35060233,814,36,778
35060234,1474,81,1393
35060236,1127,12,1115
35060237,596,18,578
35060243,523,6,517
35060246,695,47,648
35060249,642,35,607
35060251,499,13,486
35060252,639,4,635
35060253,143,11,132
35060254,617,20,597
35060255,639,11,628
35060264,465,0,465
35060267,426,6,420
35060280,546,0,546
35060282,528,23,505
35060283,430,12,418
35060285,445,15,430
35060286,687,38,649
35060287,482,5,477
35060288,521,10,511
35060289,563,1,562
35060290,490,1,489
35060291,635,6,629
35060292,596,1,595
35060293,735,1,734
35060294,631,4,627
35060295,457,11,446
35060296,445,17,428
35060297,559,8,551
35060298,479,10,469
35060300,497,0,497
35060301,488,0,488
35060305,771,3,768
35060306,644,5,639
35060307,659,10,649
35060308,377,3,374
35060310,585,7,578
35060312,569,14,555
35060313,554,49,505
35060314,590,10,580
35060315,430,9,421
35060324,556,0,556
35060325,548,40,508
35060327,486,5,481
35060329,637,17,620
35060330,647,3,644
35060331,526,11,515
35060332,405,9,396
35060333,708,5,703
35060334,1121,29,1092
35060336,553,33,520
35060337,742,13,729
35060338,965,11,954
35060339,798,19,779
35060343,618,33,585
35060345,585,29,556
35060346,446,1,445
35060347,399,1,398
35060348,373,8,365
35060353,531,17,514
35060354,530,3,527
35060360,374,2,372
35060361,596,13,583
35060364,429,27,402
35060366,668,16,652
35060367,593,9,584
35060368,601,27,574
35060371,500,19,481
35060373,488,0,488
35060375,409,12,397
35060379,598,5,593
35060380,618,23,595
35060381,556,16,540
35060382,538,13,525
35060383,858,33,825
35060384,517,10,507
35060385,606,27,579
35060386,505,31,474
35060387,485,11,474
35060388,370,17,353
35060389,531,14,517
35060390,547,4,543
35060391,573,15,558
35060392,665,39,626
35060393,768,12,756
35060394,444,19,425
35060395,720,16,704
35060396,631,12,619
35060397,502,47,455
35060399,840,18,822
35060400,206,0,206
35060401,721,23,698
35060402,651,16,635
35060403,692,9,683
35060404,641,17,624
35060405,1048,19,1029
35060406,881,15,866
35060407,923,8,915
35060408,897,16,881
35060412,682,25,657
35060413,708,11,697
35060417,927,36,891
35060419,303,0,303
35060434,486,3,483
35060435,520,0,520
35060436,424,0,424
35060437,484,6,478
35060438,708,0,708
35060439,503,2,501
35060440,453,12,441
35060443,390,2,388
35060444,445,3,442
35060445,502,16,486
35060446,503,5,498
35060447,590,6,584
35060448,591,1,590
35060449,482,12,470
35060450,490,29,461
35060451,384,0,384
35060452,564,18,546
35060455,437,0,437
35060456,396,19,377
35060457,401,0,401
35060458,547,30,517
35060459,426,5,421
35060460,656,4,652
35060461,518,9,509
35060462,533,0,533
35060463,423,20,403
35060464,576,16,560
35060465,399,0,399
35060466,339,8,331
35060467,598,9,589
35060468,943,26,917
35060469,940,14,926
35060471,645,7,638
35060474,550,1,549
35060475,427,19,408
35060476,646,9,637
35060479,772,27,745
35060480,417,19,398
35060481,675,8,667
35060482,508,4,504
35060483,252,8,244
35060484,616,11,605
35060485,271,1,270
35060486,1608,20,1588
35060488,1161,9,1152
35060491,376,2,374
35060492,549,15,534
35060493,771,0,771
35060494,389,18,371
35060495,1287,69,1218
35060496,939,1,938
35060497,535,1,534
35060498,420,20,400
35060499,676,9,667
35060500,414,32,382
35060501,373,42,331
35060502,500,45,455
35060503,700,22,678
35060504,346,24,322
35060505,658,20,638
35060506,493,2,491
35060507,426,2,424
35060508,409,4,405
35060509,544,1,543
35060510,745,41,704
35060511,1210,41,1169
35060512,504,8,496
35060513,784,21,763
35060514,785,10,775
35060515,1206,19,1187
35060516,259,7,252
35060517,382,2,380
35060518,467,8,459
35060519,416,6,410
35060520,391,15,376
35060521,665,15,650
35060522,587,1,586
35060523,654,18,636
35060524,628,13,615
35060525,965,58,907
35060526,1178,54,1124
35060527,330,0,330
35060529,384,0,384
35060530,539,1,538
35060531,1455,42,1413
35060533,759,0,759
35060534,415,11,404
35060535,422,5,417
35060538,351,41,310
35060539,1317,30,1287
35060544,752,1,751
35060547,440,11,429
35060551,432,6,426
35060553,256,7,249
35060554,352,6,346
35060555,390,0,390
35060556,1230,18,1212
35060557,1010,55,955
35060558,1144,29,1115
35060559,648,21,627
35060560,720,11,709
35060561,535,4,531
35060562,871,26,845
35060563,276,43,233
35060564,208,10,198
35060565,306,33,273
35060567,238,6,232
35060568,487,8,479
35060569,1123,8,1115
35060573,1585,22,1563
35060574,412,3,409
35060575,695,19,676
35060576,489,17,472
35060577,284,10,274
35060578,365,17,348
35060579,426,0,426
35060580,751,26,725
35060582,610,20,590
35060585,322,8,314
35060588,790,34,756
35060590,516,17,499
35060592,1035,49,986
35060593,578,12,566
35060594,586,30,556
35060595,870,20,850
35060597,736,8,728
35060598,685,4,681
35060599,513,0,513
35060600,589,2,587
35060602,645,15,630
35060603,595,27,568
35060604,270,14,256
35060605,643,11,632
35060606,550,22,528
35060607,378,6,372
35060608,538,38,500
35060609,654,3,651
35060610,407,9,398
35060611,497,22,475
35060612,525,0,525
35060613,875,88,787
35060616,607,18,589
35060617,526,0,526
35060618,375,20,355
35060619,863,33,830
35060620,646,29,617
35060622,564,40,524
35060623,889,44,845
35060624,612,17,595
35060625,451,17,434
35060634,680,39,641
35060638,855,31,824
35060641,382,1,381
35060642,866,9,857
35060643,281,1,280
35060644,311,19,292
35060645,1695,66,1629
35060646,528,32,496
35060647,317,9,308
35060648,396,2,394
35060649,1002,32,970
35060653,502,8,494
35060654,644,3,641
35060655,380,0,380
35060656,573,3,570
35060657,505,26,479
35060662,597,3,594
35060663,2837,27,2810
35060668,482,15,467
35060669,663,6,657
35060670,474,1,473
35060671,421,19,402
35060672,530,14,516
35060673,702,33,669
35060678,3442,61,3381
35060679,3839,23,3816
35060680,313,0,313
35060681,569,4,565
35060682,539,24,515
35060684,582,4,578
35060685,628,3,625
35060686,645,10,635
35060687,380,0,380
35060688,751,8,743
35060689,405,14,391
35060690,434,2,432
35060695,383,4,379
35060696,612,14,598
35060697,689,38,651
35060698,630,33,597
35060700,2487,15,2472
35060701,5395,145,5250
35060702,445,21,424
35060703,476,41,435
35060704,1176,57,1119
35060706,544,11,533
35060707,673,13,660
35060708,485,37,448
35060709,387,16,371
35060710,344,0,344
35060711,1049,42,1007
35060712,665,17,648
35060713,560,12,548
35060717,1173,19,1154
35060718,439,2,437
35060719,607,16,591
35060720,251,8,243
35060721,732,18,714
35060722,621,22,599
35060723,549,0,549
35060724,449,0,449
35060725,794,14,780
35060726,352,6,346
35060728,715,19,696
35060729,572,19,553
35060731,357,28,329
35060734,641,11,630
35060735,1538,4,1534
35060736,825,6,819
35060737,736,0,736
35060738,470,1,469
35060739,499,0,499
35060740,404,6,398
35060741,418,0,418
35060742,745,16,729
35060743,554,51,503
35060744,606,6,600
35060745,408,22,386
35060746,384,0,384
35060747,1620,5,1615
35060748,519,5,514
35060749,449,34,415
35060750,490,33,457
35060751,481,2,479
35060752,429,11,418
35060753,804,73,731
35060754,779,4,775
35060755,582,0,582
35060758,260,0,260
35060759,533,0,533
35060760,562,7,555
35060761,441,3,438
35060762,502,8,494
35060763,364,0,364
35060764,788,31,757
35060765,1227,19,1208
35060766,512,19,493
35060767,693,4,689
35060768,640,13,627
35060771,2086,45,2041
35060773,832,7,825
35060774,534,7,527
35060775,964,6,958
35060777,421,11,410
35060778,623,32,591
35060779,463,23,440
35060780,458,18,440
35060781,851,0,851
35060782,452,1,451
35060783,556,18,538
35060784,428,5,423
35060785,490,12,478
35060786,302,0,302
35060787,487,0,487
35060789,310,0,310
35060790,354,14,340
35060792,563,4,559
35060793,352,8,344
35060794,462,25,437
35060795,424,15,409
35060796,510,9,501
35060797,394,7,387
35060798,472,12,460
35060799,548,23,525
35060800,348,2,346
35060801,511,25,486
35060802,354,26,328
35060815,544,43,501
35060816,273,0,273
35060817,548,10,538
35060818,654,18,636
35060819,340,18,322
35060820,421,0,421
35060823,415,42,373
35060833,466,7,459
35060834,500,11,489
35060835,468,5,463
35060836,441,3,438
35060837,578,0,578
35060838,1216,4,1212
35060840,662,6,656
35060841,612,27,585
35060842,399,9,390
35060843,1223,57,1166
35060844,628,7,621
35060845,785,1,784
35060860,761,45,716
35060861,533,10,523
35060862,828,60,768
35060864,512,10,502
35060865,1069,3,1066
35060866,1243,42,1201
35060867,501,18,483
35060868,431,10,421
35060869,368,3,365
35060870,411,16,395
35060871,491,1,490
35060872,1155,14,1141
35060874,315,2,313
35060875,747,11,736
35060876,858,27,831
35060877,865,41,824
35060885,836,71,765
35060888,455,0,455
35060889,340,23,317
35060890,2537,55,2482
35060891,600,33,567
35060892,455,14,441
35060893,1075,35,1040
35060894,1106,12,1094
35060895,946,18,928
35060898,761,18,743
35060899,2425,62,2363
35060902,438,1,437
35060903,407,14,393
35060904,461,22,439
35060905,645,13,632
35060906,396,2,394
35060907,415,8,407
35060908,377,9,368
35060909,356,9,347
35060910,660,12,648
35060911,1246,14,1232
35060912,440,20,420
35060913,435,4,431
35060914,440,16,424
35060915,518,16,502
35060916,457,33,424
35060917,408,15,393
35060918,700,13,687
35060921,386,12,374
35060922,2026,69,1957
35060923,365,22,343
35060924,276,0,276
35060925,793,55,738
35060926,501,51,450
35060929,386,1,385
35060930,470,18,452
35060931,381,2,379
35060934,1630,18,1612
35060935,531,10,521
35060936,549,9,540
35060937,535,4,531
35060938,2091,8,2083
35060939,974,6,968
35060940,295,1,294
35060941,654,6,648
35060942,989,46,943
35060944,701,7,694
35060945,462,11,451
35060953,729,25,704
35060954,390,23,367
35060955,1537,4,1533
35060956,657,6,651
35060957,1479,48,1431
35060961,691,45,646
35060968,542,10,532
35060970,1822,63,1759
35060972,3293,52,3241
35060973,1184,17,1167
35060974,627,6,621
35060975,1106,53,1053
35060976,588,46,542
35060977,538,2,536
35060978,712,81,631
35060979,604,20,584
35060984,538,10,528
35060985,449,25,424
35060986,504,58,446
35060987,496,30,466
35060988,733,71,662
35060989,575,9,566
35060990,457,11,446
35060991,613,11,602
35061001,870,46,824
35061018,505,43,462
35061019,460,36,424
35061020,929,6,923
35061026,387,8,379
35061027,282,13,269
35061030,563,26,537
35061031,739,14,725
35061033,527,7,520
35061034,479,12,467
35061035,445,1,444
35061036,719,4,715
35061039,642,31,611
35061041,662,15,647
35061042,724,25,699
35061043,523,21,502
35061044,440,6,434
35061045,482,6,476
35061046,590,51,539
35061047,756,0,756
35061051,515,10,505
35061053,626,0,626
35061054,470,39,431
35061055,819,21,798
35061056,730,8,722
35061057,196,18,178
35061067,617,13,604
35061069,339,1,338
35061070,598,4,594
35061071,592,26,566
35061072,498,38,460
35061073,453,13,440
35061074,480,46,434
35061075,446,25,421
35061076,494,27,467
35061077,568,6,562
35061078,638,10,628
35061079,520,24,496
35061080,540,54,486
35061081,740,36,704
35061082,507,31,476
35061083,622,30,592
35061084,513,61,452
35061085,402,1,401
35061086,782,51,731
35061087,594,20,574
35061089,697,37,660
35061090,463,0,463
35061091,484,9,475
35061092,535,1,534
35061094,665,32,633
35061097,422,10,412
35061098,924,37,887
35061100,556,1,555
35061101,355,0,355
35061102,437,29,408
35061103,325,2,323
35061104,1659,13,1646
35061105,769,20,749
35061106,501,0,501
35061107,536,0,536
35061108,325,30,295
35061113,906,24,882
35061114,469,34,435
35061115,453,17,436
35061116,297,0,297
35061117,666,0,666
35061118,605,16,589
35061119,946,33,913
35061120,353,27,326
35061121,294,15,279
35061122,716,36,680
35061123,653,37,616
35061124,930,54,876
35061125,319,16,303
35061126,373,3,370
35061127,874,17,857
35061128,464,47,417
35061129,406,3,403
35061130,661,14,647
35061131,862,6,856
35061132,512,16,496
35061133,908,35,873
35061134,633,18,615
35061135,734,6,728
35061136,420,0,420
35061137,457,17,440
35061138,398,28,370
35061140,1282,33,1249
35061141,828,47,781
35061142,311,8,303
35061143,628,17,611
35061144,456,6,450
35061145,360,26,334
35061146,438,8,430
35061147,1096,22,1074
35061148,1423,20,1403
35061149,873,9,864
35061150,794,25,769
35061151,588,2,586
35061152,364,8,356
35061153,316,6,310
35061154,624,0,624
35061155,469,9,460
35061156,395,16,379
35061157,463,0,463
35061158,572,88,484
35061159,753,34,719
35061160,783,2,781
35061161,692,14,678
35061171,418,17,401
35061174,395,1,394
35061175,499,4,495
35061178,594,10,584
35061179,645,15,630
35061180,541,23,518
35061181,569,13,556
35061182,444,27,417
35061183,506,3,503
35061184,519,18,501
35061185,577,22,555
35061186,515,0,515
35061188,486,3,483
35061189,805,15,790
35061190,1692,32,1660
35061191,568,11,557
35061192,747,22,725
35061193,710,5,705
35061194,430,11,419
35061195,515,8,507
35061196,508,11,497
35061197,839,34,805
35061198,451,20,431
35061201,1213,0,1213
35061202,262,7,255
35061203,622,0,622
35061204,1200,62,1138
35061208,570,11,559
35061209,415,0,415
35061210,440,5,435
35061213,578,8,570
35061214,581,14,567
35061215,310,8,302
35061222,836,16,820
35061225,434,6,428
35061227,364,17,347
35061228,473,1,472
35061229,574,6,568
35061230,436,4,432
35061231,865,50,815
35061232,490,8,482
35061233,365,7,358
35061234,425,20,405
35061235,695,11,684
35061236,1027,9,1018
35061237,270,1,269
35061238,470,13,457
35061239,524,0,524
35061240,922,21,901
35061241,231,0,231
35061242,408,1,407
35061243,628,10,618
35061247,1036,38,998
35061248,1046,38,1008
35061249,1275,3,1272
35061250,1434,21,1413
35061251,676,19,657
35061252,1767,47,1720
35061253,1026,15,1011
35061254,832,42,790
35061256,822,16,806
35061257,1458,33,1425
35061261,952,21,931
35061263,873,88,785
35061264,1308,23,1285
35061266,1401,47,1354
35061267,537,15,522
35061268,1292,53,1239
35061269,1205,12,1193
35061270,1183,61,1122
35061271,1135,8,1127
35061272,1237,26,1211
35061273,1268,39,1229
35061279,1565,53,1512
35061280,900,30,870
35061281,1279,38,1241
35061282,2192,40,2152
35061284,1234,30,1204
35061285,371,0,371
35061286,1181,44,1137
35061287,1114,31,1083
35061288,537,0,537
35061289,607,19,588
35061290,484,21,463
35061291,522,10,512
35061292,552,26,526
35061293,604,0,604
35061294,672,13,659
35061295,421,0,421
35061296,943,70,873
35061297,478,7,471
35061298,876,14,862
35061299,1190,48,1142
35061300,350,15,335
35061301,592,2,590
35061302,299,10,289
35061303,866,28,838
35061304,829,17,812
35061305,379,3,376
35061306,317,1,316
35061307,531,20,511
35061308,1537,38,1499
35061309,462,19,443
35061310,791,10,781
35061311,1213,35,1178
35061312,600,23,577
35061313,451,3,448
35061314,657,19,638
35061315,800,10,790
35061316,368,0,368
35061317,535,24,511
35061318,218,1,217
35061319,712,18,694
35061320,692,24,668
35061321,299,14,285
35061322,1624,47,1577
35061323,720,15,705
35061325,1959,35,1924
35061326,509,12,497
35061327,521,8,513
35061328,562,8,554
35061329,513,22,491
35061331,409,11,398
35061332,479,17,462
35061333,1005,46,959
35061334,311,21,290
35061335,402,16,386
35061336,657,34,623
35061337,1058,26,1032
35061338,651,7,644
35061339,110,11,99
35061340,1030,38,992
35061341,520,14,506
35061342,0,0,0
35061343,511,11,500
35061344,138,0,138
35061345,389,20,369
35061346,598,12,586
35061347,195,0,195
35061348,367,11,356
35061349,362,0,362
35061350,587,11,576
35061351,679,17,662
35061352,430,7,423
35061354,447,2,445
35061355,353,2,351
35061356,517,52,465
35061357,624,14,610
35061358,878,27,851
35061361,362,0,362
35061362,1983,74,1909
35061363,256,0,256
35061364,398,10,388
35061365,358,27,331
35061366,751,116,635
35061367,556,42,514
35061368,380,6,374
35061369,721,11,710
35061370,410,4,406
35061371,1298,4,1294
35061372,411,2,409
35061373,493,14,479
35061374,667,4,663
35061375,643,10,633
35061376,586,60,526
35061377,524,8,516
35061378,959,0,959
35061379,1139,21,1118
35061380,1031,39,992
35061381,847,22,825
35061382,771,27,744
35061383,705,27,678
35061384,581,22,559
35061385,515,36,479
35061386,774,22,752
35061387,3450,22,3428
35061388,2682,37,2645
35061389,1467,32,1435
35061390,288,0,288
35061391,95,80,15
35061392,2480,68,2412
35061393,353,1,352
35061394,560,11,549
35061395,523,5,518
35061396,460,31,429
35061397,1501,12,1489
35061398,469,22,447
35061399,255,9,246
35061400,576,9,567
35061401,506,8,498
35061402,1497,76,1421
35061403,805,23,782
35061404,773,38,735
35061406,836,18,818
35061410,763,1,762
35061411,1342,52,1290
35061412,552,8,544
35061413,462,1,461
35061414,681,6,675
35061415,622,21,601
35061416,543,4,539
35061417,489,0,489
35061418,623,20,603
35061419,578,0,578
35061420,470,1,469
35061421,525,6,519
35061422,645,0,645
35061423,521,11,510
35061424,552,31,521
35061426,623,16,607
35061427,511,15,496
35061428,374,0,374
35061432,3223,23,3200
35061442,672,10,662
35061443,1196,18,1178
35061444,1647,71,1576
35061445,412,15,397
35061446,1512,40,1472
35061447,1975,90,1885
35061448,1193,74,1119
35061449,347,8,339
35061450,740,24,716
35061451,511,41,470
35061452,397,11,386
35061453,633,9,624
35061454,897,35,862
35061455,468,0,468
35061456,461,23,438
35061457,467,4,463
35061458,654,8,646
35061459,713,52,661
35061460,539,0,539
35061461,476,16,460
35061462,676,74,602
35061463,630,6,624
35061464,383,17,366
35061465,342,33,309
35061466,519,1,518
35061467,420,15,405
35061468,475,26,449
35061469,441,5,436
35061470,461,17,444
35061471,542,1,541
35061472,412,19,393
35061473,635,45,590
35061474,654,13,641
35061475,940,19,921
35061476,776,16,760
35061477,464,18,446
35061478,574,40,534
35061479,463,7,456
35061480,470,0,470
35061481,590,10,580
35061482,725,35,690
35061483,593,37,556
35061484,10522,220,10302
35061486,696,18,678
35061487,1042,0,1042
35061488,480,5,475
35061493,2652,40,2612
35061494,613,2,611
35061495,722,11,711
35061496,2315,64,2251
35061497,527,1,526
35061498,651,2,649
35061499,536,12,524
35061500,646,4,642
35061501,613,3,610
35061502,846,0,846
35061503,699,18,681
35061504,617,22,595
35061505,452,20,432
35061506,522,15,507
35061507,472,9,463
35061508,462,19,443
35061509,258,5,253
35061510,867,21,846
35061511,343,6,337
35061512,732,10,722
35061514,2023,32,1991
35061518,469,12,457
35061519,587,30,557
35061520,1649,10,1639
35061521,469,0,469
35061522,1267,15,1252
35061523,327,1,326
35061524,1585,31,1554
35061525,604,13,591
35061526,534,13,521
35061530,1411,33,1378
35061531,680,24,656
35061533,778,9,769
35061534,1958,14,1944
35061535,549,19,530
35061536,949,46,903
35061537,261,21,240
35061538,602,8,594
35061539,563,5,558
35061540,833,35,798
35061541,747,3,744
35061542,1113,12,1101
35061543,728,0,728
35061544,1369,23,1346
35061545,499,2,497
35061546,1500,5,1495
35061547,2235,40,2195
35061548,1444,33,1411
35061549,670,5,665
35061550,617,14,603
35061551,741,8,733
35061552,718,26,692
35061553,957,30,927
35061554,730,17,713
35061555,1620,50,1570
35061556,4033,25,4008
35061557,528,13,515
35061558,1363,51,1312
35061559,558,3,555
35061560,556,9,547
35061561,966,8,958
35061562,1195,4,1191
35061563,570,9,561
35061564,1089,6,1083
35061565,722,9,713
35061566,1491,3,1488
35061567,717,8,709
35061568,4359,23,4336
35061569,862,0,862
35061570,363,0,363
35061571,839,16,823
35061572,2960,103,2857
35061573,603,2,601
35061574,946,6,940
35061575,778,4,774
35061576,545,16,529
35061577,698,13,685
35061578,1660,31,1629
35061579,1220,23,1197
35061580,829,26,803
35061581,700,3,697
35061582,997,4,993
35061583,1026,0,1026
35061584,1175,41,1134
35061585,575,14,561
35061586,531,0,531
35061587,1082,18,1064
35061588,1023,28,995
35061589,1023,20,1003
35061590,508,0,508
35061591,1918,44,1874
35061592,1416,21,1395
35061593,1913,28,1885
35061595,458,2,456
35061596,644,46,598
35061597,463,27,436
35061598,292,27,265
35061599,452,14,438
35061601,691,25,666
35061602,550,20,530
35061604,677,11,666
35061605,1094,33,1061
35061607,606,26,580
35061608,540,14,526
35061610,419,14,405
35061611,395,14,381
35061613,937,11,926
35061614,532,22,510
35061616,756,9,747
35061621,457,12,445
35061622,731,6,725
35061623,508,27,481
35061627,553,3,550
35061628,559,11,548
35061633,677,13,664
35061634,401,6,395
35061638,635,16,619
35061639,1017,30,987
35061640,578,10,568
35061643,404,8,396
35061645,725,9,716
35061646,586,19,567
35061651,379,15,364
35061653,793,9,784
35061654,561,6,555
35061657,779,5,774
35061658,729,58,671
35061659,1753,71,1682
35061660,506,9,497
35061661,674,27,647
35061662,1806,18,1788
35061663,1505,29,1476
35061664,407,6,401
35061667,295,24,271
35061668,831,23,808
35061670,296,5,291
35061671,764,0,764
35061672,569,7,562
35061673,790,20,770
35061674,525,9,516
35061677,19074,253,18821
35061679,750,0,750
35061680,931,31,900
35061683,359,0,359
35061690,710,12,698
35061691,491,0,491
35061692,508,5,503
35061693,587,3,584
35061695,470,14,456
35061696,470,5,465
35061699,533,6,527
35061700,538,12,526
35061701,462,10,452
35061702,1327,24,1303
35061703,945,34,911
35061705,953,14,939
35061708,933,39,894
35061709,1658,69,1589
35061710,784,60,724
35061711,1067,17,1050
35061712,734,32,702
35061713,617,18,599
35061714,781,30,751
35061715,618,26,592
35061716,675,19,656
35061717,1119,51,1068
35061718,669,40,629
35061722,880,39,841
35061723,416,81,335
35061724,958,30,928
35061725,615,28,587
35061726,519,45,474
35061727,938,38,900
35061728,589,15,574
35061729,624,49,575
35061730,542,16,526
35061732,622,0,622
35061733,1001,46,955
35061736,571,25,546
35061737,888,9,879
35061738,940,10,930
35061739,699,32,667
35061740,846,1,845
35061741,1086,52,1034
35061742,799,20,779
35061743,626,11,615
35061744,1233,13,1220
35061745,802,27,775
35061746,871,0,871
35061747,864,13,851
35061749,751,18,733
35061750,715,5,710
35061751,750,12,738
35061752,907,28,879
35061753,659,1,658
35061754,831,63,768
35061755,730,14,716
35061756,1690,11,1679
35061760,923,4,919
35061761,435,1,434
35061762,1210,24,1186
35061763,610,10,600
35061764,551,20,531
35061765,508,7,501
35061766,770,16,754
35061767,548,9,539
35061768,497,19,478
35061769,437,36,401
35061770,624,28,596
35061771,454,6,448
35061772,637,5,632
35061773,463,30,433
35061774,745,11,734
35061778,393,14,379
35061779,510,8,502
35061780,634,9,625
35061781,498,15,483
35061782,385,14,371
35061783,335,18,317
35061784,803,12,791
35061785,694,13,681
35061786,677,27,650
35061787,697,24,673
35061788,481,10,471
35061789,605,21,584
35061790,726,21,705
35061791,796,9,787
35061792,574,11,563
35061793,1587,25,1562
35061794,407,14,393
35061795,783,8,775
35061796,841,29,812
35061797,595,22,573
35061798,546,16,530
35061799,448,12,436
35061800,430,0,430
35061801,673,13,660
35061802,600,0,600
35061803,650,36,614
35061804,547,2,545
35061806,875,0,875
35061807,1446,10,1436
35061808,1088,22,1066
35061809,776,37,739
35061810,510,25,485
35061811,1433,10,1423
35061812,951,22,929
35061813,2176,33,2143
35061815,1076,4,1072
35061816,698,2,696
35061817,965,12,953
35061818,964,15,949
35061820,468,19,449
35061821,488,1,487
35061822,418,12,406
35061823,330,6,324
35061824,707,4,703
35061826,530,6,524
35061827,436,19,417
35061828,578,16,562
35061829,495,11,484
35061831,657,16,641
35061832,633,15,618
35061833,320,10,310
35061834,1134,6,1128
35061835,646,1,645
35061837,636,0,636
35061838,508,17,491
35061839,629,21,608
35061840,480,9,471
35061841,11173,111,11062
35061842,806,1,805
35061843,1291,73,1218
35061844,753,27,726
35061845,685,8,677
35061846,826,10,816
35061847,586,41,545
35061848,783,10,773
35061849,429,13,416
35061851,1039,11,1028
35061852,645,42,603
35061853,490,30,460
35061854,901,7,894
35061855,686,11,675
35061856,980,21,959
35061857,1484,47,1437
35061858,1002,11,991
35061859,3546,22,3524
35061860,955,10,945
35061862,1680,19,1661
35061863,968,23,945
35061864,1404,24,1380
35061865,532,11,521
35061866,441,3,438
35061867,128,4,124
35061868,265,7,258
35061869,550,6,544
35061870,629,10,619
35061871,595,14,581
35061872,650,3,647
35061873,693,41,652
35061874,458,0,458
35061875,0,0,0
35061877,842,23,819
35061878,677,0,677
35061880,1189,18,1171
35061881,921,32,889
35061882,662,0,662
35061883,582,9,573
35061884,837,32,805
35061885,761,1,760
35061886,1108,14,1094
35061887,817,0,817
35061888,760,15,745
35061889,953,8,945
35061890,708,18,690
35061891,941,7,934
35061892,1022,0,1022
35061893,3955,102,3853
35061894,685,22,663
35061895,3149,49,3100
35061896,3098,50,3048
35061897,545,1,544
35061898,743,8,735
35061899,1303,1,1302
35061900,576,18,558
35061901,755,25,730
35070142,614,23,591
35070143,988,18,970
35070144,555,54,501
35070145,677,48,629
35070146,491,9,482
35070147,522,50,472
35070148,515,20,495
35070149,643,43,600
35070150,504,17,487
35070151,750,32,718
35070152,787,25,762
35070153,1148,43,1105
35070154,1474,5,1469
35070155,593,22,571
35070156,487,6,481
35070157,486,56,430
35070158,475,16,459
35070159,587,25,562
35070160,568,29,539
35070161,480,20,460
35070162,551,39,512
35070163,456,26,430
35070164,628,11,617
35070165,461,13,448
35070166,631,11,620
35070167,516,7,509
35070168,621,13,608
35070169,684,44,640
35070170,436,67,369
35070171,522,22,500
35070172,563,71,492
35070173,681,19,662
35070174,405,0,405
35070175,455,4,451
35070176,469,6,463
35070177,496,23,473
35070178,424,20,404
35070179,554,0,554
35070180,474,7,467
35070181,410,0,410
35070182,413,15,398
35070183,986,34,952
35070184,690,25,665
35070185,259,23,236
35070186,1467,31,1436
35070187,487,1,486
35070188,386,8,378
35070189,532,7,525
35070190,448,15,433
35070191,512,37,475
35070192,587,19,568
35070193,427,18,409
35070194,435,32,403
35070195,711,8,703
35070196,512,33,479
35070197,460,13,447
35070198,461,9,452
35070199,424,7,417
35070200,384,19,365
35070201,381,18,363
35070202,601,0,601
35070203,419,10,409
35070204,497,0,497
35070205,440,13,427
35070206,371,11,360
35070207,440,11,429
35070208,599,44,555
35070209,472,68,404
35070210,446,15,431
35070211,512,14,498
35070212,477,28,449
35070213,433,6,427
35070214,504,46,458
35070215,677,44,633
35070216,294,0,294
35070217,254,0,254
35070218,442,1,441
35070219,400,30,370
35070220,442,10,432
35070221,479,27,452
35070222,582,7,575
35070223,405,33,372
35070224,476,0,476
35070225,489,36,453
35070226,509,20,489
35070227,454,36,418
35070228,471,4,467
35070229,506,4,502
35070230,455,2,453
35070231,595,4,591
35070232,650,33,617
35070233,347,38,309
35070234,551,29,522
35070235,637,19,618
35070236,486,53,433
35070237,486,34,452
35070238,726,12,714
35070239,518,16,502
35070240,533,25,508
35070241,717,1,716
35070242,434,7,427
35070243,818,9,809
35070244,396,15,381
35070245,423,22,401
35070246,417,18,399
35070247,367,4,363
35070248,350,6,344
35070249,338,5,333
35070250,548,19,529
35070251,503,0,503
35070252,620,3,617
35070253,663,17,646
35070254,470,8,462
35070255,524,38,486
35070256,476,50,426
35070257,599,3,596
35070258,554,24,530
35070259,529,4,525
35070260,487,2,485
35070261,477,43,434
35070262,478,5,473
35070263,494,3,491
35070264,467,15,452
35070265,499,10,489
35070266,504,5,499
35070267,583,12,571
35070268,327,4,323
35070269,488,27,461
35070270,637,45,592
35070271,536,1,535
35070272,597,31,566
35070273,440,19,421
35070274,467,19,448
35070275,509,46,463
35070276,444,30,414
35070277,574,3,571
35070278,503,30,473
35070279,456,16,440
35070280,545,6,539
35070281,456,3,453
35070282,500,0,500
35070283,846,2,844
35070284,357,0,357
35070285,421,26,395
35070286,576,15,561
35070287,657,21,636
35070288,486,29,457
35070289,623,13,610
35070290,531,17,514
35070291,360,21,339
35070292,473,12,461
35070293,625,3,622
35070294,584,11,573
35070295,518,17,501
35070296,539,10,529
35070297,475,25,450
35070298,461,17,444
35070299,533,5,528
35070300,404,13,391
35070301,462,35,427
35070302,614,23,591
35070303,395,0,395
35070304,693,22,671
35070305,485,51,434
35070306,480,15,465
35070307,530,11,519
35070308,400,2,398
35070309,444,0,444
35070310,519,38,481
35070311,426,33,393
35070312,455,20,435
35070313,362,37,325
35070314,460,6,454
35070315,523,5,518
35070316,563,5,558
35070317,818,23,795
35070318,498,0,498
35070319,445,21,424
35070320,499,11,488
35070321,451,22,429
35070322,402,13,389
35070323,458,11,447
35070324,482,15,467
35070325,522,10,512
35070326,519,18,501
35070327,453,40,413
35070328,660,43,617
35070329,517,6,511
35070330,584,5,579
35070331,492,3,489
35070332,603,12,591
35090101,520,39,481
35090102,773,34,739
35090103,506,15,491
35090104,467,7,460
35090105,1041,15,1026
35090106,594,23,571
35090107,760,45,715
35090108,495,15,480
35090109,375,30,345
35090110,772,5,767
35090111,427,19,408
35090112,495,12,483
35090113,1064,19,1045
35090114,550,16,534
35090115,548,4,544
35090116,920,26,894
35090117,1046,42,1004
35090118,339,19,320
35090119,539,48,491
35090120,534,39,495
35090121,593,33,560
35090122,510,17,493
35090123,506,18,488
35090124,432,9,423
35090125,602,41,561
35090126,880,44,836
35090127,444,0,444
35090128,482,29,453
35090129,572,19,553
35090130,906,43,863
35090131,495,27,468
35090132,513,14,499
35090133,1329,35,1294
35090134,521,27,494
35090135,632,0,632
35090136,969,7,962
35090137,730,4,726
35090138,645,26,619
35090139,585,41,544
35090140,612,39,573
35090141,595,40,555
35090142,778,74,704
35090143,784,30,754
35090144,681,38,643
35090145,1758,102,1656
35090146,541,12,529
35090147,901,17,884
35090148,665,2,663
35090149,819,8,811
35090150,599,10,589
35090151,505,68,437
35090152,602,5,597
35090153,761,20,741
35090154,831,16,815
35090155,763,31,732
35090156,495,12,483
35090157,511,28,483
35090158,543,6,537
35090159,497,3,494
35090160,682,8,674
35090161,645,20,625
35090162,429,10,419
35090165,435,0,435
35090166,531,16,515
35090167,471,18,453
35090168,399,2,397
35090169,448,17,431
35090170,538,6,532
35090171,495,11,484
35090172,429,26,403
35090173,428,6,422
35090174,671,35,636
35090175,1163,4,1159
35090176,665,26,639
35090177,818,2,816
35090178,736,56,680
35090179,571,27,544
35090180,661,34,627
35090181,602,6,596
35090182,600,12,588
35090183,560,12,548
35090184,607,6,601
35090185,866,9,857
35090186,648,25,623
35090187,583,35,548
35090188,435,26,409
35090189,692,48,644
35090190,451,1,450
35090191,499,20,479
35090192,501,21,480
35090193,384,66,318
35090194,487,24,463
35090195,454,22,432
35090196,399,29,370
35090197,425,9,416
35090198,427,56,371
35090199,550,30,520
35090200,522,23,499
35090201,831,7,824
35090202,753,0,753
35090203,779,21,758
35090205,702,40,662
35090207,601,12,589
35090208,661,21,640
35090209,459,19,440
35090210,676,13,663
35090211,583,9,574
35090213,482,8,474
35090214,515,29,486
35090216,17,9,8
35100029,402,16,386
35100030,461,58,403
35100031,507,66,441
35100032,427,23,404
35100033,500,25,475
35100035,619,34,585
35100036,867,92,775
35100040,475,89,386
35100041,956,69,887
35100042,636,69,567
35100044,855,54,801
35100045,348,8,340
35100046,464,35,429
35100047,599,78,521
35100048,546,49,497
35100049,598,63,535
35100050,531,28,503
35100051,483,18,465
35100052,674,30,644
35100053,746,30,716
35100054,455,5,450
35100055,511,14,497
35100056,540,32,508
35100057,491,14,477
35100058,701,10,691
35100059,711,25,686
35100060,522,12,510
35100061,577,12,565
35100062,1197,37,1160
35100063,1008,25,983
35100064,1007,23,984
35100065,801,47,754
35100069,849,24,825
35100072,157,0,157
35100073,854,52,802
35100074,406,40,366
35100075,639,10,629
35100076,497,18,479
35100077,489,0,489
35100078,585,29,556
35100079,558,18,540
35100080,311,0,311
35100081,621,4,617
35100082,463,0,463
35100083,583,16,567
35100084,430,6,424
35100085,371,15,356
35100086,467,13,454
35100087,494,9,485
35100088,353,13,340
35100089,1418,40,1378
35100090,624,14,610
35100092,530,5,525
35100093,475,10,465
35100094,778,21,757
35100095,383,5,378
35100096,698,18,680
35100097,614,23,591
35100098,588,50,538
35100099,527,19,508
35100100,637,30,607
35100101,338,8,330
35100102,268,79,189
35100103,447,4,443
35100104,681,2,679
35100105,425,1,424
35100106,1494,5,1489
35100107,624,6,618
35100108,568,0,568
35100109,632,35,597
35100110,447,44,403
35100111,393,48,345
35100112,426,24,402
35100113,656,6,650
35100114,315,2,313
35100115,377,17,360
35100116,586,57,529
35100119,662,13,649
35100120,729,13,716
35100122,2619,60,2559
35100124,1128,34,1094
35100125,918,0,918
35100126,953,11,942
35100127,568,14,554
35100128,410,13,397
35100129,609,10,599
35100130,660,1,659
35100131,272,18,254
35100132,824,9,815
35100133,634,14,620
35100134,1466,68,1398
35100135,482,31,451
35100136,842,67,775
35100137,567,45,522
35100138,473,0,473
35100139,279,10,269
35100140,403,1,402
35100141,478,8,470
35100142,696,38,658
35100144,443,0,443
35100148,840,4,836
35100149,809,21,788
35100151,700,18,682
35100152,463,10,453
35100153,462,0,462
35100154,438,28,410
35100155,384,8,376
35100156,1035,71,964
35100157,465,22,443
35100158,327,18,309
35100159,321,5,316
35100162,292,1,291
35100163,390,2,388
35100164,427,12,415
35100165,536,26,510
35100166,314,1,313
35100167,608,11,597
35100168,280,5,275
35100169,427,2,425
35100170,211,0,211
35100171,357,10,347
35100172,504,14,490
35100173,380,25,355
35100174,408,26,382
35100175,562,54,508
35100176,576,24,552
35100177,518,19,499
35100178,440,0,440
35100179,914,95,819
35100180,479,43,436
35100181,745,24,721
35100182,587,52,535
35100183,496,13,483
35100184,491,30,461
35100185,469,8,461
35100186,421,26,395
35100187,358,0,358
35100188,451,0,451
35100189,313,0,313
35100190,392,13,379
35100191,344,2,342
35100192,594,10,584
35100193,483,0,483
35100194,505,10,495
35100195,1180,11,1169
35100196,541,0,541
35100197,408,24,384
35100198,491,7,484
35100199,556,3,553
35100236,1336,86,1250
35100237,1388,27,1361
35100238,756,98,658
35100239,1563,91,1472
35100240,816,6,810
35100241,769,12,757
35100242,1429,0,1429
35100243,1160,19,1141
35100244,555,9,546
35100245,723,38,685
35100246,602,1,601
35100248,593,67,526
35100249,530,39,491
35100250,508,64,444
35100251,756,54,702
35100252,545,64,481
35100253,656,21,635
35100254,752,38,714
35100255,835,52,783
35100256,914,65,849
35100257,463,15,448
35100258,666,23,643
35100259,827,8,819
35100260,644,31,613
35100261,523,1,522
35100262,679,2,677
35100263,8,8,0
35100264,491,17,474
35100265,481,2,479
35100266,481,16,465
35100267,864,61,803
35100268,712,0,712
35100269,574,48,526
35100270,854,23,831
35100271,597,9,588
35100272,668,0,668
35100273,517,13,504
35100274,773,18,755
35100275,1096,49,1047
35100280,637,17,620
35100282,1212,44,1168
35100283,248,2,246
35100284,364,1,363
35100285,61,1,60
35100286,369,18,351
35100287,647,88,559
35100288,0,0,0
35100289,939,2,937
35100290,1183,2,1181
35100291,575,11,564
35100292,741,10,731
35100293,436,4,432
35100294,675,3,672
35100295,703,17,686
35100296,1140,21,1119
35100297,1051,35,1016
35100298,583,3,580
35100299,800,17,783
35100300,527,14,513
35100301,1177,33,1144
35100302,606,13,593
35100303,685,21,664
35100304,680,26,654
35100305,697,22,675
35100306,699,21,678
35100307,786,67,719
35100308,692,15,677
35100309,491,31,460
35100310,670,12,658
35100311,656,11,645
35100312,711,23,688
35100313,1020,51,969
35100314,558,51,507
35100315,446,52,394
35100316,0,0,0
35100317,360,18,342
35100318,4336,73,4263
35100320,676,48,628
35100321,4936,83,4853
35100322,576,14,562
35100323,1408,37,1371
35100324,554,30,524
35100325,1330,24,1306
35100328,680,22,658
35100329,1090,12,1078
35100330,453,26,427
35100331,3230,53,3177
35100332,596,24,572
35110060,382,51,331
35110062,389,38,351
35110063,520,49,471
35110064,486,29,457
35110065,405,4,401
35110066,534,53,481
35110067,469,20,449
35110068,397,11,386
35110069,477,1,476
35110070,452,52,400
35110071,537,4,533
35110072,662,33,629
35110073,707,31,676
35110074,500,19,481
35110075,703,31,672
35110076,548,34,514
35110077,504,97,407
35110078,490,32,458
35110079,545,14,531
35110080,511,16,495
35110081,489,33,456
35110082,474,12,462
35110083,1968,41,1927
35110084,702,15,687
35110085,764,3,761
35110086,691,43,648
35110087,431,24,407
35110088,416,8,408
35110089,459,32,427
35110090,424,6,418
35110091,385,0,385
35110092,499,51,448
35110093,512,40,472
35110094,835,44,791
35110095,569,6,563
35110096,511,8,503
35110097,232,1,231
35110098,555,4,551
35110099,759,35,724
35110100,957,7,950
35110101,152,1,151
35110102,489,7,482
35110103,533,0,533
35110104,739,54,685
35110105,691,12,679
35110106,671,34,637
35110107,436,29,407
35110108,428,59,369
35110109,366,32,334
35110110,414,24,390
35110111,402,52,350
35110112,415,4,411
35110113,472,35,437
35110114,434,40,394
35110115,453,22,431
35110116,538,34,504
35110117,407,32,375
35110118,509,35,474
35110119,476,44,432
35110120,434,21,413
35110121,502,21,481
35110122,487,19,468
35110123,499,1,498
35110124,547,13,534
35110125,597,43,554
35110126,524,26,498
35110127,395,19,376
35110128,797,27,770
35110129,600,66,534
35110130,619,40,579
35110131,613,39,574
35110132,376,7,369
35110133,528,23,505
35110134,514,17,497
35110135,479,0,479
35110136,522,1,521
35110137,968,33,935
35110138,528,22,506
35110140,498,46,452
35120092,587,47,540
35120093,474,24,450
35120094,471,19,452
35120095,516,29,487
35120096,458,19,439
35120097,487,33,454
35120098,518,33,485
35120099,458,49,409
35120100,888,61,827
35120101,589,34,555
35120102,585,26,559
35120103,424,19,405
35120104,538,15,523
35120105,397,10,387
35120106,503,10,493
35120107,439,0,439
35120108,559,11,548
35120109,575,24,551
35120110,544,33,511
35120111,778,103,675
35120112,264,13,251
35120113,479,12,467
35120114,674,17,657
35120115,607,17,590
35120116,561,22,539
35120117,476,32,444
35120118,466,37,429
35120119,600,15,585
35120120,687,51,636
35120121,470,19,451
35120122,613,2,611
35120123,706,20,686
35120124,1594,17,1577
35120126,727,54,673
35120129,839,75,764
35120130,439,14,425
35120131,586,50,536
35120132,390,54,336
35120133,579,37,542
35120134,561,50,511
35120135,316,12,304
35120136,518,38,480
35120137,370,29,341
35120138,437,4,433
35120139,567,36,531
35120140,344,23,321
35120141,622,42,580
35120142,446,29,417
35120143,362,0,362
35120146,92,9,83
35120147,1593,91,1502
35120148,838,31,807
35120155,744,34,710
35120156,467,28,439
35120157,521,22,499
35120158,379,9,370
35120159,467,10,457
35120160,470,43,427
35120231,574,12,562
35120232,918,53,865
35120233,413,38,375
35120234,581,67,514
35120235,761,142,619
35120236,493,77,416
35120237,441,46,395
35120238,789,49,740
35120239,389,29,360
35120240,441,52,389
35120241,386,53,333
35120242,545,36,509
35120243,648,127,521
35120244,590,78,512
35120245,413,63,350
35120246,581,94,487
35120247,812,130,682
35120248,614,70,544
35120249,430,64,366
35120250,122,11,111
35120251,353,74,279
35120252,467,51,416
35120253,707,61,646
35120254,675,112,563
35120255,504,29,475
35120256,422,14,408
35120258,715,27,688
35120259,731,37,694
35120261,543,30,513
35120262,675,20,655
35120263,651,12,639
35120264,584,19,565
35120265,726,49,677
35120266,599,48,551
35120267,731,35,696
35120268,670,25,645
35120269,490,4,486
35120270,624,25,599
35120271,1779,123,1656
35120272,1574,64,1510
35120273,684,74,610
35120274,445,11,434
35120275,542,23,519
35120276,465,37,428
35120277,517,21,496
35120278,766,26,740
35120279,952,26,926
35120280,555,13,542
35120281,578,30,548
35120282,461,35,426
35120283,643,50,593
35120284,553,33,520
35120285,629,32,597
35120286,630,2,628
35120287,525,29,496
35120288,466,1,465
35120289,563,56,507
35120290,524,5,519
35120291,604,47,557
35120292,621,14,607
35120293,628,62,566
35120294,556,17,539
35120295,826,28,798
35120296,471,25,446
35120297,619,7,612
35120298,796,8,788
35120299,498,76,422
35120300,535,16,519
35120301,553,16,537
35120302,808,36,772
35120303,891,16,875
35120304,429,21,408
35120305,473,11,462
35120306,1068,65,1003
35120307,2,0,2
35120308,461,30,431
35120309,405,7,398
35120310,418,13,405
35120311,756,3,753
35120312,15,0,15
35120313,467,45,422
35120314,433,44,389
35120315,465,13,452
35120316,608,98,510
35120317,487,3,484
35120318,573,22,551
35120319,468,41,427
35120320,528,29,499
35120321,527,7,520
35120322,525,4,521
35120323,909,21,888
35120324,187,4,183
35120325,477,41,436
35120326,453,38,415
35120327,483,12,471
35120328,453,5,448
35120329,590,5,585
35120330,551,9,542
35120331,745,21,724
35120332,809,62,747
35120333,649,33,616
35120334,509,32,477
35120335,480,9,471
35120336,1210,79,1131
35120337,477,25,452
35120340,774,36,738
35120341,586,45,541
35120342,800,17,783
35120343,722,42,680
35120344,559,40,519
35120345,558,28,530
35120346,497,32,465
35120347,493,14,479
35120348,408,74,334
35120349,470,9,461
35120350,502,14,488
35120351,415,22,393
35120352,421,33,388
35120353,480,52,428
35120354,380,6,374
35120355,469,24,445
35120356,516,3,513
35120357,866,95,771
35120358,629,17,612
35120359,515,34,481
35120360,622,38,584
35120361,627,59,568
35120362,15,0,15
35120363,45,0,45
35120365,831,45,786
35120366,629,28,601
35120367,902,77,825
35120368,644,78,566
35120369,498,15,483
35120371,598,29,569
35120372,817,47,770
35120373,665,8,657
35120374,566,20,546
35120375,23,0,23
35120376,1227,64,1163
35120377,613,48,565
35120378,785,39,746
35120379,584,32,552
35120380,531,25,506
35120381,664,13,651
35120382,476,52,424
35120383,530,34,496
35120384,638,34,604
35120385,720,11,709
35120386,574,65,509
35120387,840,210,630
35120389,495,35,460
35120390,412,95,317
35120391,692,139,553
35120392,690,109,581
35120393,537,39,498
35120394,601,17,584
35120395,542,19,523
35120396,846,49,797
35120397,485,24,461
35120398,515,10,505
35120399,529,0,529
35120400,577,40,537
35120401,701,5,696
35120402,620,9,611
35120404,385,27,358
35120405,1692,29,1663
35120406,892,62,830
35120407,606,504,102
35120408,994,800,194
35120409,1001,803,198
35120410,1439,34,1405
35120412,646,28,618
35120413,480,29,451
35120416,814,43,771
35130042,649,14,635
35130043,812,30,782
35130044,725,6,719
35130045,681,29,652
35130046,506,13,493
35130047,528,27,501
35130048,522,4,518
35130049,516,10,506
35130050,525,0,525
35130051,594,6,588
35130052,501,0,501
35130053,874,26,848
35130054,504,19,485
35130055,1046,18,1028
35130056,576,8,568
35130057,547,40,507
35130058,515,0,515
35130059,480,2,478
35130060,756,54,702
35130061,1188,49,1139
35130062,801,67,734
35130063,606,8,598
35130064,584,33,551
35130065,346,7,339
35130066,1148,35,1113
35130067,489,1,488
35130068,494,5,489
35130069,469,60,409
35130070,612,3,609
35130071,943,12,931
35130072,734,16,718
35130073,503,4,499
35130074,453,10,443
35130075,429,0,429
35130077,486,11,475
35130078,694,0,694
35130079,513,4,509
35130080,550,26,524
35130081,498,8,490
35130082,442,9,433
35140110,502,2,500
35140111,683,18,665
35140112,572,0,572
35140113,591,22,569
35140114,525,10,515
35140115,526,28,498
35140116,588,18,570
35140117,431,13,418
35140118,563,49,514
35140119,458,6,452
35140120,476,1,475
35140121,592,14,578
35140122,572,16,556
35140123,581,0,581
35140124,380,32,348
35140125,468,18,450
35140126,393,4,389
35140127,370,22,348
35140128,619,2,617
35140129,503,28,475
35140130,6,4,2
35140131,21,16,5
35140132,92,65,27
35140133,550,21,529
35140134,310,222,88
35140135,539,29,510
35140136,47,32,15
35140137,658,42,616
35140138,37,27,10
35140139,538,23,515
35140140,491,9,482
35140141,507,15,492
35140142,620,2,618
35140143,510,6,504
35140144,504,16,488
35140145,556,6,550
35140146,570,23,547
35140147,586,0,586
35140148,1427,5,1422
35140149,663,79,584
35140150,309,8,301
35140151,369,13,356
35140152,326,0,326
35140153,847,40,807
35140154,431,8,423
35140155,433,5,428
35140156,521,12,509
35140157,511,3,508
35140158,385,7,378
35140159,435,10,425
35140160,720,21,699
35140161,531,8,523
35140162,617,5,612
35140163,461,1,460
35140164,516,2,514
35140165,512,10,502
35140166,647,24,623
35140167,520,23,497
35140168,600,25,575
35140169,503,5,498
35140170,590,23,567
35140171,665,38,627
35140172,449,1,448
35140173,515,14,501
35140174,693,3,690
35140175,618,20,598
35140176,555,49,506
35140177,709,36,673
35140178,555,9,546
35140179,457,16,441
35140180,546,39,507
35140181,682,31,651
35140182,625,6,619
35140183,681,34,647
35140184,459,11,448
35140185,460,16,444
35140186,460,14,446
35140187,492,26,466
35140188,0,0,0
35140189,520,2,518
35140190,703,32,671
35140191,719,52,667
35140192,395,0,395
35140193,448,6,442
35140194,409,0,409
35140195,315,20,295
35140196,921,8,913
35140197,1805,16,1789
35140198,732,28,704
35140199,730,2,728
35140200,492,38,454
35140201,793,23,770
35140202,682,12,670
35140203,628,0,628
35140204,404,11,393
35140205,455,1,454
35140206,841,5,836
35140207,465,0,465
35140208,2710,39,2671
35140209,323,0,323
35140210,472,7,465
35140211,407,0,407
35140212,435,28,407
35140213,405,6,399
35140214,394,8,386
35140215,365,7,358
35140216,469,10,459
35140217,83,11,72
35140218,665,2,663
35140219,378,6,372
35140220,575,27,548
35140221,553,5,548
35140222,489,0,489
35140223,446,12,434
35140224,634,12,622
35140225,484,11,473
35140226,416,7,409
35140227,513,15,498
35140228,474,6,468
35140229,398,25,373
35140230,608,12,596
35140231,680,1,679
35140232,673,10,663
35140233,536,0,536
35140234,499,17,482
35140235,528,2,526
35140236,416,7,409
35140237,404,9,395
35140238,375,2,373
35140239,479,0,479
35140240,397,7,390
35140241,597,29,568
35140242,481,3,478
35140243,461,2,459
35140244,545,18,527
35140245,426,22,404
35140246,596,30,566
35140247,480,19,461
35140248,554,31,523
35140249,498,22,476
35140250,407,4,403
35140251,482,17,465
35140252,1820,10,1810
35140253,468,5,463
35140254,502,3,499
35140255,468,4,464
35140256,398,13,385
35140257,588,12,576
35140258,468,11,457
35140259,509,0,509
35140260,450,1,449
35140261,413,0,413
35140262,779,7,772
35140263,613,8,605
35140264,435,0,435
35140265,686,19,667
35140266,485,15,470
35140267,571,19,552
35140268,608,0,608
35140269,630,16,614
35150039,329,15,314
35150040,819,39,780
35150041,636,42,594
35150043,616,22,594
35150045,1830,16,1814
35150046,649,42,607
35150047,559,47,512
35150048,691,36,655
35150049,428,11,417
35150050,674,27,647
35150051,444,35,409
35150052,536,57,479
35150053,466,47,419
35150054,436,31,405
35150055,475,16,459
35150056,341,9,332
35150057,391,13,378
35150058,396,10,386
35150059,822,27,795
35150060,568,14,554
35150061,775,38,737
35150062,1019,18,1001
35150063,525,31,494
35150064,400,1,399
35150065,463,1,462
35150066,562,0,562
35150067,595,17,578
35150068,473,22,451
35150069,657,29,628
35150070,466,51,415
35150071,493,39,454
35150072,540,22,518
35150073,411,23,388
35150074,532,27,505
35150075,362,16,346
35150076,565,16,549
35150077,654,16,638
35150078,602,12,590
35150079,661,53,608
35150080,574,5,569
35150081,429,55,374
35150082,518,30,488
35150083,629,15,614
35150084,392,15,377
35150085,524,2,522
35150086,575,12,563
35150087,413,48,365
35150088,447,16,431
35150089,494,8,486
35150090,374,36,338
35150091,635,72,563
35150092,517,19,498
35150093,606,47,559
35150094,434,98,336
35150095,540,28,512
35150096,555,15,540
35150098,407,4,403
35150099,389,19,370
35150100,706,25,681
35150101,339,27,312
35150103,336,7,329
35150104,632,29,603
35150105,576,38,538
35150107,509,47,462
35150108,442,40,402
35150109,486,12,474
35150110,456,18,438
35150111,550,42,508
35150112,426,19,407
35150113,674,49,625
35150114,490,27,463
35150115,562,41,521
35150116,518,52,466
35150117,468,16,452
35150120,570,39,531
35150121,657,51,606
35150122,949,30,919
35150123,697,22,675
35150124,415,24,391
35150125,347,5,342
35150126,366,19,347
35150127,855,18,837
35150128,476,16,460
35150129,1413,71,1342
35150133,1070,33,1037
35150134,739,9,730
35150137,797,1,796
35150138,426,11,415
35150139,600,19,581
35150140,1973,83,1890
35150141,570,38,532
35150142,279,7,272
35150143,437,10,427
35150144,621,23,598
35150145,647,34,613
35150146,504,16,488
35150147,627,4,623
35150148,443,1,442
35150149,575,11,564
35150150,383,22,361
35150151,394,0,394
35150153,343,0,343
35150154,695,4,691
35150155,702,21,681
35150156,464,7,457
35150157,278,7,271
35150158,513,16,497
35150159,395,5,390
35150160,544,76,468
35150161,540,0,540
35150162,469,35,434
35150163,388,48,340
35150164,609,42,567
35150165,502,62,440
35150168,778,40,738
35150213,420,22,398
35150214,774,41,733
35150215,463,22,441
35150216,365,0,365
35150224,1276,6,1270
35150225,939,46,893
35150226,2144,66,2078
35150227,1422,70,1352
35150228,867,36,831
35150229,732,63,669
35150230,466,0,466
35150231,677,33,644
35150232,637,4,633
35150233,458,8,450
35150234,458,5,453
35150235,746,14,732
35150236,598,1,597
35150237,994,53,941
35150238,544,31,513
35150239,685,39,646
35150240,1102,768,334
35150241,922,10,912
35150242,711,11,700
35150243,800,0,800
35150244,632,44,588
35150245,761,30,731
35150246,593,40,553
35150247,995,9,986
35150248,778,9,769
35150249,447,9,438
35150250,543,0,543
35150251,856,11,845
35150255,464,17,447
35150256,514,9,505
35150257,637,27,610
35150258,649,10,639
35150259,935,30,905
35150260,1105,71,1034
35150261,704,41,663
35150262,547,42,505
35150263,738,29,709
35150264,561,12,549
35150265,456,15,441
35150266,757,20,737
35150267,476,2,474
35150268,683,16,667
35150269,441,8,433
35150270,539,13,526
35150271,463,1,462
35150272,719,58,661
35150273,10,10,0
35150274,810,13,797
35150275,0,0,0
35150276,364,257,107
35150277,480,15,465
35150278,511,12,499
35150279,552,37,515
35150280,564,43,521
35150281,582,3,579
35150282,553,9,544
35150283,514,0,514
35150284,380,9,371
35150285,728,44,684
35150286,488,46,442
35150287,694,55,639
35150288,485,14,471
35150289,771,22,749
35150290,778,49,729
35150291,639,37,602
35150292,528,4,524
35150293,550,6,544
35150294,593,37,556
35150295,622,15,607
35150296,562,15,547
35150297,662,9,653
35150298,713,25,688
35150299,675,6,669
35150300,622,44,578
35150301,652,0,652
35150302,664,39,625
35150303,690,11,679
35150304,632,13,619
35150305,793,6,787
35150306,1172,6,1166
35150309,429,21,408
35150311,942,13,929
35150312,621,28,593
35150313,615,10,605
35150314,659,10,649
35150316,694,71,623
35150317,545,41,504
35150318,950,79,871
35150319,1014,22,992
35150320,2494,32,2462
35150321,1788,50,1738
35150322,256,8,248
35150324,938,25,913
35150326,499,54,445
35150327,1702,1,1701
35150330,474,15,459
35150331,615,19,596
35150332,446,7,439
35150334,907,41,866
35150337,596,41,555
35150340,424,8,416
35150342,772,41,731
35150343,955,4,951
35160102,532,26,506
35160103,583,9,574
35160104,462,5,457
35160105,789,35,754
35160106,568,1,567
35160107,699,25,674
35160108,590,6,584
35160109,464,13,451
35160110,521,5,516
35160111,542,63,479
35160112,587,6,581
35160113,1278,51,1227
35160114,837,21,816
35160115,494,19,475
35160116,520,32,488
35160117,344,20,324
35160118,424,23,401
35160119,612,21,591
35160120,526,8,518
35160121,532,44,488
35160122,425,21,404
35160123,408,14,394
35160124,432,2,430
35160125,438,29,409
35160126,570,43,527
35160127,528,22,506
35160128,502,23,479
35160129,435,19,416
35160130,583,30,553
35160131,736,13,723
35160132,352,28,324
35160133,407,0,407
35160134,2517,73,2444
35160135,689,5,684
35160136,598,7,591
35160137,656,4,652
35160138,555,0,555
35160139,486,15,471
35160140,449,14,435
35160141,624,3,621
35160142,839,40,799
35160143,416,0,416
35160144,566,16,550
35160145,619,24,595
35160146,492,24,468
35160147,959,42,917
35160148,918,30,888
35160149,585,12,573
35160150,613,36,577
35160151,530,9,521
35160152,488,3,485
35160153,581,36,545
35160154,621,21,600
35160155,606,16,590
35160156,659,12,647
35160157,686,12,674
35160158,635,28,607
35160159,566,11,555
35160160,877,37,840
35160161,593,5,588
35160162,565,42,523
35160163,570,6,564
35160164,929,19,910
35160165,648,20,628
35160166,588,15,573
35160167,841,14,827
35160168,508,5,503
35160169,591,4,587
35160170,446,18,428
35160171,562,0,562
35160172,1099,44,1055
35160173,754,35,719
35160174,582,25,557
35160175,647,9,638
35160176,483,11,472
35160177,622,17,605
35160178,735,37,698
35160179,547,7,540
35160180,497,22,475
35160181,514,13,501
35160182,783,9,774
35160183,971,21,950
35160184,879,34,845
35160185,617,57,560
35160186,1000,23,977
35160187,499,0,499
35160188,1087,38,1049
35160189,728,18,710
35160190,534,7,527
35160191,940,8,932
35160193,649,13,636
35160194,738,6,732
35160195,631,17,614
35160196,728,13,715
35160197,924,24,900
35160198,844,18,826
35160199,1050,33,1017
35160200,974,10,964
35160201,508,19,489
35160202,615,4,611
35160203,871,12,859
35160204,745,18,727
35160205,679,53,626
35160206,612,4,608
35160207,543,29,514
35160208,1422,56,1366
35160209,395,12,383
35160210,731,17,714
35160211,537,16,521
35160212,1110,12,1098
35160213,836,11,825
35160214,738,5,733
35160215,723,14,709
35160216,728,0,728
35180017,864,17,847
35180018,1715,3,1712
35180019,767,8,759
35180021,545,18,527
35180022,469,25,444
35180024,537,7,530
35180025,563,15,548
35180026,1294,4,1290
35180027,719,8,711
35180028,1442,17,1425
35180035,1284,28,1256
35180038,1502,64,1438
35180039,624,0,624
35180042,1030,9,1021
35180043,594,15,579
35180044,479,5,474
35180045,294,10,284
35180046,470,2,468
35180047,487,14,473
35180048,429,8,421
35180050,515,25,490
35180051,418,2,416
35180052,429,26,403
35180056,408,16,392
35180057,464,8,456
35180058,692,6,686
35180059,532,1,531
35180060,464,2,462
35180061,560,23,537
35180063,896,8,888
35180064,1104,23,1081
35180065,907,41,866
35180066,409,29,380
35180067,608,8,600
35180068,480,10,470
35180069,416,0,416
35180070,524,4,520
35180075,1009,21,988
35180086,265,21,244
35180087,874,41,833
35180091,2050,78,1972
35180094,266,15,251
35180097,1045,41,1004
35180098,729,31,698
35180099,419,5,414
35180101,862,23,839
35180102,955,2,953
35180103,378,21,357
35180104,387,2,385
35180107,493,19,474
35180108,397,14,383
35180109,519,4,515
35180112,601,4,597
35180113,495,31,464
35180114,622,28,594
35180115,417,12,405
35180116,501,27,474
35180117,438,11,427
35180118,464,22,442
35180121,422,22,400
35180122,652,25,627
35180123,626,12,614
35180124,235,19,216
35180125,841,18,823
35180126,256,21,235
35180127,605,5,600
35180128,275,4,271
35180129,981,8,973
35180130,428,5,423
35180131,589,36,553
35180132,524,6,518
35180133,2415,67,2348
35180135,856,23,833
35180136,397,1,396
35180137,462,0,462
35180140,351,0,351
35180141,505,7,498
35180142,695,11,684
35180143,251,0,251
35180144,451,14,437
35180145,673,14,659
35180146,650,5,645
35180147,619,2,617
35180148,469,12,457
35180149,499,34,465
35180150,446,0,446
35180151,323,6,317
35180152,388,4,384
35180153,487,5,482
35180154,556,24,532
35180155,594,3,591
35180156,481,24,457
35180157,466,36,430
35180158,413,31,382
35180159,534,40,494
35180160,426,10,416
35180161,424,25,399
35180162,640,40,600
35180166,552,19,533
35180167,383,8,375
35180169,348,10,338
35180170,429,10,419
35180171,511,5,506
35180172,797,23,774
35180173,560,0,560
35180174,557,28,529
35180175,503,1,502
35180177,590,17,573
35180179,585,35,550
35180180,484,16,468
35180181,486,29,457
35180182,581,39,542
35180183,468,13,455
35180184,739,77,662
35180185,352,20,332
35180186,519,12,507
35180187,499,27,472
35180188,524,9,515
35180189,522,12,510
35180190,426,22,404
35180191,614,18,596
35180192,894,12,882
35180193,717,77,640
35180194,464,21,443
35180195,575,22,553
35180196,526,27,499
35180197,909,47,862
35180198,503,30,473
35180199,384,3,381
35180200,489,12,477
35180201,407,8,399
35180202,458,7,451
35180203,410,4,406
35180204,552,5,547
35180205,438,26,412
35180206,521,1,520
35180207,678,16,662
35180208,220,11,209
35180209,291,7,284
35180210,1045,24,1021
35180211,383,2,381
35180212,393,0,393
35180213,486,0,486
35180214,397,6,391
35180215,547,0,547
35180216,483,0,483
35180217,555,42,513
35180218,521,24,497
35180219,476,9,467
35180220,1653,36,1617
35180221,727,0,727
35180222,614,21,593
35180223,667,6,661
35180224,336,8,328
35180225,772,19,753
35180226,659,19,640
35180227,380,27,353
35180228,372,3,369
35180229,583,14,569
35180230,352,7,345
35180231,427,13,414
35180232,388,7,381
35180233,464,0,464
35180234,759,15,744
35180235,552,6,546
35180236,706,14,692
35180237,330,15,315
35180238,399,2,397
35180239,390,10,380
35180240,496,7,489
35180241,446,12,434
35180242,489,11,478
35180243,561,5,556
35180244,424,0,424
35180245,388,12,376
35180248,652,19,633
35180249,454,0,454
35180250,542,32,510
35180251,414,35,379
35180252,511,16,495
35180253,586,9,577
35180254,509,25,484
35180255,417,11,406
35180256,423,23,400
35180257,554,13,541
35180258,395,22,373
35180259,1035,13,1022
35180260,446,20,426
35180261,458,11,447
35180262,323,11,312
35180263,245,14,231
35180264,441,14,427
35180265,473,12,461
35180266,253,6,247
35180272,354,5,349
35180273,473,25,448
35180274,422,13,409
35180275,514,12,502
35180276,552,4,548
35180277,648,1,647
35180284,475,14,461
35180285,748,12,736
35180286,581,4,577
35180287,426,11,415
35180290,600,33,567
35180291,554,22,532
35180292,517,0,517
35180293,958,17,941
35180295,1937,5,1932
35180296,664,0,664
35180297,765,21,744
35180298,710,20,690
35180299,854,0,854
35180301,758,8,750
35180302,579,36,543
35180303,1781,10,1771
35180304,488,8,480
35180305,479,0,479
35180306,550,10,540
35180307,516,11,505
35180309,578,9,569
35180310,669,18,651
35180311,732,18,714
35180312,1189,40,1149
35180313,375,14,361
35180314,631,9,622
35180315,561,19,542
35180316,726,9,717
35180317,492,7,485
35180318,588,12,576
35180319,389,20,369
35180320,495,16,479
35180321,539,23,516
35180322,499,2,497
35180324,470,0,470
35180325,384,18,366
35180326,438,9,429
35180327,604,6,598
35180328,397,18,379
35180329,416,12,404
35180330,624,27,597
35180331,616,2,614
35180333,764,13,751
35180335,910,5,905
35180336,1017,17,1000
35180337,477,9,468
35180338,290,8,282
35180339,502,4,498
35180340,616,0,616
35180342,504,0,504
35180343,621,4,617
35180345,1156,4,1152
35180346,439,2,437
35180347,1298,8,1290
35180350,1120,0,1120
35180351,615,17,598
35180352,297,10,287
35180354,361,0,361
35180356,1155,9,1146
35180357,714,3,711
35180358,1104,9,1095
35180359,564,11,553
35180360,475,6,469
35180361,816,1,815
35180362,451,0,451
35180363,443,0,443
35180364,468,0,468
35180365,964,0,964
35180366,1097,8,1089
35180367,293,24,269
35180368,1130,10,1120
35180369,533,2,531
35180370,379,0,379
35180371,494,21,473
35180372,953,0,953
35180373,610,2,608
35180374,423,12,411
35180375,1275,8,1267
35180380,713,16,697
35180381,666,6,660
35180382,811,0,811
35180383,585,5,580
35180385,917,2,915
35180388,349,16,333
35180389,506,4,502
35180391,590,10,580
35180392,808,6,802
35180393,605,5,600
35180394,587,0,587
35180397,586,3,583
35180398,662,4,658
35180399,680,6,674
35180400,432,7,425
35180401,601,10,591
35180402,249,11,238
35180403,423,8,415
35180404,447,1,446
35180405,705,25,680
35180406,521,10,511
35180407,524,16,508
35180411,303,0,303
35180412,682,21,661
35180413,573,4,569
35180414,453,0,453
35180416,334,10,324
35180417,299,2,297
35180418,735,3,732
35180419,762,0,762
35180421,531,1,530
35180423,687,6,681
35180424,681,20,661
35180425,549,11,538
35180426,438,1,437
35180427,962,7,955
35180428,682,17,665
35180429,428,0,428
35180430,508,6,502
35180431,927,3,924
35180432,548,12,536
35180433,412,0,412
35180434,772,0,772
35180436,257,8,249
35180437,1094,20,1074
35180438,609,6,603
35180439,466,17,449
35180440,594,0,594
35180441,632,0,632
35180442,965,35,930
35180445,1390,24,1366
35180446,268,0,268
35180447,1228,37,1191
35180448,718,0,718
35180450,904,2,902
35180451,664,5,659
35180452,306,0,306
35180453,897,0,897
35180454,466,0,466
35180455,426,0,426
35180456,414,20,394
35180457,440,16,424
35180458,622,3,619
35180459,371,9,362
35180460,476,3,473
35180461,456,26,430
35180462,509,1,508
35180463,1343,43,1300
35180464,1239,13,1226
35180465,754,12,742
35180466,575,16,559
35180467,414,3,411
35180468,337,6,331
35180469,841,27,814
35180472,557,19,538
35180473,540,12,528
35180474,458,5,453
35180475,943,3,940
35180476,403,5,398
35180477,449,2,447
35180478,976,7,969
35180479,604,7,597
35180480,443,24,419
35180481,1094,8,1086
35180482,395,1,394
35180483,531,0,531
35180484,963,15,948
35180485,552,5,547
35180486,292,2,290
35180487,293,0,293
35180488,905,5,900
35180489,351,17,334
35180490,1095,4,1091
35180491,456,1,455
35180492,690,0,690
35180493,863,26,837
35180494,648,9,639
35180495,496,0,496
35180496,915,10,905
35180497,758,29,729
35180498,602,1,601
35180499,963,14,949
35180500,402,0,402
35180501,850,2,848
35180502,761,2,759
35180503,920,11,909
35180504,1249,4,1245
35180505,535,25,510
35180506,1477,9,1468
35180507,913,10,903
35180508,584,0,584
35180510,731,3,728
35180511,1245,0,1245
35180512,1505,10,1495
35180513,752,3,749
35180514,808,14,794
35180515,356,1,355
35180516,453,17,436
35180517,579,3,576
35180518,627,0,627
35180519,342,2,340
35180520,1107,24,1083
35180525,607,8,599
35180534,549,7,542
35180538,771,8,763
35180539,656,9,647
35180540,750,2,748
35180541,1445,7,1438
35180544,572,7,565
35180545,453,4,449
35180546,377,27,350
35180547,492,12,480
35180548,796,15,781
35180549,634,1,633
35180550,331,4,327
35180551,649,29,620
35180553,317,3,314
35180554,576,0,576
35180555,591,4,587
35180556,357,15,342
35180557,540,24,516
35180558,536,1,535
35180559,300,0,300
35180560,509,11,498
35180562,832,6,826
35180563,418,5,413
35180564,716,11,705
35180565,213,2,211
35180566,848,12,836
35180567,483,0,483
35180568,475,2,473
35180569,276,15,261
35180570,677,6,671
35180571,467,17,450
35180573,615,14,601
35180574,462,10,452
35180576,397,18,379
35180581,627,17,610
35180582,610,19,591
35180583,682,1,681
35180584,479,1,478
35180585,444,26,418
35180586,1372,13,1359
35180587,875,0,875
35180588,559,3,556
35180589,416,5,411
35180590,701,4,697
35180591,1575,1,1574
35180593,636,0,636
35180594,600,6,594
35180595,719,9,710
35180596,398,3,395
35180597,1022,9,1013
35180598,323,7,316
35180599,440,7,433
35180600,298,0,298
35180601,382,2,380
35180602,599,15,584
35180603,371,0,371
35180604,665,7,658
35180605,583,0,583
35180606,1079,6,1073
35180607,764,39,725
35180608,555,13,542
35180609,277,0,277
35180611,331,0,331
35180613,510,14,496
35180614,363,1,362
35180615,400,1,399
35180616,383,21,362
35180617,441,24,417
35180618,1106,99,1007
35180619,203,7,196
35180620,1189,60,1129
35180621,281,1,280
35180622,559,29,530
35180623,440,11,429
35180624,550,40,510
35180625,427,16,411
35180626,867,92,775
35180627,986,56,930
35180628,407,29,378
35180629,448,31,417
35180630,502,68,434
35180631,514,4,510
35180632,583,24,559
35180633,527,5,522
35180634,313,14,299
35180635,590,36,554
35180636,862,64,798
35180637,657,18,639
35180638,572,41,531
35180639,461,20,441
35180640,595,22,573
35180641,488,10,478
35180642,584,49,535
35180643,505,6,499
35180644,475,0,475
35180645,859,12,847
35180646,514,14,500
35180647,642,5,637
35180648,630,6,624
35180649,472,7,465
35180650,648,36,612
35180651,507,3,504
35180652,663,53,610
35180654,551,3,548
35180655,683,0,683
35180656,680,34,646
35180657,764,21,743
35180658,710,10,700
35180659,828,32,796
35180660,2239,32,2207
35180661,731,29,702
35180662,842,44,798
35180663,738,12,726
35180665,2136,66,2070
35180666,462,26,436
35180667,549,40,509
35180668,588,23,565
35180669,436,2,434
35180670,568,19,549
35180671,385,15,370
35180672,586,4,582
35180676,512,1,511
35180677,664,22,642
35180680,387,0,387
35180681,545,42,503
35180682,447,13,434
35180683,1418,98,1320
35180684,655,22,633
35180685,932,8,924
35180686,502,0,502
35180687,538,13,525
35180688,533,4,529
35180689,651,20,631
35180690,374,10,364
35180691,512,2,510
35180692,336,2,334
35180693,1379,3,1376
35180697,717,0,717
35180698,3837,86,3751
35180699,903,65,838
35180702,716,17,699
35180703,968,35,933
35180704,747,2,745
35180707,469,12,457
35180710,451,12,439
35180711,312,4,308
35180712,277,3,274
35180713,203,13,190
35180714,376,0,376
35180715,574,16,558
35180716,978,72,906
35180717,509,0,509
35180718,801,16,785
35180720,537,6,531
35180721,358,4,354
35180722,390,26,364
35180723,445,28,417
35180724,623,43,580
35180725,262,2,260
35180726,643,53,590
35180727,807,9,798
35180732,355,30,325
35180733,577,6,571
35180734,520,16,504
35180735,420,4,416
35180736,495,16,479
35180737,568,20,548
35180738,396,0,396
35180739,906,5,901
35180762,389,14,375
35180767,206,2,204
35180768,830,69,761
35180769,539,23,516
35180770,530,1,529
35180771,386,28,358
35180772,495,16,479
35180773,546,24,522
35180774,571,6,565
35180775,446,3,443
35180776,529,11,518
35180777,575,35,540
35180778,828,42,786
35180779,426,15,411
35180780,429,2,427
35180781,369,21,348
35180782,458,27,431
35180783,508,17,491
35180784,546,7,539
35180786,1894,37,1857
35180791,1602,9,1593
35180792,912,13,899
35180796,1124,38,1086
35180797,1131,7,1124
35180798,931,23,908
35180799,1331,93,1238
35180800,1653,107,1546
35180801,2033,9,2024
35180802,1301,26,1275
35180803,3429,33,3396
35180804,2529,93,2436
35180805,884,45,839
35180806,1407,36,1371
35180807,1034,25,1009
35180808,1054,17,1037
35180810,616,24,592
35180816,754,10,744
35180817,452,9,443
35180818,439,25,414
35180819,459,34,425
35180820,753,26,727
35180821,864,7,857
35180822,474,0,474
35180823,975,11,964
35180825,1499,25,1474
35180827,870,0,870
35180830,2222,28,2194
35180831,2934,58,2876
35180832,717,46,671
35180833,697,6,691
35180834,1396,45,1351
35180835,689,7,682
35180836,629,8,621
35180837,541,0,541
35180840,785,0,785
35180841,2336,33,2303
35180842,763,8,755
35180843,620,1,619
35180844,651,0,651
35180845,494,20,474
35180846,337,0,337
35180847,544,75,469
35180848,513,16,497
35180849,520,23,497
35180850,651,8,643
35180851,558,17,541
35180852,591,11,580
35180853,428,17,411
35180855,406,15,391
35180856,394,0,394
35180857,418,16,402
35180858,427,40,387
35180859,539,13,526
35180860,506,17,489
35180861,493,31,462
35180862,568,39,529
35180863,479,16,463
35180864,773,15,758
35180865,538,6,532
35180866,476,2,474
35180867,478,11,467
35180868,539,16,523
35180869,472,1,471
35180870,532,2,530
35180871,503,7,496
35180872,465,14,451
35180873,574,2,572
35180874,469,1,468
35180875,771,1,770
35180876,475,27,448
35180877,533,0,533
35180878,819,18,801
35180879,542,7,535
35180880,421,0,421
35180881,482,0,482
35180882,680,3,677
35180883,374,15,359
35180884,301,10,291
35180885,422,9,413
35180886,730,14,716
35180889,4133,25,4108
35180891,1410,20,1390
35180892,1721,11,1710
35180893,175,0,175
35180894,129,13,116
35180895,127,0,127
35180896,146,0,146
35180897,96,0,96
35180898,75,0,75
35180899,682,1,681
35180900,97,0,97
35180901,140,1,139
35180902,77,0,77
35180903,166,0,166
35180904,75,0,75
35180905,409,7,402
35180906,430,1,429
35180907,487,0,487
35180908,653,0,653
35180909,610,24,586
35180910,672,8,664
35180911,558,0,558
35180912,534,19,515
35180913,562,3,559
35180914,1185,4,1181
35180916,420,25,395
35180917,329,2,327
35180918,644,2,642
35180919,479,1,478
35180920,649,0,649
35180921,1165,0,1165
35180922,1516,13,1503
35180925,229,0,229
35180926,1616,0,1616
35180927,313,15,298
35180928,520,0,520
35180929,221,1,220
35180930,714,3,711
35180931,723,16,707
35180932,542,12,530
35180933,532,10,522
35180934,830,20,810
35180935,667,9,658
35180936,494,10,484
35180937,561,0,561
35180938,712,0,712
35180939,444,0,444
35180940,411,23,388
35180941,312,28,284
35180942,90,0,90
35180943,90,0,90
35180944,142,81,61
35180945,19,19,0
35180946,570,7,563
35180947,519,0,519
35180948,552,24,528
35180949,522,21,501
35180950,518,17,501
35180951,457,0,457
35180952,499,0,499
35180953,488,8,480
35180954,1395,19,1376
35180955,633,7,626
35180956,540,46,494
35180957,573,31,542
35180960,564,25,539
35180961,795,13,782
35180962,916,12,904
35180963,666,5,661
35180964,462,0,462
35180967,433,9,424
35180968,978,15,963
35180969,457,14,443
35180970,680,6,674
35180971,500,24,476
35180972,587,12,575
35180973,536,22,514
35180974,1329,4,1325
35180975,517,1,516
35180976,399,2,397
35180977,532,20,512
35180978,462,12,450
35180979,639,30,609
35180980,1998,43,1955
35180981,458,23,435
35180982,359,7,352
35180983,595,7,588
35180984,506,12,494
35180985,495,17,478
35180986,560,13,547
35180987,632,0,632
35180988,450,14,436
35180989,2805,73,2732
35180990,301,5,296
35180991,2030,39,1991
35180992,384,21,363
35180993,620,13,607
35180994,2292,19,2273
35180995,1139,5,1134
35180996,1063,15,1048
35180997,664,19,645
35180998,452,0,452
35181002,707,14,693
35181003,525,13,512
35181004,484,9,475
35181005,548,11,537
35181007,483,1,482
35181008,882,0,882
35181009,393,0,393
35181010,419,11,408
35181011,584,4,580
35181012,441,0,441
35181013,554,0,554
35181014,634,7,627
35181015,447,1,446
35181016,1747,16,1731
35181017,322,20,302
35181018,362,0,362
35181019,948,8,940
35181020,401,8,393
35181021,507,6,501
35181022,817,1,816
35181023,550,0,550
35181024,686,33,653
35181030,314,15,299
35181032,2718,69,2649
35181034,405,0,405
35181035,609,14,595
35181036,338,0,338
35181038,347,1,346
35181039,651,9,642
35181040,651,2,649
35181041,2912,18,2894
35181042,3500,13,3487
35181043,687,7,680
35181044,1204,16,1188
35181045,791,9,782
35181046,420,0,420
35181047,558,14,544
35181048,946,11,935
35181049,804,0,804
35181050,510,7,503
35181051,1597,10,1587
35181052,635,10,625
35181053,461,0,461
35181055,673,27,646
35181056,692,10,682
35181057,679,15,664
35181058,202,9,193
35181063,1318,2,1316
35181064,1055,16,1039
35181065,769,25,744
35181068,869,1,868
35181069,1009,11,998
35181070,1406,7,1399
35181071,1248,0,1248
35181072,953,1,952
35181073,1074,0,1074
35181074,0,0,0
35181075,791,3,788
35181076,2238,4,2234
35181077,1225,2,1223
35181078,3445,1,3444
35181079,2121,21,2100
35181080,5094,0,5094
35181081,1191,14,1177
35181082,1674,0,1674
35181083,1789,4,1785
35181084,982,3,979
35181085,512,1,511
35181089,389,2,387
35181091,889,19,870
35181092,636,18,618
35181093,835,4,831
35181094,934,12,922
35181095,2522,4,2518
35181097,288,9,279
35181099,884,9,875
35181100,571,46,525
35181101,1143,15,1128
35181102,1248,21,1227
35181103,1209,16,1193
35181104,351,0,351
35181105,570,7,563
35181106,354,31,323
35181107,1721,23,1698
35181108,616,7,609
35181109,862,2,860
35181110,987,32,955
35181111,967,40,927
35181112,532,33,499
35181113,557,2,555
35181114,882,7,875
35181115,760,13,747
35181116,688,4,684
35181117,735,8,727
35181118,2640,15,2625
35181119,1187,10,1177
35181120,1168,27,1141
35181121,972,30,942
35181122,758,9,749
35181123,1240,59,1181
35181124,727,8,719
35181125,619,10,609
35181126,1281,10,1271
35181127,388,1,387
35181128,390,0,390
35181129,1588,34,1554
35181130,1279,25,1254
35181131,3113,46,3067
35181132,1500,29,1471
35181133,1162,8,1154
35181134,1933,16,1917
35181135,1644,6,1638
35181136,1390,12,1378
35181137,1071,10,1061
35181138,1388,28,1360
35181139,788,4,784
35181140,899,8,891
35181141,857,0,857
35181142,622,13,609
35181143,478,19,459
35181144,570,23,547
35181145,514,0,514
35181146,954,3,951
35181147,1104,6,1098
35181148,790,36,754
35181149,1338,23,1315
35181150,344,0,344
35181151,692,1,691
35181152,3775,63,3712
35181153,451,1,450
35181154,979,32,947
35181155,543,25,518
35181156,942,36,906
35181157,526,1,525
35181158,408,0,408
35181159,949,8,941
35181160,729,4,725
35181161,409,2,407
35181162,573,0,573
35181163,704,0,704
35181164,804,20,784
35181165,806,41,765
35181166,416,25,391
35181167,499,22,477
35181168,908,11,897
35181169,421,6,415
35181170,393,0,393
35181171,1075,10,1065
35181172,616,4,612
35181173,475,17,458
35181175,521,2,519
35181177,312,8,304
35181178,6142,5,6137
35181180,3850,51,3799
35181181,867,8,859
35181182,324,3,321
35181183,708,9,699
35181185,380,34,346
35181188,271,20,251
35181189,1111,5,1106
35181190,355,12,343
35181191,505,6,499
35181192,716,16,700
35181193,319,0,319
35181194,1442,51,1391
35181195,799,5,794
35181196,375,13,362
35181197,558,1,557
35181198,660,0,660
35181199,1051,8,1043
35181200,3038,58,2980
35181201,586,20,566
35181202,436,12,424
35181203,620,16,604
35181204,644,9,635
35181205,2036,5,2031
35181206,876,13,863
35181207,2246,77,2169
35181208,437,4,433
35181209,763,1,762
35181210,715,13,702
35181211,485,1,484
35181212,573,4,569
35181213,570,0,570
35181214,453,0,453
35181215,532,9,523
35181216,640,40,600
35181217,547,13,534
35181218,1359,4,1355
35181219,401,14,387
35181220,896,32,864
35181221,470,5,465
35181222,548,7,541
35181223,753,0,753
35181224,828,51,777
35181225,559,0,559
35181226,472,6,466
35181227,396,15,381
35181228,739,17,722
35181229,626,0,626
35181230,492,0,492
35181231,755,0,755
35181232,816,0,816
35181233,631,17,614
35181234,192,0,192
35181235,140,0,140
35181236,230,4,226
35181237,72,0,72
35181238,390,11,379
35190001,269,216,53
35190002,899,84,815
35190003,333,3,330
35190004,716,12,704
35190005,455,16,439
35190006,542,24,518
35190009,657,15,642
35190011,393,8,385
35190012,525,8,517
35190013,679,34,645
35190015,673,32,641
35190016,242,0,242
35190017,328,13,315
35190018,2113,65,2048
35190019,529,28,501
35190020,328,15,313
35190021,465,36,429
35190022,592,4,588
35190026,1187,48,1139
35190027,584,10,574
35190028,484,26,458
35190029,1055,1,1054
35190030,497,4,493
35190031,545,19,526
35190032,451,40,411
35190033,346,0,346
35190034,492,10,482
35190035,303,1,302
35190036,874,80,794
35190037,477,0,477
35190039,0,0,0
35190040,0,0,0
35190041,771,7,764
35190042,605,5,600
35190043,895,42,853
35190044,830,7,823
35190045,1659,6,1653
35190046,2391,42,2349
35190047,446,13,433
35190048,678,19,659
35190049,524,15,509
35190050,606,9,597
35190051,547,15,532
35190052,2632,67,2565
35190053,486,3,483
35190054,654,16,638
35190055,557,11,546
35190056,865,8,857
35190057,480,24,456
35190058,555,11,544
35190059,327,19,308
35190061,347,10,337
35190062,535,19,516
35190065,4425,28,4397
35190066,450,0,450
35190067,900,9,891
35190068,584,22,562
35190069,535,1,534
35190070,352,9,343
35190071,2966,33,2933
35190072,1209,28,1181
35190073,506,6,500
35190074,710,17,693
35190075,498,0,498
35190076,881,39,842
35190077,523,3,520
35190078,471,1,470
35190079,1158,20,1138
35190080,497,3,494
35190081,576,39,537
35190082,420,0,420
35190083,600,9,591
35190084,727,2,725
35190085,741,22,719
35190086,230,0,230
35190087,354,19,335
35190088,1497,35,1462
35190089,407,8,399
35190090,551,11,540
35190091,379,8,371
35190092,406,4,402
35190093,558,12,546
35190094,752,6,746
35190095,347,7,340
35190096,376,9,367
35190097,621,17,604
35190098,693,25,668
35190099,3216,76,3140
35190100,425,8,417
35190102,448,1,447
35190103,923,8,915
35190104,450,1,449
35190105,636,11,625
35190106,627,23,604
35190107,742,14,728
35190108,611,32,579
35190109,371,0,371
35190110,472,38,434
35190111,761,6,755
35190112,369,2,367
35190113,467,0,467
35190114,1696,15,1681
35190115,1137,10,1127
35190117,605,10,595
35190118,533,0,533
35190119,780,9,771
35190120,388,2,386
35190121,1125,0,1125
35190122,691,1,690
35190123,558,7,551
35190124,480,0,480
35190125,220,4,216
35190126,448,4,444
35190127,649,0,649
35190128,567,13,554
35190129,736,12,724
35190130,436,0,436
35190131,645,1,644
35190132,490,1,489
35190133,399,24,375
35190136,482,4,478
35190137,621,7,614
35190138,454,24,430
35190139,260,0,260
35190140,446,0,446
35190141,372,7,365
35190142,390,0,390
35190143,557,2,555
35190144,572,11,561
35190145,707,18,689
35190146,388,0,388
35190147,2288,7,2281
35190148,366,0,366
35190149,512,0,512
35190150,354,3,351
35190151,453,15,438
35190152,519,5,514
35190153,1076,0,1076
35190154,842,33,809
35190155,559,0,559
35190157,781,20,761
35190158,944,10,934
35190159,384,1,383
35190160,524,28,496
35190161,600,0,600
35190162,1501,40,1461
35190163,530,5,525
35190164,618,1,617
35190165,398,6,392
35190166,588,4,584
35190167,643,0,643
35190168,642,15,627
35190170,448,7,441
35190175,4367,1,4366
35190176,691,2,689
35190177,346,0,346
35190178,458,0,458
35190179,454,0,454
35190180,854,2,852
35190181,548,5,543
35190182,1884,5,1879
35190183,869,5,864
35190184,1040,28,1012
35190186,1178,0,1178
35190187,305,0,305
35190188,800,0,800
35190189,649,0,649
35190192,6229,35,6194
35190195,583,0,583
35190196,756,0,756
35190197,451,0,451
35190199,441,1,440
35190200,504,11,493
35190202,533,0,533
35190205,333,3,330
35190207,1581,21,1560
35190208,984,2,982
35190209,403,5,398
35190210,755,4,751
35190211,1103,10,1093
35190212,1049,0,1049
35190213,430,0,430
35190214,644,0,644
35190215,298,0,298
35190216,455,0,455
35190217,412,2,410
35190218,956,0,956
35190219,270,0,270
35190220,587,14,573
35190221,569,0,569
35190222,888,0,888
35190223,395,0,395
35190224,599,0,599
35190225,431,10,421
35190226,275,0,275
35190227,549,0,549
35190228,541,0,541
35190229,508,0,508
35190230,849,0,849
35190235,533,0,533
35190236,2572,0,2572
35190237,241,0,241
35190238,363,0,363
35190239,639,0,639
35190240,426,0,426
35190241,535,0,535
35190242,520,0,520
35190243,766,4,762
35190244,293,0,293
35190245,332,0,332
35190246,340,0,340
35190247,611,0,611
35190248,570,3,567
35190252,866,0,866
35190253,345,1,344
35190254,936,4,932
35190255,371,0,371
35190256,653,1,652
35190257,2191,9,2182
35190258,326,0,326
35190259,1200,16,1184
35190260,1751,8,1743
35190261,2506,17,2489
35190262,707,0,707
35190263,2837,11,2826
35190264,717,0,717
35190265,498,0,498
35190266,942,0,942
35190267,297,0,297
35190268,250,0,250
35190269,256,0,256
35190270,970,1,969
35190271,366,0,366
35190272,543,0,543
35190273,585,1,584
35190274,632,1,631
35190275,475,0,475
35190276,632,0,632
35190277,473,1,472
35190278,429,1,428
35190279,637,2,635
35190280,735,0,735
35190281,406,1,405
35190282,5957,2,5955
35190283,1335,0,1335
35190284,405,0,405
35190285,621,0,621
35190286,817,0,817
35190287,261,1,260
35190288,1456,3,1453
35190289,825,1,824
35190290,1098,0,1098
35190291,787,0,787
35190292,320,0,320
35190293,521,0,521
35190294,559,5,554
35190295,363,0,363
35190296,953,5,948
35190297,1041,1,1040
35190300,492,5,487
35190301,867,1,866
35190302,445,0,445
35190303,455,2,453
35190304,731,1,730
35190305,641,1,640
35190306,550,5,545
35190307,1210,1,1209
35190308,1676,5,1671
35190309,444,0,444
35190310,290,0,290
35190311,859,0,859
35190312,1042,10,1032
35190313,331,1,330
35190316,450,0,450
35190317,469,0,469
35190318,840,0,840
35190320,1981,1,1980
35190326,471,0,471
35190327,256,0,256
35190328,237,0,237
35190329,1070,11,1059
35190332,1594,25,1569
35190334,857,0,857
35190336,685,5,680
35190337,1460,8,1452
35190338,1469,0,1469
35190339,375,0,375
35190340,492,1,491
35190341,964,0,964
35190342,1258,0,1258
35190343,228,0,228
35190344,731,0,731
35190345,559,0,559
35190346,502,0,502
35190347,546,0,546
35190348,349,0,349
35190349,345,0,345
35190350,478,0,478
35190351,247,0,247
35190352,908,20,888
35190353,738,0,738
35190354,377,0,377
35190355,520,0,520
35190356,733,0,733
35190357,499,0,499
35190358,553,10,543
35190359,353,0,353
35190360,711,1,710
35190364,808,2,806
35190365,252,0,252
35190366,2059,1,2058
35190367,409,11,398
35190370,376,2,374
35190371,509,1,508
35190372,531,2,529
35190373,469,0,469
35190374,4018,0,4018
35190375,454,5,449
35190376,915,11,904
35190377,602,0,602
35190378,546,0,546
35190379,543,0,543
35190380,534,1,533
35190381,282,0,282
35190382,764,0,764
35190383,294,0,294
35190384,490,1,489
35190385,1212,6,1206
35190389,701,0,701
35190390,922,12,910
35190391,384,0,384
35190392,571,5,566
35190393,758,9,749
35190394,315,1,314
35190395,464,1,463
35190396,564,0,564
35190397,1701,2,1699
35190398,356,0,356
35190401,238,0,238
35190403,402,0,402
35190404,338,0,338
35190405,696,0,696
35190406,464,0,464
35190407,494,10,484
35190408,543,0,543
35190409,561,2,559
35190410,1019,15,1004
35190411,305,0,305
35190412,345,0,345
35190413,637,0,637
35190414,574,0,574
35190415,1004,0,1004
35190416,316,0,316
35190417,476,0,476
35190418,452,0,452
35190419,303,0,303
35190420,1142,0,1142
35190421,335,0,335
35190422,335,0,335
35190423,897,2,895
35190424,589,0,589
35190425,453,0,453
35190426,611,0,611
35190427,411,0,411
35190428,973,19,954
35190429,366,0,366
35190430,441,0,441
35190431,396,0,396
35190432,531,0,531
35190433,6958,0,6958
35190434,2014,9,2005
35190435,337,0,337
35190436,348,0,348
35190437,273,0,273
35190438,427,0,427
35190439,516,0,516
35190440,424,0,424
35190441,402,0,402
35190442,480,0,480
35190443,1509,0,1509
35190444,1964,0,1964
35190445,938,0,938
35190446,429,0,429
35190447,415,0,415
35190448,1075,0,1075
35190453,741,23,718
35190454,334,0,334
35190455,599,0,599
35190457,389,1,388
35190458,917,1,916
35190459,1531,0,1531
35190460,553,0,553
35190463,1060,11,1049
35190464,502,0,502
35190465,379,0,379
35190466,1265,2,1263
35190467,775,0,775
35190468,292,1,291
35190469,412,0,412
35190470,580,1,579
35190471,580,0,580
35190472,385,0,385
35190473,678,0,678
35190474,548,2,546
35190475,827,0,827
35190476,514,1,513
35190477,644,0,644
35190480,279,1,278
35190481,283,0,283
35190482,291,9,282
35190483,383,0,383
35190484,1551,9,1542
35190485,303,0,303
35190486,1366,6,1360
35190487,610,0,610
35190488,618,0,618
35190489,464,5,459
35190490,502,0,502
35190491,337,8,329
35190492,863,2,861
35190493,1042,0,1042
35190494,359,20,339
35190495,1554,0,1554
35190496,395,9,386
35190497,440,18,422
35190498,519,0,519
35190499,475,0,475
35190500,712,18,694
35190501,553,0,553
35190502,325,0,325
35190503,636,5,631
35190504,762,8,754
35190505,550,5,545
35190506,744,0,744
35190507,672,1,671
35190508,1164,8,1156
35190511,957,0,957
35190512,553,16,537
35190513,601,0,601
35190514,337,0,337
35190515,2492,0,2492
35190516,837,0,837
35190517,1173,0,1173
35190518,1067,0,1067
35190519,285,0,285
35190520,667,0,667
35190521,930,3,927
35190522,676,7,669
35190525,476,7,469
35190526,454,0,454
35190527,633,0,633
35190528,484,7,477
35190529,633,1,632
35190530,501,1,500
35190531,436,1,435
35190532,508,2,506
35190533,515,0,515
35190534,445,0,445
35190537,726,0,726
35190538,384,0,384
35190539,227,0,227
35190540,930,0,930
35190541,252,0,252
35190542,391,0,391
35190543,306,0,306
35190544,498,0,498
35190545,465,0,465
35190546,459,0,459
35190547,589,0,589
35190548,533,0,533
35190549,498,0,498
35190550,850,0,850
35190551,563,1,562
35190552,295,0,295
35190553,697,0,697
35190554,839,3,836
35190558,966,0,966
35190559,545,0,545
35190561,660,9,651
35190562,396,1,395
35190563,598,0,598
35190564,715,0,715
35190565,886,0,886
35190566,446,0,446
35190567,319,1,318
35190568,345,0,345
35190569,382,0,382
35190570,436,0,436
35190571,691,1,690
35190572,732,0,732
35190573,371,0,371
35190575,489,0,489
35190576,405,0,405
35190577,553,1,552
35190578,595,0,595
35190581,481,1,480
35190583,361,0,361
35190584,431,0,431
35190585,1286,0,1286
35190586,583,0,583
35190587,840,0,840
35190588,507,0,507
35190589,487,6,481
35190590,1180,0,1180
35190591,727,0,727
35190592,586,0,586
35190593,241,8,233
35190594,354,1,353
35190595,562,0,562
35190596,582,0,582
35190598,1412,0,1412
35190599,715,0,715
35190600,885,0,885
35190601,250,1,249
35190602,339,0,339
35190603,303,0,303
35190604,610,3,607
35190605,590,0,590
35190606,283,0,283
35190607,1215,17,1198
35190608,309,0,309
35190609,1299,0,1299
35190610,409,1,408
35190611,663,0,663
35190612,609,0,609
35190613,354,0,354
35190614,605,0,605
35190615,480,0,480
35190616,806,0,806
35190617,562,0,562
35190619,356,0,356
35190620,1026,0,1026
35190621,1106,0,1106
35190622,590,0,590
35190623,582,31,551
35190624,463,19,444
35190625,504,0,504
35190626,785,0,785
35190627,1048,4,1044
35190628,669,0,669
35190629,545,9,536
35190630,8458,12,8446
35190631,850,0,850
35190632,975,0,975
35190633,954,0,954
35190634,546,3,543
35190635,350,3,347
35190636,7163,12,7151
35190637,384,0,384
35190639,309,0,309
35190640,1836,0,1836
35190641,1604,0,1604
35190642,895,0,895
35190643,929,0,929
35190644,383,0,383
35190645,303,0,303
35190646,1651,0,1651
35190647,230,0,230
35190648,1357,1,1356
35190649,459,0,459
35190650,1800,11,1789
35190651,490,0,490
35190652,428,0,428
35190654,756,0,756
35190656,841,0,841
35190657,681,0,681
35190658,943,0,943
35190659,990,0,990
35190660,253,0,253
35190661,371,9,362
35190663,313,1,312
35190664,339,1,338
35190665,526,4,522
35190666,878,0,878
35190667,596,13,583
35190668,586,0,586
35190669,562,0,562
35190670,516,0,516
35190671,967,8,959
35190672,547,1,546
35190673,621,0,621
35190674,317,0,317
35190675,1642,0,1642
35190676,1797,0,1797
35190680,550,1,549
35190681,439,1,438
35190683,628,0,628
35190684,441,0,441
35190685,863,0,863
35190686,884,1,883
35190687,362,2,360
35190688,589,0,589
35190689,420,0,420
35190690,798,0,798
35190691,688,3,685
35190692,633,0,633
35190693,987,0,987
35190694,559,0,559
35190695,542,1,541
35190696,770,0,770
35190697,746,20,726
35190698,7002,11,6991
35190700,8019,30,7989
35190702,1939,0,1939
35190703,908,1,907
35190704,3474,3,3471
35190705,463,4,459
35190706,587,0,587
35190707,495,0,495
35190708,331,2,329
35190709,333,2,331
35190710,620,0,620
35190711,595,2,593
35190712,536,0,536
35190713,571,2,569
35190714,467,0,467
35190715,347,5,342
35190716,874,5,869
35190717,415,0,415
35190718,622,1,621
35190720,753,1,752
35190721,396,2,394
35190722,640,4,636
35190723,355,1,354
35190724,651,0,651
35190725,397,0,397
35190726,550,7,543
35190727,624,0,624
35190728,572,9,563
35190729,414,2,412
35190730,391,10,381
35190731,555,3,552
35190732,1056,12,1044
35190733,596,0,596
35190734,806,1,805
35190735,848,0,848
35190736,688,3,685
35190737,252,0,252
35190738,211,0,211
35190739,837,0,837
35190740,838,0,838
35190741,1053,0,1053
35190742,321,0,321
35190743,655,6,649
35190744,378,0,378
35190746,328,0,328
35190747,3414,0,3414
35190748,679,0,679
35190749,1178,0,1178
35190750,329,0,329
35190751,439,0,439
35190752,825,0,825
35190753,498,0,498
35190754,288,0,288
35190756,1195,0,1195
35190759,801,0,801
35190761,1005,0,1005
35190762,335,0,335
35190763,912,1,911
35190767,568,0,568
35190768,449,0,449
35190769,810,3,807
35190771,1321,2,1319
35190772,1821,8,1813
35190773,517,0,517
35190776,472,3,469
35190777,2719,0,2719
35190778,2467,0,2467
35190779,800,7,793
35190780,2965,27,2938
35190782,448,4,444
35190783,1641,1,1640
35190784,359,0,359
35190785,455,2,453
35190786,425,1,424
35190787,1628,1,1627
35190788,504,1,503
35190789,818,1,817
35190790,367,0,367
35190791,618,1,617
35190792,1000,3,997
35190795,800,0,800
35190796,390,0,390
35190797,1140,0,1140
35190798,492,0,492
35190800,708,38,670
35190801,767,0,767
35190802,334,0,334
35190803,503,0,503
35190804,1132,0,1132
35190805,672,0,672
35190807,256,0,256
35190809,1048,0,1048
35190810,258,1,257
35190811,783,2,781
35190812,316,1,315
35190813,1181,12,1169
35190814,884,2,882
35190816,524,8,516
35190817,525,3,522
35190818,664,0,664
35190821,14442,34,14408
35190822,561,2,559
35190824,2194,0,2194
35190825,669,0,669
35190826,570,0,570
35190827,449,0,449
35190828,614,0,614
35190829,477,0,477
35190830,427,2,425
35190831,440,0,440
35190832,515,6,509
35190833,573,3,570
35190834,500,0,500
35190835,1170,0,1170
35190836,1570,4,1566
35190837,610,0,610
35190838,505,2,503
35190839,792,0,792
35190840,311,0,311
35190841,1217,5,1212
35190842,568,0,568
35190844,315,3,312
35190846,1850,15,1835
35190847,429,1,428
35190848,507,0,507
35190849,552,0,552
35190850,251,0,251
35190851,444,0,444
35190852,256,0,256
35190853,1891,8,1883
35190854,448,2,446
35190855,437,0,437
35190856,425,11,414
35190857,419,0,419
35190858,395,0,395
35190859,995,0,995
35190860,424,0,424
35190861,480,2,478
35190862,732,2,730
35190864,613,3,610
35190866,481,0,481
35190867,409,0,409
35190869,1336,0,1336
35190870,1873,4,1869
35190871,876,7,869
35190872,1845,1,1844
35190874,470,0,470
35190875,633,12,621
35190876,611,9,602
35190877,480,4,476
35190878,448,0,448
35190880,694,11,683
35190881,585,12,573
35190882,442,1,441
35190883,1001,12,989
35190884,401,0,401
35190885,415,19,396
35190886,921,1,920
35190887,378,21,357
35190888,414,4,410
35190889,507,2,505
35190890,556,8,548
35190891,635,0,635
35190892,872,16,856
35190893,531,0,531
35190894,536,10,526
35190895,412,15,397
35190896,425,11,414
35190897,408,3,405
35190898,433,6,427
35190899,419,22,397
35190900,447,4,443
35190901,396,14,382
35190902,699,22,677
35190905,582,14,568
35190906,517,17,500
35190907,487,3,484
35190908,568,15,553
35190910,415,20,395
35190911,216,3,213
35190912,425,0,425
35190913,514,31,483
35190914,504,32,472
35190915,571,2,569
35190916,784,43,741
35190917,354,12,342
35190918,367,0,367
35190919,616,17,599
35190920,457,4,453
35190921,327,0,327
35190922,459,2,457
35190923,509,6,503
35190924,486,4,482
35190925,271,20,251
35190926,465,4,461
35190927,477,2,475
35190928,570,7,563
35190929,377,2,375
35190930,583,0,583
35190931,2240,84,2156
35190932,552,15,537
35190933,469,13,456
35190934,6470,10,6460
35190935,1218,19,1199
35190936,380,15,365
35190937,555,8,547
35190938,589,0,589
35190939,529,45,484
35190940,652,17,635
35190941,408,10,398
35190942,571,1,570
35190943,4009,55,3954
35190944,415,0,415
35190946,546,9,537
35190947,664,0,664
35190948,985,15,970
35190949,519,9,510
35190950,600,33,567
35190951,598,1,597
35190952,424,0,424
35190953,972,40,932
35190954,436,0,436
35190955,560,29,531
35190956,572,0,572
35190957,930,8,922
35190958,683,7,676
35190959,748,6,742
35190960,664,9,655
35190961,595,3,592
35190962,587,33,554
35190963,699,4,695
35190964,611,2,609
35190965,639,8,631
35190966,3128,29,3099
35190967,597,4,593
35190968,458,10,448
35190969,635,1,634
35190970,2257,25,2232
35190971,615,1,614
35190972,473,5,468
35190973,632,5,627
35190974,420,3,417
35190976,500,3,497
35190977,640,1,639
35190979,507,1,506
35190980,525,19,506
35190981,350,10,340
35190982,6211,14,6197
35190983,553,0,553
35190985,425,0,425
35190986,1021,1,1020
35190987,778,0,778
35190988,589,9,580
35190989,447,8,439
35190995,303,7,296
35190996,1000,2,998
35190997,1043,10,1033
35190998,440,4,436
35190999,509,6,503
35191000,509,7,502
35191001,539,6,533
35191002,1883,12,1871
35191003,1155,10,1145
35191004,386,1,385
35191006,550,0,550
35191007,360,0,360
35191010,734,14,720
35191011,765,1,764
35191012,272,0,272
35191013,1129,4,1125
35191014,709,4,705
35191015,2072,0,2072
35191016,1787,5,1782
35191017,4020,0,4020
35191018,2269,11,2258
35191019,1806,20,1786
35191020,1712,0,1712
35191021,3839,0,3839
35191022,1505,0,1505
35191023,1064,0,1064
35191024,1415,2,1413
35191026,1115,30,1085
35191027,1196,1,1195
35191031,5175,70,5105
35191032,2570,0,2570
35191033,1128,5,1123
35191035,1007,0,1007
35191037,6556,28,6528
35191038,7549,7,7542
35191039,4035,0,4035
35191040,6734,0,6734
35191041,360,0,360
35191042,554,0,554
35191043,325,1,324
35191044,1601,2,1599
35191045,1276,4,1272
35191046,0,0,0
35191047,1424,21,1403
35191049,1165,34,1131
35191050,1210,30,1180
35191051,494,13,481
35191052,1173,0,1173
35191053,1051,20,1031
35191054,430,2,428
35191055,543,0,543
35191056,829,1,828
35191057,937,9,928
35191058,473,1,472
35191059,436,0,436
35191060,451,0,451
35191061,1041,3,1038
35191062,895,0,895
35191063,1149,1,1148
35191064,624,13,611
35191066,265,4,261
35191067,408,1,407
35191068,985,0,985
35191069,366,1,365
35191070,356,0,356
35191071,756,5,751
35191072,517,0,517
35191073,265,3,262
35191074,738,0,738
35191075,646,7,639
35191077,1483,0,1483
35191078,424,0,424
35191079,1409,0,1409
35191080,1425,10,1415
35191081,365,0,365
35191082,764,0,764
35191083,1104,0,1104
35191084,594,0,594
35191085,326,0,326
35191086,446,0,446
35191087,1073,19,1054
35191088,388,22,366
35191089,4393,11,4382
35191090,1476,4,1472
35191091,320,0,320
35191093,574,14,560
35191095,1329,42,1287
35191096,710,1,709
35191097,1164,2,1162
35191098,467,0,467
35191099,988,10,978
35191100,585,0,585
35191101,386,1,385
35191102,2127,10,2117
35191103,691,0,691
35191104,1257,0,1257
35191105,636,0,636
35191106,2723,9,2714
35191107,458,0,458
35191108,402,0,402
35191109,707,0,707
35191110,771,0,771
35191111,427,0,427
35191112,518,0,518
35191113,645,0,645
35191114,546,16,530
35191115,996,0,996
35191116,2781,7,2774
35191117,412,0,412
35191118,1598,6,1592
35191119,1374,14,1360
35191120,561,1,560
35191121,491,0,491
35191123,1228,0,1228
35191124,1132,0,1132
35191125,1098,0,1098
35191126,665,4,661
35191127,648,0,648
35191128,688,0,688
35191129,485,0,485
35191130,585,1,584
35191131,835,4,831
35191132,827,0,827
35191133,818,14,804
35191134,1013,10,1003
35191135,1720,14,1706
35191136,4547,8,4539
35191137,569,0,569
35191138,517,0,517
35191139,558,0,558
35191140,553,0,553
35191141,1116,1,1115
35191142,425,0,425
35191143,369,0,369
35191144,1677,8,1669
35191145,929,0,929
35191146,471,19,452
35191147,416,9,407
35191148,495,14,481
35191149,640,15,625
35191150,446,5,441
35191151,530,15,515
35191152,459,25,434
35191153,719,1,718
35191154,613,1,612
35191155,639,0,639
35191156,487,2,485
35191157,569,4,565
35191158,583,1,582
35191159,601,11,590
35191160,473,5,468
35191161,489,0,489
35191162,510,0,510
35191163,1244,10,1234
35191164,859,9,850
35191165,637,22,615
35191166,493,0,493
35191168,1208,8,1200
35191169,1809,7,1802
35191171,237,0,237
35191174,1932,0,1932
35191175,2149,0,2149
35191176,3121,0,3121
35191177,603,2,601
35191178,610,2,608
35191179,532,0,532
35191180,9404,10,9394
35191181,740,0,740
35191182,624,2,622
35191183,727,0,727
35191184,4157,0,4157
35191185,1528,0,1528
35191186,670,0,670
35191187,725,0,725
35191188,741,0,741
35191189,674,0,674
35191190,1240,0,1240
35191191,676,0,676
35191192,4437,11,4426
35191193,1155,4,1151
35191194,563,3,560
35191195,602,0,602
35191196,667,0,667
35191197,624,0,624
35191198,1829,0,1829
35191199,1452,1,1451
35191200,6268,6,6262
35191201,726,0,726
35191202,639,0,639
35191203,594,0,594
35191204,3226,12,3214
35191205,424,0,424
35191206,516,0,516
35191207,489,0,489
35191208,461,0,461
35191209,312,5,307
35191211,9567,40,9527
35191212,3284,0,3284
35191213,1147,0,1147
35191214,516,0,516
35191215,477,0,477
35191216,615,0,615
35191217,530,0,530
35191218,817,1,816
35191219,862,0,862
35191220,658,1,657
35191221,491,1,490
35191222,391,2,389
35191223,417,0,417
35191225,371,0,371
35191226,446,0,446
35191227,466,0,466
35191228,684,0,684
35191229,434,0,434
35191230,409,0,409
35191231,475,0,475
35191232,393,0,393
35191233,438,0,438
35191234,548,0,548
35191235,2532,15,2517
35191237,407,9,398
35191239,745,2,743
35191240,908,0,908
35191241,906,14,892
35191242,762,1,761
35191243,928,0,928
35191246,926,0,926
35191250,769,6,763
35191252,621,0,621
35191253,677,0,677
35191254,1119,2,1117
35191255,1018,0,1018
35191256,715,0,715
35191257,1334,21,1313
35191258,639,0,639
35191259,581,0,581
35191260,493,0,493
35191261,782,0,782
35191262,690,0,690
35191263,571,3,568
35191264,515,1,514
35191266,474,0,474
35191267,2102,0,2102
35191268,275,0,275
35191269,229,0,229
35191270,887,0,887
35191271,1112,0,1112
35191272,953,2,951
35191273,1185,17,1168
35191275,418,0,418
35191276,1625,7,1618
35191279,1724,3,1721
35191280,7281,2,7279
35191281,10138,15,10123
35191282,5932,0,5932
35191283,265,1,264
35191284,266,0,266
35191285,535,1,534
35191286,436,5,431
35191287,6188,25,6163
35191288,7663,9,7654
35191289,11501,6,11495
35191290,9124,8,9116
35191292,10059,50,10009
35191293,5375,45,5330
35191294,2130,25,2105
35191295,10806,30,10776
35191296,2511,5,2506
35191297,5181,21,5160
35191298,3526,0,3526
35191299,5575,58,5517
35191300,4690,58,4632
35191301,576,1,575
35191302,7658,5,7653
35191303,3691,0,3691
35191304,10156,5,10151
35191305,1533,1,1532
35191307,6178,73,6105
35191308,12788,35,12753
35191309,2250,0,2250
35191310,3668,5,3663
35191311,2682,0,2682
35191312,1586,0,1586
35191313,1056,0,1056
35191314,1660,0,1660
35191315,1060,4,1056
35191316,1041,0,1041
35191317,669,0,669
35191318,539,1,538
35191319,1089,14,1075
35191320,778,0,778
35191321,934,0,934
35191322,1716,0,1716
35191323,1067,3,1064
35191324,983,1,982
35191325,1134,0,1134
35191326,1004,0,1004
35191328,18,5,13
35191329,6514,8,6506
35191330,533,0,533
35191331,578,0,578
35191332,404,0,404
35191333,1096,2,1094
35191334,308,1,307
35191339,5766,12,5754
35191340,3355,25,3330
35191341,1270,9,1261
35191343,757,18,739
35191344,767,0,767
35191346,851,28,823
35191347,109,0,109
35191348,430,0,430
35191349,145,0,145
35191350,1320,7,1313
35191351,1467,10,1457
35191352,2215,2,2213
35191353,97,0,97
35191354,215,6,209
35191355,1940,0,1940
35191356,6815,46,6769
35191357,4298,43,4255
35191358,586,0,586
35191359,5127,34,5093
35191360,463,0,463
35191361,1297,26,1271
35191362,212,7,205
35191363,7528,35,7493
35191364,3293,4,3289
35191365,2895,0,2895
35200002,371,0,371
35200003,349,0,349
35200004,401,0,401
35200005,420,1,419
35200006,572,2,570
35200007,704,0,704
35200009,317,0,317
35200010,312,0,312
35200012,548,0,548
35200013,74,0,74
35200018,530,61,469
35200028,1220,9,1211
35200029,401,23,378
35200030,534,0,534
35200031,1206,14,1192
35200032,731,0,731
35200033,521,2,519
35200034,862,1,861
35200035,729,1,728
35200036,287,0,287
35200037,1365,3,1362
35200039,314,2,312
35200041,972,3,969
35200042,680,0,680
35200043,623,0,623
35200044,264,1,263
35200046,826,0,826
35200047,1158,12,1146
35200048,1083,0,1083
35200049,848,0,848
35200050,1105,10,1095
35200051,488,0,488
35200052,407,0,407
35200053,322,0,322
35200054,381,0,381
35200055,483,0,483
35200056,314,1,313
35200057,260,0,260
35200058,286,18,268
35200062,831,15,816
35200064,711,0,711
35200065,435,0,435
35200066,525,0,525
35200067,672,0,672
35200068,544,0,544
35200069,728,0,728
35200070,593,0,593
35200071,458,0,458
35200072,384,0,384
35200073,414,1,413
35200074,392,0,392
35200078,820,0,820
35200079,1357,0,1357
35200080,506,2,504
35200082,375,0,375
35200085,388,0,388
35200086,572,0,572
35200087,672,10,662
35200088,515,0,515
35200089,635,2,633
35200090,619,0,619
35200091,564,0,564
35200092,819,8,811
35200093,646,0,646
35200094,382,0,382
35200095,579,0,579
35200096,238,0,238
35200097,285,0,285
35200099,281,0,281
35200100,396,0,396
35200101,1191,9,1182
35200102,924,0,924
35200103,282,0,282
35200104,1134,0,1134
35200105,1361,1,1360
35200106,1485,1,1484
35200107,239,0,239
35200108,538,0,538
35200109,561,0,561
35200110,660,0,660
35200111,553,0,553
35200112,1038,2,1036
35200114,1161,2,1159
35200115,919,0,919
35200116,569,0,569
35200117,945,3,942
35200118,643,2,641
35200119,324,2,322
35200120,818,0,818
35200121,548,0,548
35200123,1074,0,1074
35200124,898,3,895
35200125,687,0,687
35200126,545,0,545
35200127,881,0,881
35200128,765,0,765
35200133,1245,0,1245
35200134,773,0,773
35200135,520,0,520
35200136,498,0,498
35200137,648,9,639
35200138,293,0,293
35200139,398,0,398
35200140,421,0,421
35200141,606,0,606
35200142,475,0,475
35200143,838,0,838
35200144,642,0,642
35200145,552,0,552
35200146,577,21,556
35200147,527,4,523
35200148,440,2,438
35200149,400,1,399
35200150,1429,4,1425
35200161,722,0,722
35200162,754,14,740
35200163,733,0,733
35200164,239,0,239
35200165,550,0,550
35200166,949,1,948
35200167,1415,0,1415
35200173,429,0,429
35200174,669,0,669
35200175,724,0,724
35200176,427,0,427
35200177,442,1,441
35200178,586,4,582
35200179,319,0,319
35200180,646,0,646
35200181,366,0,366
35200182,419,0,419
35200183,569,0,569
35200186,678,0,678
35200187,517,21,496
35200188,941,3,938
35200189,508,0,508
35200190,417,0,417
35200193,421,0,421
35200196,555,0,555
35200197,418,0,418
35200198,490,1,489
35200199,748,1,747
35200200,545,0,545
35200201,608,10,598
35200202,590,1,589
35200203,630,0,630
35200204,714,1,713
35200205,522,10,512
35200206,522,1,521
35200207,255,3,252
35200208,488,0,488
35200209,449,1,448
35200210,568,1,567
35200211,468,1,467
35200212,448,2,446
35200213,599,0,599
35200214,665,0,665
35200215,405,0,405
35200216,774,0,774
35200217,426,0,426
35200218,662,0,662
35200219,508,0,508
35200220,459,7,452
35200221,5081,2,5079
35200222,879,0,879
35200223,438,1,437
35200224,831,0,831
35200232,702,17,685
35200233,422,6,416
35200234,502,1,501
35200235,417,0,417
35200236,403,1,402
35200237,383,1,382
35200238,368,1,367
35200239,310,2,308
35200242,452,0,452
35200243,435,1,434
35200244,413,8,405
35200245,769,7,762
35200246,430,0,430
35200249,509,1,508
35200250,460,9,451
35200251,289,1,288
35200252,577,1,576
35200253,730,4,726
35200254,851,0,851
35200255,583,1,582
35200256,678,12,666
35200260,471,0,471
35200261,577,0,577
35200262,556,0,556
35200263,351,1,350
35200264,530,17,513
35200265,506,8,498
35200266,621,2,619
35200267,1199,0,1199
35200268,592,10,582
35200269,736,1,735
35200271,1862,12,1850
35200272,2864,1,2863
35200273,3530,14,3516
35200275,465,13,452
35200278,399,2,397
35200279,583,0,583
35200280,1046,3,1043
35200281,561,0,561
35200284,984,5,979
35200288,464,9,455
35200289,667,3,664
35200290,561,3,558
35200291,630,2,628
35200292,1009,2,1007
35200293,2111,14,2097
35200294,510,1,509
35200297,406,2,404
35200298,1148,8,1140
35200300,1357,13,1344
35200301,450,0,450
35200302,974,0,974
35200303,295,0,295
35200304,743,1,742
35200305,702,1,701
35200306,680,0,680
35200307,319,0,319
35200308,596,0,596
35200309,751,0,751
35200310,639,1,638
35200313,27,1,26
35200315,1083,1,1082
35200316,1623,1,1622
35200317,504,0,504
35200318,425,0,425
35200319,517,0,517
35200320,1007,26,981
35200321,776,0,776
35200322,408,0,408
35200323,1231,2,1229
35200324,915,0,915
35200325,329,0,329
35200326,628,1,627
35200327,325,0,325
35200328,392,0,392
35200329,385,1,384
35200330,475,1,474
35200331,417,0,417
35200332,528,3,525
35200333,471,1,470
35200334,475,1,474
35200335,499,1,498
35200336,490,0,490
35200337,524,0,524
35200338,488,0,488
35200339,867,42,825
35200352,1607,0,1607
35200355,587,5,582
35200357,535,0,535
35200358,604,0,604
35200359,529,3,526
35200360,506,0,506
35200361,399,0,399
35200362,578,0,578
35200363,567,0,567
35200364,1702,16,1686
35200366,724,5,719
35200368,353,1,352
35200370,555,0,555
35200371,644,0,644
35200372,426,0,426
35200373,339,1,338
35200374,647,0,647
35200375,354,0,354
35200376,581,1,580
35200377,578,0,578
35200378,316,0,316
35200379,586,1,585
35200380,626,1,625
35200381,1157,5,1152
35200382,987,3,984
35200383,621,0,621
35200384,565,1,564
35200385,360,0,360
35200386,886,0,886
35200387,478,0,478
35200388,818,1,817
35200389,975,0,975
35200391,454,12,442
35200392,385,0,385
35200393,996,0,996
35200394,630,0,630
35200395,493,2,491
35200396,476,0,476
35200397,1012,5,1007
35200400,306,0,306
35200401,460,10,450
35200402,471,1,470
35200404,599,1,598
35200405,490,0,490
35200406,398,2,396
35200407,432,0,432
35200408,540,10,530
35200409,368,0,368
35200410,1110,18,1092
35200411,815,21,794
35200412,1835,13,1822
35200413,847,1,846
35200414,1340,27,1313
35200415,528,7,521
35200416,523,1,522
35200417,1212,31,1181
35200418,1149,0,1149
35200420,834,4,830
35200421,354,5,349
35200422,580,1,579
35200423,626,0,626
35200426,518,4,514
35200427,546,1,545
35200428,518,8,510
35200429,553,22,531
35200430,670,11,659
35200431,671,2,669
35200432,401,4,397
35200433,449,0,449
35200434,474,2,472
35200435,433,1,432
35200436,675,5,670
35200437,429,1,428
35200438,601,9,592
35200439,403,1,402
35200440,518,1,517
35200442,567,0,567
35200443,552,14,538
35200444,377,0,377
35200445,421,1,420
35200449,519,7,512
35200450,463,2,461
35200451,384,1,383
35200452,671,30,641
35200453,715,1,714
35200454,790,2,788
35200455,443,2,441
35200456,903,29,874
35200459,361,15,346
35200460,570,11,559
35200463,594,7,587
35200464,710,19,691
35200465,712,0,712
35200466,535,0,535
35200467,607,2,605
35200468,607,14,593
35200469,513,0,513
35200470,623,12,611
35200471,1540,23,1517
35200472,672,0,672
35200475,581,1,580
35200478,523,14,509
35200479,582,4,578
35200480,432,2,430
35200481,437,1,436
35200482,450,3,447
35200483,493,12,481
35200484,826,21,805
35200488,440,0,440
35200489,392,9,383
35200490,370,10,360
35200491,517,20,497
35200492,312,0,312
35200493,333,1,332
35200494,414,1,413
35200495,514,9,505
35200497,1024,14,1010
35200498,548,22,526
35200499,1002,16,986
35200505,466,20,446
35200506,415,8,407
35200510,439,15,424
35200511,479,10,469
35200512,426,3,423
35200513,430,2,428
35200514,502,25,477
35200515,506,5,501
35200516,485,12,473
35200517,562,19,543
35200518,541,2,539
35200519,444,4,440
35200520,605,3,602
35200521,628,17,611
35200522,613,14,599
35200523,607,0,607
35200524,535,8,527
35200525,444,0,444
35200529,690,0,690
35200531,734,43,691
35200532,478,1,477
35200533,280,0,280
35200534,548,1,547
35200535,464,42,422
35200536,1121,24,1097
35200538,2414,29,2385
35200539,1074,1,1073
35200540,618,0,618
35200541,1285,0,1285
35200542,558,0,558
35200545,8,1,7
35200561,843,13,830
35200562,564,7,557
35200563,516,2,514
35200564,626,11,615
35200565,556,1,555
35200566,571,0,571
35200567,618,7,611
35200568,499,13,486
35200569,621,0,621
35200570,503,0,503
35200571,605,11,594
35200572,613,0,613
35200573,546,0,546
35200574,439,0,439
35200575,602,7,595
35200576,722,4,718
35200577,599,5,594
35200578,393,2,391
35200579,787,0,787
35200580,544,5,539
35200581,400,2,398
35200582,861,18,843
35200583,841,2,839
35200584,530,2,528
35200585,469,0,469
35200586,598,24,574
35200587,770,16,754
35200588,809,1,808
35200589,688,1,687
35200590,536,12,524
35200591,630,35,595
35200593,799,0,799
35200594,527,0,527
35200595,502,1,501
35200596,724,14,710
35200597,380,4,376
35200598,413,36,377
35200599,584,30,554
35200600,448,1,447
35200601,441,15,426
35200602,483,21,462
35200603,731,15,716
35200604,602,9,593
35200605,754,5,749
35200606,447,0,447
35200610,340,16,324
35200611,575,11,564
35200612,681,0,681
35200639,2077,11,2066
35200640,610,3,607
35200641,1155,18,1137
35200642,464,19,445
35200643,526,0,526
35200644,524,28,496
35200645,515,0,515
35200646,450,0,450
35200647,493,10,483
35200648,554,30,524
35200649,567,15,552
35200650,799,0,799
35200651,772,15,757
35200652,655,34,621
35200653,462,3,459
35200654,2048,25,2023
35200655,559,12,547
35200656,444,10,434
35200657,786,5,781
35200658,723,2,721
35200659,455,0,455
35200660,802,2,800
35200661,720,49,671
35200662,759,27,732
35200663,318,3,315
35200664,788,7,781
35200665,909,5,904
35200666,812,20,792
35200667,504,7,497
35200668,349,0,349
35200669,407,12,395
35200670,562,12,550
35200671,445,0,445
35200672,310,11,299
35200673,614,46,568
35200674,1007,29,978
35200675,632,5,627
35200676,684,7,677
35200677,541,0,541
35200678,731,0,731
35200679,599,0,599
35200680,911,13,898
35200681,609,0,609
35200682,468,15,453
35200683,849,80,769
35200686,1094,3,1091
35200687,517,6,511
35200688,493,21,472
35200689,406,0,406
35200690,444,14,430
35200691,304,0,304
35200692,351,23,328
35200693,514,8,506
35200694,627,16,611
35200695,651,0,651
35200696,348,9,339
35200697,564,6,558
35200698,321,0,321
35200699,449,1,448
35200700,322,0,322
35200701,525,21,504
35200702,623,0,623
35200703,669,16,653
35200704,538,25,513
35200705,1014,48,966
35200706,479,2,477
35200707,429,0,429
35200708,547,5,542
35200709,561,0,561
35200710,550,0,550
35200711,483,15,468
35200712,785,13,772
35200713,467,13,454
35200714,423,11,412
35200715,416,15,401
35200716,370,1,369
35200717,492,9,483
35200718,1469,30,1439
35200719,997,13,984
35200720,594,28,566
35200724,646,12,634
35200725,690,12,678
35200726,435,6,429
35200727,551,12,539
35200728,1125,26,1099
35200729,402,2,400
35200730,373,1,372
35200731,489,14,475
35200732,652,6,646
35200733,578,5,573
35200734,405,0,405
35200735,480,8,472
35200736,403,1,402
35200737,444,1,443
35200738,481,0,481
35200739,646,5,641
35200740,556,4,552
35200741,671,8,663
35200744,965,21,944
35200745,667,12,655
35200746,1138,0,1138
35200747,644,9,635
35200748,617,1,616
35200749,525,0,525
35200750,516,0,516
35200751,591,10,581
35200752,437,1,436
35200753,654,2,652
35200754,763,4,759
35200755,462,4,458
35200756,904,15,889
35200757,868,2,866
35200768,379,11,368
35200769,477,10,467
35200770,509,30,479
35200771,1023,27,996
35200772,988,2,986
35200774,389,11,378
35200782,2299,27,2272
35200783,553,29,524
35200791,439,0,439
35200792,737,2,735
35200794,549,18,531
35200795,471,2,469
35200796,493,13,480
35200797,460,5,455
35200798,451,11,440
35200801,2000,42,1958
35200802,655,0,655
35200803,732,13,719
35200804,65,0,65
35200805,2074,25,2049
35200806,553,15,538
35200807,199,0,199
35200808,415,0,415
35200809,293,10,283
35200810,755,0,755
35200811,961,10,951
35200812,507,14,493
35200813,354,32,322
35200814,1172,23,1149
35200815,583,38,545
35200821,623,17,606
35200822,980,15,965
35200826,1181,5,1176
35200827,455,4,451
35200828,636,2,634
35200829,0,0,0
35200830,1343,13,1330
35200831,620,3,617
35200832,785,8,777
35200833,843,41,802
35200855,2091,0,2091
35200859,396,10,386
35200860,823,10,813
35200861,629,14,615
35200862,420,2,418
35200863,427,13,414
35200864,420,2,418
35200865,689,0,689
35200866,495,0,495
35200867,1166,0,1166
35200868,416,12,404
35200869,672,0,672
35200870,2330,1,2329
35200876,467,2,465
35200877,436,1,435
35200878,708,8,700
35200879,503,13,490
35200880,535,0,535
35200881,434,0,434
35200882,390,1,389
35200883,498,0,498
35200884,566,12,554
35200885,562,6,556
35200886,814,1,813
35200887,632,5,627
35200888,745,3,742
35200889,564,0,564
35200890,645,13,632
35200891,508,29,479
35200892,715,11,704
35200893,355,1,354
35200894,597,4,593
35200895,775,7,768
35200896,375,1,374
35200897,637,4,633
35200898,481,0,481
35200899,433,0,433
35200900,509,0,509
35200901,502,0,502
35200902,712,8,704
35200903,417,0,417
35200905,412,11,401
35200906,970,7,963
35200907,453,5,448
35200908,495,5,490
35200909,582,2,580
35200910,627,2,625
35200911,392,0,392
35200912,399,1,398
35200913,703,28,675
35200914,611,6,605
35200915,772,4,768
35200916,605,7,598
35200917,377,5,372
35200918,261,0,261
35200919,421,8,413
35200920,691,0,691
35200921,577,5,572
35200922,566,18,548
35200923,371,0,371
35200924,355,7,348
35200925,388,7,381
35200926,395,6,389
35200927,410,5,405
35200928,402,1,401
35200929,390,6,384
35200930,474,15,459
35200931,408,8,400
35200932,342,11,331
35200933,384,9,375
35200934,598,31,567
35200935,397,6,391
35200936,322,13,309
35200937,423,8,415
35200938,333,0,333
35200939,419,20,399
35200940,314,6,308
35200941,392,9,383
35200942,533,12,521
35200943,252,0,252
35200944,486,1,485
35200945,554,1,553
35200946,501,0,501
35200949,616,6,610
35200950,541,6,535
35200951,663,8,655
35200952,1643,18,1625
35200953,252,1,251
35200954,393,1,392
35200955,1453,19,1434
35200956,417,0,417
35200957,1425,3,1422
35200958,848,9,839
35200959,705,3,702
35200960,409,6,403
35200961,442,20,422
35200962,561,1,560
35200963,457,1,456
35200965,419,7,412
35200966,456,5,451
35200967,638,0,638
35200968,904,52,852
35200969,542,0,542
35200974,832,1,831
35200975,464,2,462
35200976,909,26,883
35200977,542,9,533
35200979,565,4,561
35200981,485,0,485
35200983,374,0,374
35200985,460,0,460
35200986,555,0,555
35200987,576,0,576
35200988,652,3,649
35200989,690,12,678
35200990,556,0,556
35200991,458,0,458
35200992,427,3,424
35200993,299,0,299
35200994,542,10,532
35200995,328,3,325
35200996,316,8,308
35200997,736,21,715
35200998,452,0,452
35200999,585,9,576
35201000,764,7,757
35201001,617,4,613
35201002,679,4,675
35201003,632,3,629
35201004,397,12,385
35201005,578,0,578
35201006,508,11,497
35201007,392,0,392
35201008,423,1,422
35201009,452,0,452
35201010,784,18,766
35201011,337,0,337
35201012,429,7,422
35201013,366,4,362
35201014,661,0,661
35201015,754,8,746
35201016,586,6,580
35201017,429,15,414
35201018,456,1,455
35201019,512,1,511
35201020,564,7,557
35201023,707,10,697
35201024,605,5,600
35201025,718,4,714
35201026,455,5,450
35201027,742,6,736
35201028,532,13,519
35201029,964,7,957
35201030,500,1,499
35201031,834,11,823
35201032,614,12,602
35201033,622,0,622
35201034,265,0,265
35201035,662,4,658
35201036,543,2,541
35201038,674,5,669
35201039,1682,9,1673
35201040,528,18,510
35201041,919,0,919
35201044,601,8,593
35201045,455,1,454
35201046,584,18,566
35201047,534,1,533
35201048,607,1,606
35201049,827,3,824
35201050,335,7,328
35201051,709,10,699
35201052,434,6,428
35201053,501,5,496
35201054,676,19,657
35201055,641,5,636
35201056,524,1,523
35201057,705,19,686
35201058,549,0,549
35201059,526,31,495
35201060,406,1,405
35201061,560,18,542
35201062,305,0,305
35201063,809,2,807
35201064,692,3,689
35201065,652,0,652
35201066,668,4,664
35201067,448,1,447
35201068,687,11,676
35201069,513,0,513
35201070,388,7,381
35201071,386,27,359
35201072,628,1,627
35201073,716,7,709
35201076,629,2,627
35201077,460,6,454
35201078,930,8,922
35201079,572,8,564
35201080,501,6,495
35201081,355,9,346
35201104,362,0,362
35201105,432,5,427
35201106,582,3,579
35201107,935,29,906
35201109,662,5,657
35201110,886,2,884
35201111,696,10,686
35201112,497,6,491
35201113,533,0,533
35201114,577,7,570
35201122,293,2,291
35201123,379,0,379
35201124,460,0,460
35201125,475,2,473
35201126,377,0,377
35201127,639,1,638
35201128,468,1,467
35201129,613,0,613
35201130,400,0,400
35201131,719,0,719
35201132,776,0,776
35201133,552,0,552
35201134,567,2,565
35201139,718,5,713
35201140,478,0,478
35201141,590,0,590
35201142,566,0,566
35201143,594,0,594
35201144,304,0,304
35201145,678,0,678
35201146,369,2,367
35201147,446,11,435
35201148,467,0,467
35201149,342,0,342
35201150,380,2,378
35201151,356,43,313
35201152,424,1,423
35201153,545,3,542
35201154,589,12,577
35201155,443,1,442
35201156,506,11,495
35201157,384,0,384
35201158,923,6,917
35201159,790,7,783
35201160,424,1,423
35201161,285,8,277
35201162,685,0,685
35201163,246,9,237
35201164,473,5,468
35201165,630,1,629
35201166,474,0,474
35201167,902,6,896
35201168,504,13,491
35201169,443,10,433
35201170,577,39,538
35201171,409,0,409
35201172,521,9,512
35201173,429,21,408
35201174,496,0,496
35201175,560,18,542
35201176,442,14,428
35201177,470,9,461
35201178,471,0,471
35201179,543,0,543
35201180,553,1,552
35201181,474,1,473
35201182,735,12,723
35201185,579,0,579
35201186,687,1,686
35201187,361,1,360
35201188,674,0,674
35201191,357,1,356
35201192,443,0,443
35201193,521,0,521
35201194,370,0,370
35201195,444,3,441
35201196,980,13,967
35201197,351,0,351
35201198,1256,2,1254
35201199,592,8,584
35201200,656,7,649
35201201,519,6,513
35201202,464,2,462
35201203,835,4,831
35201204,493,0,493
35201205,691,0,691
35201206,668,0,668
35201209,271,3,268
35201210,312,10,302
35201211,515,0,515
35201212,513,15,498
35201213,452,16,436
35201214,261,2,259
35201215,726,28,698
35201216,598,2,596
35201217,708,7,701
35201219,1057,5,1052
35201222,388,1,387
35201228,395,0,395
35201240,359,24,335
35201241,663,10,653
35201242,722,4,718
35201243,423,1,422
35201244,272,0,272
35201249,566,1,565
35201250,872,12,860
35201251,1010,21,989
35201252,367,15,352
35201253,542,0,542
35201254,513,13,500
35201255,413,23,390
35201256,427,3,424
35201257,325,4,321
35201259,488,20,468
35201263,404,7,397
35201264,865,6,859
35201267,523,12,511
35201278,550,11,539
35201279,525,20,505
35201280,526,7,519
35201281,519,6,513
35201282,598,7,591
35201283,426,9,417
35201284,400,23,377
35201285,423,14,409
35201286,211,8,203
35201287,425,10,415
35201288,594,3,591
35201289,397,7,390
35201290,410,12,398
35201291,701,0,701
35201292,562,0,562
35201293,548,0,548
35201294,516,1,515
35201295,623,6,617
35201297,964,9,955
35201298,1023,0,1023
35201312,1190,13,1177
35201313,503,13,490
35201314,552,0,552
35201315,623,0,623
35201316,650,8,642
35201317,459,1,458
35201318,534,2,532
35201319,568,10,558
35201320,744,0,744
35201321,576,6,570
35201322,639,25,614
35201323,453,3,450
35201324,392,0,392
35201325,428,0,428
35201326,708,3,705
35201327,621,8,613
35201328,325,1,324
35201329,396,15,381
35201331,431,21,410
35201332,679,40,639
35201333,350,36,314
35201334,1070,10,1060
35201337,634,10,624
35201338,538,8,530
35201339,403,9,394
35201347,575,0,575
35201348,580,11,569
35201349,514,1,513
35201350,764,2,762
35201351,460,7,453
35201352,450,1,449
35201353,452,7,445
35201354,449,5,444
35201355,480,7,473
35201356,401,4,397
35201357,1101,13,1088
35201358,709,5,704
35201359,423,0,423
35201360,697,14,683
35201361,759,12,747
35201362,2040,38,2002
35201363,417,1,416
35201364,527,5,522
35201365,863,16,847
35201368,366,5,361
35201369,704,0,704
35201370,413,0,413
35201371,431,8,423
35201372,487,0,487
35201373,403,0,403
35201374,667,15,652
35201375,659,9,650
35201376,773,9,764
35201377,361,0,361
35201378,515,3,512
35201379,549,16,533
35201380,529,9,520
35201381,432,0,432
35201383,435,1,434
35201384,383,0,383
35201387,687,9,678
35201388,679,8,671
35201389,1098,4,1094
35201390,582,11,571
35201391,333,0,333
35201393,647,21,626
35201394,589,0,589
35201395,538,17,521
35201396,1378,23,1355
35201397,508,21,487
35201398,470,0,470
35201399,504,0,504
35201400,289,1,288
35201401,1930,18,1912
35201402,542,12,530
35201403,281,9,272
35201404,438,1,437
35201405,402,0,402
35201406,601,1,600
35201407,863,19,844
35201408,536,22,514
35201409,431,6,425
35201410,431,2,429
35201411,526,5,521
35201412,333,7,326
35201413,493,10,483
35201414,522,0,522
35201415,423,2,421
35201416,358,10,348
35201417,370,10,360
35201418,443,3,440
35201419,418,0,418
35201420,478,2,476
35201421,358,8,350
35201422,628,0,628
35201423,378,0,378
35201426,460,3,457
35201427,526,1,525
35201428,704,2,702
35201429,572,8,564
35201430,460,5,455
35201431,382,1,381
35201432,584,0,584
35201433,720,4,716
35201434,578,15,563
35201435,437,0,437
35201436,602,4,598
35201437,577,16,561
35201438,580,0,580
35201439,528,0,528
35201440,611,4,607
35201441,442,0,442
35201442,793,26,767
35201443,411,7,404
35201444,439,0,439
35201445,399,11,388
35201446,258,26,232
35201447,361,0,361
35201448,503,0,503
35201449,420,0,420
35201450,637,1,636
35201451,393,9,384
35201452,1330,16,1314
35201453,4243,58,4185
35201459,385,0,385
35201460,681,12,669
35201461,0,0,0
35201463,1277,24,1253
35201464,813,17,796
35201466,574,12,562
35201467,655,18,637
35201468,317,6,311
35201469,2582,33,2549
35201471,778,9,769
35201477,454,0,454
35201478,462,0,462
35201479,451,12,439
35201480,470,3,467
35201481,435,0,435
35201482,595,3,592
35201483,553,1,552
35201485,590,0,590
35201486,467,0,467
35201487,843,10,833
35201488,674,5,669
35201489,488,0,488
35201490,510,1,509
35201491,581,7,574
35201492,570,0,570
35201493,763,0,763
35201494,750,0,750
35201495,910,2,908
35201496,1567,6,1561
35201497,544,4,540
35201498,469,3,466
35201499,511,5,506
35201500,629,2,627
35201501,700,3,697
35201502,666,0,666
35201503,587,3,584
35201504,505,0,505
35201505,566,0,566
35201506,723,10,713
35201507,853,4,849
35201508,799,0,799
35201509,612,5,607
35201510,573,3,570
35201511,653,18,635
35201512,649,0,649
35201513,665,1,664
35201514,778,0,778
35201515,661,0,661
35201516,709,0,709
35201517,553,9,544
35201518,534,0,534
35201519,1187,5,1182
35201520,716,6,710
35201521,643,11,632
35201522,529,0,529
35201523,412,9,403
35201524,551,0,551
35201525,516,9,507
35201526,1730,3,1727
35201532,545,14,531
35201541,677,0,677
35201542,560,10,550
35201543,547,0,547
35201544,506,9,497
35201545,632,6,626
35201547,675,23,652
35201548,462,0,462
35201552,581,0,581
35201553,609,22,587
35201554,582,0,582
35201555,649,16,633
35201556,707,4,703
35201557,520,37,483
35201558,644,2,642
35201559,633,0,633
35201560,468,11,457
35201563,368,9,359
35201564,465,5,460
35201565,505,11,494
35201566,494,9,485
35201567,591,2,589
35201568,570,17,553
35201569,455,19,436
35201570,387,8,379
35201571,486,11,475
35201572,501,3,498
35201573,1320,11,1309
35201574,478,3,475
35201575,723,1,722
35201576,758,1,757
35201577,470,6,464
35201578,407,9,398
35201579,1142,9,1133
35201580,382,2,380
35201581,779,19,760
35201582,379,11,368
35201583,795,2,793
35201584,536,8,528
35201585,516,0,516
35201586,475,19,456
35201587,543,27,516
35201588,658,0,658
35201589,746,4,742
35201590,629,4,625
35201591,659,6,653
35201592,445,4,441
35201593,380,1,379
35201594,433,1,432
35201595,586,20,566
35201596,748,7,741
35201597,628,0,628
35201598,400,11,389
35201599,581,14,567
35201600,665,9,656
35201601,814,2,812
35201602,415,11,404
35201603,500,11,489
35201604,532,4,528
35201605,416,0,416
35201607,892,6,886
35201608,479,2,477
35201609,378,2,376
35201610,1348,2,1346
35201611,477,0,477
35201612,416,5,411
35201613,441,4,437
35201614,728,10,718
35201615,511,0,511
35201616,597,1,596
35201617,1100,6,1094
35201620,850,3,847
35201621,326,0,326
35201622,491,2,489
35201623,1446,3,1443
35201624,464,0,464
35201625,630,19,611
35201626,353,0,353
35201627,399,2,397
35201629,335,0,335
35201630,467,0,467
35201631,758,13,745
35201632,355,2,353
35201634,383,0,383
35201635,444,0,444
35201636,417,1,416
35201641,1943,28,1915
35201647,642,2,640
35201648,568,0,568
35201649,564,3,561
35201650,411,1,410
35201652,586,7,579
35201653,463,33,430
35201654,509,0,509
35201656,445,2,443
35201657,510,0,510
35201658,533,2,531
35201659,567,0,567
35201660,518,0,518
35201661,715,1,714
35201662,558,0,558
35201663,3955,2,3953
35201664,1959,12,1947
35201665,830,6,824
35201666,553,0,553
35201667,1140,12,1128
35201670,537,19,518
35201672,580,6,574
35201673,438,10,428
35201674,805,3,802
35201675,787,0,787
35201676,850,3,847
35201690,993,0,993
35201691,634,17,617
35201692,1010,8,1002
35201693,1103,4,1099
35201694,717,13,704
35201695,570,9,561
35201696,1498,2,1496
35201697,516,2,514
35201698,661,3,658
35201699,551,0,551
35201700,757,9,748
35201701,647,1,646
35201702,561,2,559
35201703,644,1,643
35201704,497,0,497
35201705,541,7,534
35201706,499,0,499
35201707,517,6,511
35201708,598,6,592
35201709,335,0,335
35201710,458,0,458
35201711,503,4,499
35201712,403,3,400
35201713,475,0,475
35201714,1434,7,1427
35201717,586,0,586
35201718,525,0,525
35201719,540,0,540
35201720,638,5,633
35201721,437,0,437
35201722,1131,23,1108
35201723,468,11,457
35201724,415,7,408
35201725,982,1,981
35201726,462,0,462
35201728,1359,26,1333
35201730,453,0,453
35201731,517,0,517
35201732,728,12,716
35201734,529,0,529
35201735,504,13,491
35201736,1788,7,1781
35201737,692,10,682
35201738,485,1,484
35201739,468,0,468
35201740,605,5,600
35201741,522,7,515
35201744,1779,3,1776
35201748,1423,0,1423
35201749,424,2,422
35201750,481,9,472
35201751,322,1,321
35201752,295,2,293
35201753,270,9,261
35201754,313,14,299
35201755,543,2,541
35201756,715,14,701
35201757,406,9,397
35201758,573,9,564
35201759,783,12,771
35201760,489,9,480
35201761,543,0,543
35201762,874,23,851
35201779,3061,16,3045
35201781,423,2,421
35201782,240,0,240
35201783,425,0,425
35201784,964,7,957
35201785,667,4,663
35201786,485,0,485
35201787,540,2,538
35201788,451,1,450
35201789,1073,1,1072
35201790,407,1,406
35201791,776,4,772
35201792,422,1,421
35201793,314,0,314
35201802,483,0,483
35201803,364,1,363
35201804,463,3,460
35201805,696,0,696
35201806,551,0,551
35201807,661,3,658
35201816,475,1,474
35201817,478,2,476
35201818,536,13,523
35201819,434,0,434
35201820,568,7,561
35201821,3061,11,3050
35201822,1013,0,1013
35201823,465,0,465
35201824,450,0,450
35201825,801,1,800
35201826,316,0,316
35201827,443,1,442
35201828,470,0,470
35201829,484,0,484
35201830,475,27,448
35201831,333,0,333
35201832,307,0,307
35201833,466,1,465
35201834,453,1,452
35201835,1358,29,1329
35201838,595,10,585
35201839,471,0,471
35201840,628,1,627
35201841,539,6,533
35201842,654,1,653
35201843,524,2,522
35201844,605,14,591
35201845,480,3,477
35201846,693,5,688
35201847,455,6,449
35201848,415,0,415
35201849,834,1,833
35201850,500,0,500
35201851,1251,2,1249
35201852,354,10,344
35201853,780,41,739
35201854,1932,23,1909
35201855,391,0,391
35201856,1294,9,1285
35201857,1199,8,1191
35201858,559,0,559
35201859,584,1,583
35201860,701,17,684
35201861,461,1,460
35201862,673,0,673
35201863,788,14,774
35201864,671,1,670
35201868,835,10,825
35201869,473,0,473
35201872,681,1,680
35201874,1173,11,1162
35201875,1427,0,1427
35201876,1854,8,1846
35201877,295,0,295
35201879,403,0,403
35201880,585,1,584
35201881,626,0,626
35201882,548,0,548
35201883,767,4,763
35201884,493,2,491
35201885,526,0,526
35201886,596,4,592
35201887,443,1,442
35201888,965,4,961
35201889,701,11,690
35201890,969,8,961
35201892,1153,10,1143
35201893,615,0,615
35201894,699,15,684
35201895,499,0,499
35201896,410,1,409
35201900,492,1,491
35201901,427,1,426
35201902,542,10,532
35201903,1505,7,1498
35201904,646,8,638
35201905,452,1,451
35201906,384,1,383
35201907,492,3,489
35201908,544,1,543
35201909,396,0,396
35201912,531,2,529
35201913,451,0,451
35201914,263,1,262
35201915,399,1,398
35201916,582,7,575
35201917,506,1,505
35201919,496,19,477
35201920,1451,10,1441
35201935,486,1,485
35201936,477,0,477
35201937,533,5,528
35201938,942,0,942
35201939,547,5,542
35201940,413,10,403
35201950,518,0,518
35201951,634,0,634
35201952,465,2,463
35201953,568,18,550
35201955,526,0,526
35201958,676,13,663
35201959,753,7,746
35201960,1114,4,1110
35201961,948,0,948
35201962,566,11,555
35201963,458,0,458
35201964,479,9,470
35201965,666,0,666
35201966,619,0,619
35201967,284,1,283
35201968,405,1,404
35201969,340,10,330
35201970,500,0,500
35201971,497,0,497
35201972,1529,10,1519
35201973,834,0,834
35201976,673,1,672
35201977,1516,14,1502
35201979,590,0,590
35201983,346,0,346
35201984,681,1,680
35201985,292,0,292
35201986,421,8,413
35201987,917,1,916
35201988,320,0,320
35201989,579,7,572
35201992,388,0,388
35201993,860,10,850
35201996,462,0,462
35201997,507,9,498
35201998,505,1,504
35201999,903,11,892
35202000,569,0,569
35202001,1490,18,1472
35202002,639,3,636
35202003,1182,9,1173
35202004,862,9,853
35202005,399,0,399
35202006,368,9,359
35202007,568,0,568
35202013,1723,8,1715
35202016,1110,27,1083
35202017,3717,12,3705
35202018,1489,8,1481
35202019,532,2,530
35202020,417,0,417
35202021,779,18,761
35202022,441,0,441
35202023,1562,10,1552
35202024,925,1,924
35202025,693,1,692
35202026,506,14,492
35202027,379,1,378
35202028,272,3,269
35202029,1111,10,1101
35202030,1048,15,1033
35202031,915,8,907
35202035,652,1,651
35202036,1273,0,1273
35202037,401,0,401
35202040,702,5,697
35202042,1220,5,1215
35202045,455,0,455
35202046,1137,9,1128
35202047,315,0,315
35202048,376,0,376
35202049,477,2,475
35202050,1462,43,1419
35202051,819,2,817
35202055,1385,25,1360
35202056,1111,2,1109
35202057,1243,14,1229
35202058,853,2,851
35202059,741,1,740
35202065,2271,27,2244
35202066,1035,6,1029
35202067,284,2,282
35202071,1174,0,1174
35202072,412,0,412
35202075,593,0,593
35202078,257,0,257
35202079,302,9,293
35202080,502,2,500
35202084,415,1,414
35202085,1295,42,1253
35202086,1482,0,1482
35202087,764,1,763
35202088,806,3,803
35202089,604,1,603
35202090,511,22,489
35202091,570,0,570
35202094,442,0,442
35202096,1030,4,1026
35202097,474,0,474
35202098,2057,11,2046
35202100,409,0,409
35202101,405,1,404
35202102,629,0,629
35202103,552,0,552
35202104,543,23,520
35202105,413,0,413
35202106,593,0,593
35202107,351,0,351
35202108,1316,6,1310
35202109,1112,0,1112
35202110,850,1,849
35202111,554,0,554
35202112,759,1,758
35202113,602,4,598
35202114,463,0,463
35202115,524,0,524
35202116,525,5,520
35202117,698,12,686
35202118,581,0,581
35202119,1080,0,1080
35202120,1058,0,1058
35202121,624,1,623
35202122,668,3,665
35202123,627,11,616
35202124,589,2,587
35202125,802,0,802
35202126,765,5,760
35202127,587,3,584
35202128,719,4,715
35202129,561,0,561
35202130,547,4,543
35202131,904,2,902
35202132,1733,7,1726
35202133,829,6,823
35202134,789,0,789
35202135,1209,6,1203
35202136,938,8,930
35202137,559,6,553
35202138,448,1,447
35202139,605,7,598
35202140,2942,13,2929
35202141,457,7,450
35202145,754,0,754
35202147,748,8,740
35202149,632,3,629
35202150,494,1,493
35202151,521,1,520
35202152,2386,33,2353
35202153,526,0,526
35202154,635,8,627
35202155,670,2,668
35202156,636,2,634
35202157,497,1,496
35202158,488,2,486
35202159,85,0,85
35202160,494,0,494
35202161,951,1,950
35202162,749,0,749
35202163,680,0,680
35202164,839,20,819
35202165,1065,0,1065
35202166,505,0,505
35202167,476,10,466
35202168,465,14,451
35202169,547,27,520
35202170,462,8,454
35202171,392,0,392
35202172,896,16,880
35202173,858,0,858
35202174,301,0,301
35202175,418,0,418
35202176,400,1,399
35202177,634,9,625
35202178,730,0,730
35202179,615,0,615
35202180,1128,0,1128
35202181,724,2,722
35202183,549,4,545
35202184,952,2,950
35202185,196,1,195
35202186,470,1,469
35202187,545,0,545
35202188,306,2,304
35202189,497,4,493
35202210,222,0,222
35202211,297,1,296
35202212,600,6,594
35202213,608,5,603
35202214,467,0,467
35202215,554,0,554
35202216,451,0,451
35202217,449,1,448
35202218,484,5,479
35202222,806,0,806
35202223,651,2,649
35202224,335,0,335
35202225,445,27,418
35202226,520,7,513
35202227,524,2,522
35202228,553,0,553
35202229,481,16,465
35202230,412,1,411
35202231,429,0,429
35202232,611,21,590
35202233,541,1,540
35202234,686,20,666
35202235,541,36,505
35202236,518,0,518
35202237,679,24,655
35202238,500,0,500
35202239,535,0,535
35202240,590,8,582
35202241,934,6,928
35202242,526,0,526
35202243,709,9,700
35202244,547,4,543
35202245,746,10,736
35202246,442,0,442
35202247,503,1,502
35202248,489,14,475
35202249,345,1,344
35202251,479,0,479
35202252,382,17,365
35202254,496,6,490
35202255,536,1,535
35202256,500,3,497
35202257,618,6,612
35202258,537,1,536
35202261,561,11,550
35202262,794,21,773
35202263,709,1,708
35202264,757,0,757
35202265,1017,1,1016
35202266,626,14,612
35202267,756,8,748
35202268,658,2,656
35202269,972,6,966
35202270,544,0,544
35202271,425,4,421
35202272,655,6,649
35202273,949,1,948
35202274,839,0,839
35202275,630,1,629
35202276,699,5,694
35202277,564,1,563
35202278,639,10,629
35202279,1489,4,1485
35202280,225,10,215
35202281,615,10,605
35202282,496,1,495
35202283,583,0,583
35202284,581,0,581
35202285,1136,40,1096
35202286,311,1,310
35202287,460,0,460
35202288,321,0,321
35202289,301,0,301
35202290,1602,8,1594
35202293,471,0,471
35202294,394,0,394
35202295,479,7,472
35202296,491,5,486
35202297,525,0,525
35202298,435,0,435
35202299,561,11,550
35202300,559,0,559
35202301,590,1,589
35202302,545,1,544
35202303,503,2,501
35202304,670,3,667
35202305,718,26,692
35202306,534,2,532
35202307,459,0,459
35202309,680,13,667
35202310,471,0,471
35202311,538,7,531
35202316,1034,0,1034
35202321,631,1,630
35202322,576,1,575
35202323,480,1,479
35202324,421,2,419
35202325,709,5,704
35202326,571,6,565
35202327,613,1,612
35202328,571,6,565
35202336,542,5,537
35202337,486,4,482
35202338,409,17,392
35202339,516,0,516
35202340,511,7,504
35202341,582,1,581
35202342,1168,0,1168
35202343,541,2,539
35202344,592,2,590
35202345,825,1,824
35202346,641,10,631
35202347,455,0,455
35202348,550,3,547
35202349,489,1,488
35202350,736,5,731
35202351,524,2,522
35202352,517,4,513
35202353,559,0,559
35202354,454,1,453
35202355,925,4,921
35202356,559,3,556
35202357,641,1,640
35202358,516,0,516
35202359,574,19,555
35202360,594,1,593
35202361,512,2,510
35202362,325,0,325
35202363,1078,0,1078
35202364,465,8,457
35202365,394,3,391
35202366,443,1,442
35202367,773,18,755
35202368,567,4,563
35202369,599,9,590
35202370,588,2,586
35202371,741,1,740
35202372,523,4,519
35202373,704,9,695
35202374,702,0,702
35202375,557,1,556
35202376,769,3,766
35202377,585,0,585
35202378,827,0,827
35202379,445,1,444
35202380,523,3,520
35202381,481,1,480
35202382,689,4,685
35202383,671,0,671
35202384,630,0,630
35202385,710,4,706
35202386,1304,1,1303
35202387,620,2,618
35202388,1412,4,1408
35202389,809,4,805
35202390,428,0,428
35202391,606,5,601
35202392,974,0,974
35202393,644,0,644
35202394,482,0,482
35202395,641,10,631
35202396,474,2,472
35202398,1296,1,1295
35202399,495,2,493
35202400,572,7,565
35202401,663,2,661
35202402,605,3,602
35202403,1440,5,1435
35202404,648,1,647
35202405,704,2,702
35202406,971,0,971
35202407,515,0,515
35202408,623,1,622
35202409,722,13,709
35202413,432,0,432
35202414,219,1,218
35202415,483,0,483
35202416,461,5,456
35202417,421,0,421
35202418,472,15,457
35202419,477,1,476
35202430,2302,2,2300
35202431,3005,0,3005
35202433,1992,1,1991
35202436,499,2,497
35202439,550,0,550
35202440,504,13,491
35202441,709,0,709
35202442,437,1,436
35202443,1159,0,1159
35202446,362,0,362
35202447,294,0,294
35202448,312,0,312
35202449,466,1,465
35202450,334,0,334
35202451,666,2,664
35202452,307,0,307
35202453,701,6,695
35202454,861,0,861
35202455,508,0,508
35202456,400,0,400
35202457,299,0,299
35202458,385,1,384
35202459,460,0,460
35202460,433,0,433
35202461,341,0,341
35202462,1078,4,1074
35202466,665,0,665
35202467,597,0,597
35202468,930,2,928
35202469,803,2,801
35202472,796,2,794
35202475,590,0,590
35202476,651,0,651
35202477,584,0,584
35202478,773,0,773
35202479,555,3,552
35202480,500,2,498
35202481,456,1,455
35202482,552,0,552
35202483,1201,6,1195
35202484,269,5,264
35202485,304,0,304
35202486,441,1,440
35202487,295,0,295
35202491,551,0,551
35202492,425,0,425
35202493,379,1,378
35202494,491,0,491
35202495,414,1,413
35202496,645,8,637
35202497,488,0,488
35202498,635,1,634
35202499,704,6,698
35202500,521,1,520
35202501,1078,4,1074
35202502,397,0,397
35202503,631,0,631
35202504,700,0,700
35202507,421,1,420
35202508,507,1,506
35202509,506,0,506
35202510,1221,1,1220
35202511,747,3,744
35202512,541,1,540
35202513,457,0,457
35202514,477,16,461
35202515,599,1,598
35202516,510,0,510
35202517,561,1,560
35202522,553,6,547
35202523,540,3,537
35202529,1141,3,1138
35202534,1064,0,1064
35202535,526,0,526
35202547,902,12,890
35202548,554,2,552
35202549,514,25,489
35202550,580,0,580
35202551,502,10,492
35202553,1083,13,1070
35202554,1049,0,1049
35202555,747,0,747
35202560,472,12,460
35202564,597,3,594
35202565,677,0,677
35202566,905,3,902
35202567,832,6,826
35202568,967,0,967
35202569,862,4,858
35202570,627,0,627
35202571,690,2,688
35202572,721,5,716
35202573,663,0,663
35202574,510,0,510
35202575,599,18,581
35202576,612,0,612
35202577,565,0,565
35202583,716,5,711
35202584,461,1,460
35202585,687,4,683
35202586,558,0,558
35202587,632,2,630
35202588,358,0,358
35202589,942,0,942
35202590,438,3,435
35202591,990,0,990
35202592,453,2,451
35202593,498,0,498
35202594,373,0,373
35202597,568,6,562
35202598,408,1,407
35202599,631,6,625
35202600,497,0,497
35202605,573,0,573
35202606,672,2,670
35202608,862,0,862
35202611,439,4,435
35202612,729,0,729
35202613,735,12,723
35202614,526,1,525
35202615,472,2,470
35202616,601,2,599
35202617,589,0,589
35202618,761,12,749
35202619,674,0,674
35202620,1993,4,1989
35202621,532,0,532
35202622,493,1,492
35202623,246,2,244
35202627,401,0,401
35202628,1963,4,1959
35202629,460,1,459
35202630,691,0,691
35202636,522,0,522
35202637,540,25,515
35202638,555,42,513
35202639,481,20,461
35202640,967,5,962
35202641,668,1,667
35202642,547,0,547
35202643,517,2,515
35202644,527,3,524
35202645,446,0,446
35202646,634,6,628
35202647,748,3,745
35202648,613,0,613
35202649,751,5,746
35202650,854,0,854
35202653,378,2,376
35202654,1454,30,1424
35202655,1315,1,1314
35202656,761,7,754
35202657,591,7,584
35202666,2270,3,2267
35202669,1550,5,1545
35202670,855,8,847
35202671,2452,15,2437
35202672,462,0,462
35202673,1288,15,1273
35202674,1176,5,1171
35202675,676,0,676
35202676,743,2,741
35202677,554,3,551
35202678,471,4,467
35202679,615,1,614
35202680,466,0,466
35202681,503,6,497
35202682,752,0,752
35202683,492,1,491
35202684,595,7,588
35202685,548,3,545
35202686,481,0,481
35202687,524,0,524
35202688,751,11,740
35202689,622,4,618
35202690,506,2,504
35202691,661,4,657
35202694,929,0,929
35202695,461,2,459
35202699,320,0,320
35202700,653,5,648
35202701,536,7,529
35202702,2708,8,2700
35202703,367,8,359
35202704,459,1,458
35202705,1547,16,1531
35202706,576,10,566
35202707,765,10,755
35202712,864,4,860
35202722,1267,13,1254
35202727,651,22,629
35202733,2033,5,2028
35202735,1663,24,1639
35202736,1010,0,1010
35202739,750,1,749
35202741,491,0,491
35202742,423,1,422
35202743,999,21,978
35202744,566,1,565
35202745,573,0,573
35202746,505,2,503
35202747,726,6,720
35202748,999,21,978
35202749,340,8,332
35202750,882,0,882
35202751,413,0,413
35202752,494,5,489
35202753,493,1,492
35202756,511,0,511
35202757,438,0,438
35202758,475,0,475
35202760,773,1,772
35202761,428,0,428
35202762,1031,1,1030
35202763,443,1,442
35202764,457,1,456
35202765,658,0,658
35202767,625,1,624
35202768,916,49,867
35202769,561,1,560
35202770,635,0,635
35202771,609,3,606
35202772,651,7,644
35202773,640,1,639
35202774,579,8,571
35202775,545,0,545
35202776,636,2,634
35202777,615,1,614
35202778,664,6,658
35202779,467,1,466
35202787,548,0,548
35202788,1062,5,1057
35202789,508,3,505
35202790,1330,3,1327
35202791,640,8,632
35202792,407,0,407
35202797,623,4,619
35202798,787,2,785
35202799,489,6,483
35202800,523,10,513
35202801,842,0,842
35202802,543,0,543
35202803,628,2,626
35202804,1025,10,1015
35202805,709,0,709
35202806,983,5,978
35202807,937,23,914
35202808,567,13,554
35202809,368,4,364
35202810,428,0,428
35202811,882,5,877
35202812,609,1,608
35202813,459,10,449
35202814,344,4,340
35202817,1890,0,1890
35202818,2531,0,2531
35202819,1277,0,1277
35202820,1759,15,1744
35202821,1041,3,1038
35202823,1046,0,1046
35202840,218,7,211
35202842,341,5,336
35202843,393,5,388
35202845,363,1,362
35202846,288,4,284
35202847,886,28,858
35202848,651,12,639
35202849,601,22,579
35202850,952,34,918
35202878,515,13,502
35202879,1433,4,1429
35202880,751,13,738
35202881,482,0,482
35202882,642,10,632
35202883,325,0,325
35202884,509,2,507
35202886,483,0,483
35202887,511,3,508
35202888,530,1,529
35202889,454,0,454
35202890,693,8,685
35202891,642,1,641
35202892,332,0,332
35202893,644,9,635
35202894,788,16,772
35202895,566,0,566
35202896,448,1,447
35202897,516,1,515
35202898,489,2,487
35202899,563,1,562
35202900,774,2,772
35202901,517,0,517
35202902,596,2,594
35202903,690,0,690
35202904,561,13,548
35202905,592,0,592
35202906,1005,5,1000
35202907,518,4,514
35202910,387,8,379
35202911,589,5,584
35202912,665,1,664
35202918,715,9,706
35202919,597,0,597
35202920,650,10,640
35202928,989,8,981
35202930,585,1,584
35202931,641,6,635
35202932,545,0,545
35202933,489,3,486
35202935,621,1,620
35202936,602,1,601
35202937,692,1,691
35202938,543,6,537
35202939,754,0,754
35202940,496,0,496
35202941,534,0,534
35202942,650,5,645
35202943,820,3,817
35202944,852,9,843
35202945,504,1,503
35202946,654,4,650
35202947,898,14,884
35202948,423,1,422
35202949,741,3,738
35202950,621,6,615
35202951,449,5,444
35202952,537,1,536
35202953,545,0,545
35202954,556,0,556
35202955,619,12,607
35202965,912,3,909
35202966,309,2,307
35202967,516,2,514
35202968,839,3,836
35202969,583,5,578
35202970,481,0,481
35202971,654,3,651
35202972,535,9,526
35202973,421,0,421
35202974,405,1,404
35202975,372,0,372
35202976,395,0,395
35202977,318,0,318
35202982,310,0,310
35202983,573,0,573
35202984,1154,15,1139
35202985,513,11,502
35202986,629,14,615
35202987,531,0,531
35202988,493,1,492
35202989,494,0,494
35202990,1019,21,998
35202991,803,3,800
35202992,668,2,666
35202993,861,3,858
35202994,335,0,335
35202995,365,0,365
35202996,650,0,650
35202997,674,0,674
35202998,541,0,541
35202999,531,1,530
35203000,714,0,714
35203001,562,0,562
35203002,727,3,724
35203003,601,0,601
35203004,668,11,657
35203005,607,5,602
35203006,508,0,508
35203007,655,0,655
35203008,562,1,561
35203009,460,0,460
35203015,322,2,320
35203016,709,1,708
35203018,248,0,248
35203026,763,12,751
35203027,871,0,871
35203028,495,0,495
35203029,291,0,291
35203030,425,1,424
35203031,1074,0,1074
35203032,449,12,437
35203033,428,0,428
35203034,791,9,782
35203035,666,6,660
35203036,471,0,471
35203037,575,6,569
35203038,1160,0,1160
35203039,501,11,490
35203040,373,6,367
35203041,941,0,941
35203042,705,7,698
35203043,453,1,452
35203044,399,0,399
35203045,600,0,600
35203046,440,1,439
35203047,653,1,652
35203048,558,2,556
35203049,288,0,288
35203050,405,0,405
35203051,838,9,829
35203052,216,0,216
35203053,1256,19,1237
35203054,1167,0,1167
35203055,748,8,740
35203056,1069,1,1068
35203057,1155,0,1155
35203058,637,0,637
35203059,331,0,331
35203060,309,10,299
35203061,683,0,683
35203064,549,1,548
35203071,388,0,388
35203072,429,1,428
35203073,385,7,378
35203074,454,1,453
35203075,747,7,740
35203077,369,17,352
35203079,292,0,292
35203080,326,2,324
35203081,383,0,383
35203082,404,1,403
35203086,1008,8,1000
35203087,574,1,573
35203093,834,15,819
35203094,592,3,589
35203095,703,6,697
35203096,826,7,819
35203097,612,1,611
35203098,515,7,508
35203102,386,7,379
35203105,411,0,411
35203107,791,2,789
35203108,705,3,702
35203109,737,12,725
35203110,618,0,618
35203111,593,0,593
35203112,494,6,488
35203113,303,0,303
35203126,658,1,657
35203127,968,3,965
35203128,400,0,400
35203129,405,9,396
35203130,488,14,474
35203131,1368,12,1356
35203132,517,1,516
35203133,343,1,342
35203134,444,7,437
35203135,538,5,533
35203136,510,1,509
35203137,734,1,733
35203138,438,8,430
35203139,568,1,567
35203140,812,15,797
35203141,472,3,469
35203142,511,8,503
35203143,605,0,605
35203144,604,5,599
35203146,1053,3,1050
35203147,951,0,951
35203148,523,10,513
35203149,1155,6,1149
35203150,523,5,518
35203151,517,0,517
35203152,653,16,637
35203153,642,0,642
35203154,549,6,543
35203156,395,21,374
35203157,9940,108,9832
35203160,2815,6,2809
35203161,425,11,414
35203162,986,21,965
35203163,609,8,601
35203167,284,31,253
35203170,552,10,542
35203174,595,9,586
35203175,3337,39,3298
35203176,3392,42,3350
35203177,1371,10,1361
35203183,559,7,552
35203184,483,7,476
35203185,0,0,0
35203190,1471,20,1451
35203191,311,0,311
35203192,508,16,492
35203193,485,0,485
35203194,638,5,633
35203195,697,29,668
35203196,325,0,325
35203197,530,4,526
35203198,369,0,369
35203199,759,20,739
35203200,758,5,753
35203201,668,12,656
35203202,438,47,391
35203203,361,17,344
35203204,377,14,363
35203208,421,17,404
35203209,654,64,590
35203210,349,0,349
35203211,370,10,360
35203212,471,5,466
35203213,602,29,573
35203214,441,0,441
35203216,502,9,493
35203217,612,27,585
35203218,662,6,656
35203219,403,32,371
35203220,417,3,414
35203221,580,12,568
35203222,589,11,578
35203223,233,1,232
35203224,504,7,497
35203225,515,8,507
35203226,579,12,567
35203227,545,27,518
35203228,625,3,622
35203229,527,1,526
35203230,743,0,743
35203231,796,6,790
35203232,756,9,747
35203233,684,0,684
35203234,755,0,755
35203235,596,15,581
35203236,648,0,648
35203237,651,24,627
35203238,510,5,505
35203239,707,26,681
35203240,872,0,872
35203241,573,23,550
35203242,614,0,614
35203243,481,1,480
35203244,472,9,463
35203245,476,34,442
35203246,428,4,424
35203247,689,11,678
35203248,533,0,533
35203249,578,10,568
35203250,625,5,620
35203251,558,15,543
35203252,605,5,600
35203253,445,5,440
35203254,460,15,445
35203255,583,3,580
35203256,587,2,585
35203257,684,4,680
35203258,565,31,534
35203259,636,14,622
35203260,485,1,484
35203261,718,9,709
35203263,467,0,467
35203264,434,12,422
35203265,496,0,496
35203266,478,3,475
35203267,539,5,534
35203268,825,3,822
35203269,557,12,545
35203270,137,1,136
35203271,564,27,537
35203273,1559,0,1559
35203274,830,19,811
35203275,914,7,907
35203276,661,0,661
35203277,456,1,455
35203278,509,18,491
35203279,675,0,675
35203280,437,7,430
35203281,466,24,442
35203282,469,0,469
35203283,618,0,618
35203284,442,0,442
35203285,529,7,522
35203286,697,0,697
35203287,444,17,427
35203288,1157,25,1132
35203289,755,1,754
35203290,596,24,572
35203291,1060,4,1056
35203292,363,0,363
35203293,211,0,211
35203294,659,10,649
35203296,306,0,306
35203297,578,16,562
35203298,548,0,548
35203299,506,1,505
35203300,474,27,447
35203301,537,14,523
35203314,607,0,607
35203315,417,0,417
35203316,444,0,444
35203317,552,9,543
35203318,693,0,693
35203321,408,5,403
35203322,650,4,646
35203323,451,1,450
35203324,590,184,406
35203330,1133,30,1103
35203331,904,25,879
35203332,461,0,461
35203333,627,22,605
35203334,459,0,459
35203337,385,19,366
35203338,422,9,413
35203339,443,2,441
35203340,1956,85,1871
35203342,1345,12,1333
35203344,318,0,318
35203345,648,0,648
35203346,478,0,478
35203347,423,0,423
35203348,953,0,953
35203350,974,0,974
35203351,609,2,607
35203352,632,3,629
35203353,472,2,470
35203354,578,2,576
35203355,508,1,507
35203356,522,0,522
35203357,372,10,362
35203358,483,1,482
35203359,475,0,475
35203360,274,2,272
35203361,547,4,543
35203362,346,4,342
35203363,358,4,354
35203370,674,0,674
35203371,1847,1,1846
35203372,1598,0,1598
35203373,378,10,368
35203374,645,1,644
35203375,336,0,336
35203376,263,11,252
35203377,597,10,587
35203378,686,1,685
35203379,581,2,579
35203380,522,2,520
35203381,532,11,521
35203382,482,11,471
35203383,428,2,426
35203384,543,0,543
35203385,448,1,447
35203386,631,23,608
35203387,550,9,541
35203388,522,0,522
35203389,476,2,474
35203391,431,0,431
35203392,188,0,188
35203393,999,8,991
35203394,391,1,390
35203395,623,0,623
35203396,496,0,496
35203399,557,0,557
35203400,382,0,382
35203401,306,0,306
35203402,418,10,408
35203403,2526,0,2526
35203404,2329,0,2329
35203405,1146,20,1126
35203406,1635,8,1627
35203407,614,0,614
35203408,1977,5,1972
35203409,442,15,427
35203410,419,0,419
35203411,1525,8,1517
35203412,600,2,598
35203413,413,2,411
35203414,541,0,541
35203415,438,0,438
35203416,691,0,691
35203417,596,8,588
35203418,667,0,667
35203419,496,10,486
35203420,779,8,771
35203421,787,2,785
35203422,517,3,514
35203423,617,8,609
35203427,648,0,648
35203435,843,0,843
35203439,658,3,655
35203440,652,3,649
35203441,527,9,518
35203442,278,32,246
35203443,521,22,499
35203444,691,13,678
35203445,641,1,640
35203446,612,0,612
35203447,702,14,688
35203448,1075,20,1055
35203449,1289,36,1253
35203450,654,0,654
35203451,636,19,617
35203452,1003,8,995
35203458,612,6,606
35203461,621,8,613
35203462,544,7,537
35203463,469,0,469
35203465,1413,13,1400
35203466,1517,19,1498
35203467,497,1,496
35203468,555,1,554
35203469,528,5,523
35203470,954,4,950
35203471,641,4,637
35203472,744,7,737
35203479,449,17,432
35203480,535,11,524
35203482,2423,22,2401
35203483,693,45,648
35203484,651,2,649
35203485,427,12,415
35203486,857,37,820
35203489,684,33,651
35203490,634,9,625
35203491,630,0,630
35203492,475,6,469
35203493,605,9,596
35203494,629,4,625
35203495,504,19,485
35203496,551,0,551
35203498,635,10,625
35203501,542,10,532
35203502,590,17,573
35203503,4442,39,4403
35203504,251,2,249
35203505,534,16,518
35203506,555,23,532
35203507,435,31,404
35203508,609,26,583
35203509,663,29,634
35203510,435,1,434
35203511,571,1,570
35203512,646,20,626
35203513,619,1,618
35203519,1057,11,1046
35203520,2959,19,2940
35203521,1311,10,1301
35203522,877,7,870
35203523,420,2,418
35203524,472,9,463
35203525,528,0,528
35203526,486,0,486
35203527,927,10,917
35203528,575,7,568
35203529,587,9,578
35203530,570,3,567
35203531,519,10,509
35203532,659,8,651
35203533,495,1,494
35203534,511,0,511
35203535,549,6,543
35203536,472,0,472
35203537,561,15,546
35203538,508,1,507
35203539,468,1,467
35203540,569,7,562
35203541,862,27,835
35203542,720,7,713
35203543,602,0,602
35203544,586,0,586
35203545,581,1,580
35203546,632,7,625
35203547,608,1,607
35203548,883,3,880
35203552,815,15,800
35203554,512,0,512
35203561,1175,14,1161
35203566,1166,3,1163
35203567,736,0,736
35203568,1060,23,1037
35203569,496,2,494
35203570,670,4,666
35203571,505,0,505
35203572,418,5,413
35203573,711,8,703
35203574,662,10,652
35203575,619,9,610
35203576,530,1,529
35203577,454,2,452
35203578,537,1,536
35203579,492,0,492
35203580,1069,0,1069
35203581,376,0,376
35203584,736,13,723
35203585,481,0,481
35203586,438,3,435
35203587,535,0,535
35203588,590,1,589
35203589,736,0,736
35203590,1456,4,1452
35203591,1100,0,1100
35203592,390,0,390
35203593,376,25,351
35203594,854,2,852
35203595,614,2,612
35203596,333,1,332
35203597,461,0,461
35203599,878,11,867
35203600,452,0,452
35203604,792,1,791
35203605,722,0,722
35203606,534,0,534
35203607,766,0,766
35203608,665,0,665
35203610,668,34,634
35203611,456,2,454
35203612,537,0,537
35203613,969,36,933
35203614,388,0,388
35203615,413,0,413
35203616,612,0,612
35203617,1171,0,1171
35203618,2724,2,2722
35203619,559,0,559
35203620,822,10,812
35203621,1171,0,1171
35203622,1153,0,1153
35203623,1005,0,1005
35203626,520,0,520
35203627,710,0,710
35203628,451,0,451
35203629,261,1,260
35203630,343,0,343
35203631,423,0,423
35203632,573,0,573
35203633,445,1,444
35203634,570,19,551
35203635,628,0,628
35203636,830,5,825
35203637,434,0,434
35203640,443,0,443
35203641,362,0,362
35203649,11,0,11
35203650,1285,2,1283
35203651,541,1,540
35203652,401,11,390
35203653,729,1,728
35203654,485,1,484
35203655,438,0,438
35203656,611,0,611
35203657,505,0,505
35203658,446,1,445
35203659,1074,4,1070
35203660,469,14,455
35203661,788,0,788
35203664,1183,5,1178
35203666,445,9,436
35203668,646,1,645
35203669,714,20,694
35203670,939,11,928
35203672,443,0,443
35203673,286,0,286
35203675,655,7,648
35203676,584,8,576
35203677,494,2,492
35203678,244,7,237
35203679,401,1,400
35203680,500,1,499
35203681,597,7,590
35203682,807,5,802
35203683,404,10,394
35203684,1114,25,1089
35203685,486,5,481
35203686,375,3,372
35203687,817,3,814
35203688,675,8,667
35203689,616,9,607
35203690,541,0,541
35203691,1104,9,1095
35203692,550,0,550
35203693,625,1,624
35203694,542,1,541
35203695,635,0,635
35203696,546,1,545
35203697,393,2,391
35203698,565,0,565
35203699,550,0,550
35203700,758,0,758
35203701,452,1,451
35203703,586,5,581
35203704,445,1,444
35203705,407,0,407
35203708,1217,9,1208
35203709,1090,3,1087
35203710,558,0,558
35203711,421,0,421
35203712,419,0,419
35203713,694,0,694
35203714,642,0,642
35203715,442,0,442
35203716,955,0,955
35203717,0,0,0
35203718,1847,10,1837
35203719,630,2,628
35203720,639,1,638
35203721,434,0,434
35203722,570,13,557
35203723,449,0,449
35203724,535,14,521
35203725,605,5,600
35203726,526,18,508
35203729,434,9,425
35203730,493,0,493
35203731,1781,1,1780
35203732,703,30,673
35203733,528,0,528
35203734,450,2,448
35203735,428,2,426
35203736,499,22,477
35203737,711,0,711
35203738,418,17,401
35203739,484,6,478
35203740,404,0,404
35203743,555,1,554
35203744,696,8,688
35203745,929,12,917
35203746,1235,6,1229
35203747,790,6,784
35203748,387,0,387
35203751,468,5,463
35203752,1017,3,1014
35203753,399,8,391
35203754,672,3,669
35203755,411,5,406
35203756,520,11,509
35203757,576,1,575
35203758,490,41,449
35203759,446,0,446
35203760,489,0,489
35203761,477,4,473
35203762,576,2,574
35203766,1380,34,1346
35203786,766,4,762
35203787,788,16,772
35203788,1010,13,997
35203789,309,0,309
35203790,517,36,481
35203791,289,0,289
35203792,791,38,753
35203793,145,0,145
35203794,477,10,467
35203796,498,12,486
35203798,461,11,450
35203799,739,15,724
35203800,431,8,423
35203801,485,9,476
35203802,488,8,480
35203803,532,13,519
35203807,527,4,523
35203808,445,4,441
35203809,445,6,439
35203810,586,1,585
35203811,763,4,759
35203812,929,9,920
35203813,449,13,436
35203815,683,18,665
35203816,480,2,478
35203817,692,12,680
35203818,746,3,743
35203819,437,1,436
35203820,631,6,625
35203828,489,4,485
35203829,526,1,525
35203830,617,5,612
35203833,546,0,546
35203834,803,7,796
35203835,357,0,357
35203836,395,6,389
35203837,311,8,303
35203838,515,1,514
35203841,577,3,574
35203842,594,0,594
35203843,502,17,485
35203844,642,10,632
35203845,459,14,445
35203846,321,0,321
35203847,404,0,404
35203848,650,12,638
35203849,619,0,619
35203850,1005,0,1005
35203851,318,14,304
35203852,343,5,338
35203853,359,0,359
35203857,2112,15,2097
35203858,465,8,457
35203859,384,0,384
35203860,419,7,412
35203861,363,1,362
35203864,671,7,664
35203865,540,3,537
35203866,692,14,678
35203867,523,21,502
35203868,588,0,588
35203869,539,1,538
35203870,491,16,475
35203871,478,15,463
35203872,399,0,399
35203873,284,11,273
35203876,447,0,447
35203877,550,50,500
35203878,642,10,632
35203880,395,5,390
35203881,684,12,672
35203882,411,1,410
35203883,470,0,470
35203884,521,8,513
35203885,424,15,409
35203886,496,3,493
35203887,605,15,590
35203888,808,22,786
35203889,364,10,354
35203890,531,6,525
35203891,586,10,576
35203892,609,0,609
35203893,565,0,565
35203895,501,3,498
35203897,467,5,462
35203898,577,19,558
35203899,1193,0,1193
35203908,1310,9,1301
35203909,382,0,382
35203910,358,0,358
35203911,775,0,775
35203912,888,0,888
35203913,356,0,356
35203914,1123,19,1104
35203915,1133,21,1112
35203916,831,0,831
35203917,396,1,395
35203919,272,13,259
35203921,1164,0,1164
35203922,387,0,387
35203925,1212,0,1212
35203926,287,0,287
35203927,769,0,769
35203928,888,10,878
35203929,1069,0,1069
35203930,1212,10,1202
35203931,378,0,378
35203932,509,0,509
35203933,1206,1,1205
35203936,353,0,353
35203937,465,0,465
35203938,382,2,380
35203939,376,1,375
35203940,761,2,759
35203943,623,0,623
35203945,1469,0,1469
35203946,4488,27,4461
35203947,2892,14,2878
35203948,2916,17,2899
35203951,1807,11,1796
35203953,1531,11,1520
35203954,8151,21,8130
35203955,1469,1,1468
35203958,1278,32,1246
35203959,2047,33,2014
35203960,2750,12,2738
35203961,3174,46,3128
35203962,761,13,748
35203965,1281,15,1266
35203971,2054,35,2019
35203973,1037,2,1035
35203974,1097,1,1096
35203975,1747,1,1746
35203976,2000,20,1980
35203977,1411,31,1380
35203978,4158,23,4135
35203979,1419,7,1412
35203980,2066,10,2056
35203981,1588,25,1563
35203984,1141,10,1131
35203986,2407,31,2376
35203987,565,37,528
35203989,1776,17,1759
35203990,947,2,945
35203991,892,14,878
35203992,1536,30,1506
35203993,1006,7,999
35203994,1676,0,1676
35203995,1242,32,1210
35203997,1076,4,1072
35203998,921,1,920
35204001,950,17,933
35204003,709,7,702
35204004,3499,85,3414
35204005,1645,31,1614
35204006,860,0,860
35204007,2098,25,2073
35204009,1281,17,1264
35204010,1557,16,1541
35204011,1435,12,1423
35204012,921,26,895
35204013,2436,12,2424
35204014,3674,12,3662
35204015,1653,9,1644
35204018,3100,17,3083
35204019,2219,97,2122
35204020,2187,8,2179
35204021,1300,17,1283
35204022,2810,19,2791
35204024,3121,20,3101
35204026,2443,7,2436
35204027,1450,7,1443
35204028,2768,3,2765
35204029,1223,0,1223
35204030,1606,14,1592
35204032,1595,20,1575
35204033,2203,7,2196
35204034,852,1,851
35204035,4048,19,4029
35204036,2806,0,2806
35204038,936,0,936
35204039,1294,1,1293
35204040,856,0,856
35204041,2531,40,2491
35204042,1713,2,1711
35204043,2118,8,2110
35204045,1651,13,1638
35204047,1490,0,1490
35204049,7121,35,7086
35204052,2480,21,2459
35204053,2512,18,2494
35204054,1273,9,1264
35204055,2386,80,2306
35204056,2044,2,2042
35204057,1287,8,1279
35204058,1418,1,1417
35204059,3119,9,3110
35204060,2109,2,2107
35204061,1415,9,1406
35204062,2073,19,2054
35204063,2735,1,2734
35204064,1872,10,1862
35204065,1707,3,1704
35204066,1560,6,1554
35204067,1340,3,1337
35204068,2638,6,2632
35204069,1841,20,1821
35204070,1051,9,1042
35204072,3160,36,3124
35204073,6528,39,6489
35204074,6187,11,6176
35204075,2125,76,2049
35204076,1499,47,1452
35204077,1695,18,1677
35204079,3154,28,3126
35204080,1846,0,1846
35204081,2974,0,2974
35204082,1803,0,1803
35204083,2340,0,2340
35204084,3296,0,3296
35204085,3000,25,2975
35204087,2181,73,2108
35204088,2808,61,2747
35204089,959,11,948
35204090,1242,6,1236
35204091,1485,14,1471
35204092,584,4,580
35204093,2772,37,2735
35204094,3722,50,3672
35204095,1832,9,1823
35204096,2324,37,2287
35204097,2278,18,2260
35204098,1728,16,1712
35204100,3291,22,3269
35204101,7526,55,7471
35204103,2607,45,2562
35204105,2497,10,2487
35204106,1159,11,1148
35204107,685,0,685
35204109,2110,34,2076
35204110,2271,51,2220
35204111,2653,23,2630
35204113,1831,0,1831
35204114,755,9,746
35204115,1649,4,1645
35204116,948,0,948
35204117,2149,0,2149
35204118,2895,3,2892
35204119,1961,8,1953
35204120,1368,0,1368
35204121,2509,10,2499
35204124,8251,14,8237
35204125,1614,11,1603
35204126,4964,16,4948
35204127,1758,24,1734
35204128,3596,84,3512
35204129,1534,47,1487
35204130,431,1,430
35204131,875,41,834
35204133,1383,8,1375
35204134,830,9,821
35204135,1706,28,1678
35204136,1190,25,1165
35204137,1467,0,1467
35204138,1497,6,1491
35204139,2498,7,2491
35204141,2259,12,2247
35204142,2794,19,2775
35204143,2059,7,2052
35204144,2122,5,2117
35204145,1974,29,1945
35204146,1218,0,1218
35204147,1534,13,1521
35204148,821,5,816
35204149,1032,2,1030
35204150,802,9,793
35204151,1013,0,1013
35204152,618,0,618
35204153,512,0,512
35204154,674,2,672
35204155,704,0,704
35204156,709,0,709
35204157,280,0,280
35204159,763,10,753
35204160,525,12,513
35204161,598,2,596
35204162,516,0,516
35204163,521,2,519
35204164,662,1,661
35204165,3880,15,3865
35204166,594,0,594
35204167,567,0,567
35204168,912,0,912
35204169,327,0,327
35204170,558,0,558
35204171,1300,0,1300
35204172,461,1,460
35204173,686,6,680
35204174,573,0,573
35204176,463,6,457
35204177,635,18,617
35204178,791,2,789
35204179,657,20,637
35204180,670,16,654
35204181,671,10,661
35204182,870,20,850
35204183,600,17,583
35204184,1291,6,1285
35204186,425,1,424
35204187,890,2,888
35204188,625,1,624
35204189,552,11,541
35204190,1323,64,1259
35204191,695,9,686
35204192,576,22,554
35204193,360,1,359
35204194,999,12,987
35204195,1779,9,1770
35204196,709,0,709
35204197,661,0,661
35204198,1147,0,1147
35204199,1129,0,1129
35204200,97,0,97
35204201,1381,12,1369
35204202,826,0,826
35204204,115,0,115
35204205,363,1,362
35204206,406,20,386
35204207,446,0,446
35204208,1412,21,1391
35204209,202,9,193
35204211,356,0,356
35204212,1055,7,1048
35204213,1754,93,1661
35204214,575,2,573
35204215,898,9,889
35204216,1035,0,1035
35204217,337,0,337
35204218,710,9,701
35204219,383,29,354
35204220,365,3,362
35204221,434,1,433
35204222,777,24,753
35204224,1382,3,1379
35204225,563,0,563
35204226,549,0,549
35204227,1551,37,1514
35204228,3069,27,3042
35204229,1515,18,1497
35204230,2909,9,2900
35204231,1508,11,1497
35204232,1087,1,1086
35204233,320,0,320
35204235,463,0,463
35204236,709,7,702
35204237,497,0,497
35204238,789,22,767
35204240,1365,0,1365
35204242,1922,8,1914
35204243,1487,22,1465
35204244,435,0,435
35204245,425,27,398
35204246,2082,68,2014
35204249,2214,0,2214
35204250,2093,2,2091
35204251,637,8,629
35204252,350,0,350
35204253,277,0,277
35204254,733,8,725
35204255,685,5,680
35204256,317,0,317
35204257,1415,11,1404
35204258,0,0,0
35204259,6013,63,5950
35204261,966,0,966
35204262,434,0,434
35204263,446,0,446
35204265,1213,12,1201
35204266,163,0,163
35204267,2300,0,2300
35204268,655,6,649
35204269,6441,2,6439
35204271,1049,1,1048
35204272,3487,14,3473
35204273,51,15,36
35204274,595,2,593
35204275,446,9,437
35204276,521,0,521
35204277,1282,26,1256
35204278,517,1,516
35204279,639,0,639
35204280,424,0,424
35204281,679,0,679
35204282,723,0,723
35204283,586,0,586
35204284,2993,9,2984
35204285,542,0,542
35204286,584,0,584
35204287,838,7,831
35204288,589,7,582
35204289,927,39,888
35204290,1448,26,1422
35204291,908,45,863
35204292,775,27,748
35204293,511,22,489
35204294,571,8,563
35204295,474,14,460
35204296,710,7,703
35204297,505,2,503
35204298,1286,48,1238
35204299,447,0,447
35204300,510,1,509
35204301,450,0,450
35204302,535,10,525
35204303,489,17,472
35204304,508,1,507
35204305,1259,0,1259
35204306,3719,18,3701
35204307,1512,4,1508
35204309,408,0,408
35204310,2663,0,2663
35204311,1545,0,1545
35204312,1463,0,1463
35204313,1499,1,1498
35204314,1561,1,1560
35204315,618,2,616
35204317,2025,11,2014
35204318,596,0,596
35204319,658,2,656
35204321,2600,1,2599
35204322,516,7,509
35204323,537,1,536
35204324,569,0,569
35204325,748,0,748
35204326,1508,0,1508
35204327,475,0,475
35204328,500,0,500
35204329,3501,18,3483
35204330,1758,35,1723
35204331,1448,9,1439
35204332,565,0,565
35204333,3089,35,3054
35204334,330,0,330
35204335,702,9,693
35204336,498,0,498
35204337,683,15,668
35204338,370,6,364
35204339,869,14,855
35204340,680,45,635
35204341,293,0,293
35204342,530,12,518
35204343,692,0,692
35204344,1214,33,1181
35204345,673,1,672
35204346,995,45,950
35204347,2406,0,2406
35204348,2029,3,2026
35204349,626,0,626
35204350,555,22,533
35204351,2137,11,2126
35204352,1706,14,1692
35204353,2465,2,2463
35204355,2675,0,2675
35204356,919,11,908
35204357,597,0,597
35204358,787,2,785
35204359,1410,0,1410
35204360,931,20,911
35204361,536,2,534
35204362,574,3,571
35204363,750,13,737
35204364,1205,0,1205
35204365,566,9,557
35204366,526,16,510
35204367,3273,25,3248
35204369,457,14,443
35204370,1618,18,1600
35204371,3964,40,3924
35204372,1440,61,1379
35204373,2032,7,2025
35204374,592,1,591
35204375,664,4,660
35204376,513,0,513
35204377,493,0,493
35204378,539,1,538
35204379,431,2,429
35204380,3100,34,3066
35204381,1496,7,1489
35204382,2392,45,2347
35204383,764,19,745
35204384,818,7,811
35204385,677,10,667
35204386,803,7,796
35204387,609,0,609
35204388,576,0,576
35204389,1118,5,1113
35204390,1228,13,1215
35204391,521,1,520
35204392,528,0,528
35204393,508,2,506
35204394,477,0,477
35204395,672,5,667
35204396,1064,0,1064
35204397,1209,0,1209
35204398,605,19,586
35204399,1059,0,1059
35204400,476,0,476
35204401,1645,0,1645
35204402,1915,16,1899
35204403,653,2,651
35204404,533,19,514
35204405,714,7,707
35204406,431,7,424
35204407,581,0,581
35204408,609,2,607
35204409,393,0,393
35204410,1089,0,1089
35204411,623,21,602
35204412,1442,18,1424
35204413,1044,3,1041
35204414,1390,9,1381
35204415,1010,15,995
35204416,435,9,426
35204417,450,3,447
35204418,236,0,236
35204419,539,6,533
35204420,477,6,471
35204421,554,12,542
35204422,539,8,531
35204423,505,8,497
35204424,966,11,955
35204425,569,1,568
35204426,2777,57,2720
35204427,1282,12,1270
35204428,3167,7,3160
35204429,614,3,611
35204430,987,10,977
35204431,635,0,635
35204432,563,7,556
35204433,511,0,511
35204434,507,0,507
35204435,1048,0,1048
35204436,2231,4,2227
35204437,649,0,649
35204438,660,1,659
35204439,723,0,723
35204440,524,4,520
35204441,544,3,541
35204442,507,2,505
35204443,527,14,513
35204444,434,18,416
35204445,508,1,507
35204446,727,19,708
35204447,511,1,510
35204448,766,16,750
35204449,383,10,373
35204450,422,5,417
35204451,447,1,446
35204452,508,5,503
35204453,991,1,990
35204454,3105,6,3099
35204455,751,29,722
35204456,1233,19,1214
35204457,569,17,552
35204458,1702,3,1699
35204460,547,0,547
35204461,566,34,532
35204462,499,33,466
35204463,541,11,530
35204464,3373,58,3315
35204465,891,0,891
35204466,1923,31,1892
35204467,1251,6,1245
35204468,2058,19,2039
35204469,1943,12,1931
35204470,2668,16,2652
35204471,842,0,842
35204472,850,1,849
35204473,468,0,468
35204474,3847,24,3823
35204475,611,0,611
35204476,465,1,464
35204477,483,0,483
35204478,927,1,926
35204479,47,6,41
35204480,886,3,883
35204481,500,8,492
35204482,427,26,401
35204483,457,11,446
35204484,479,1,478
35204485,556,0,556
35204486,507,1,506
35204487,1872,20,1852
35204488,2126,56,2070
35204489,713,11,702
35204490,1033,14,1019
35204491,517,2,515
35204492,428,10,418
35204493,538,14,524
35204494,872,0,872
35204495,569,1,568
35204496,508,3,505
35204497,427,5,422
35204498,548,3,545
35204499,605,1,604
35204500,545,8,537
35204501,511,33,478
35204502,648,25,623
35204503,593,11,582
35204504,410,11,399
35204505,1056,9,1047
35204506,1023,0,1023
35204507,1105,6,1099
35204508,496,5,491
35204509,551,18,533
35204510,575,0,575
35204511,653,9,644
35204512,546,10,536
35204513,364,1,363
35204514,493,14,479
35204515,773,40,733
35204516,779,0,779
35204517,460,15,445
35204518,620,3,617
35204519,545,0,545
35204520,745,29,716
35204521,463,2,461
35204522,473,1,472
35204523,636,8,628
35204524,418,0,418
35204525,338,2,336
35204526,605,0,605
35204527,507,0,507
35204528,536,0,536
35204529,524,0,524
35204530,591,11,580
35204531,575,1,574
35204532,549,15,534
35204533,1227,17,1210
35204534,497,1,496
35204535,1637,38,1599
35204536,968,7,961
35204537,667,18,649
35204538,559,3,556
35204539,569,9,560
35204540,620,12,608
35204541,615,0,615
35204542,486,0,486
35204543,1083,33,1050
35204544,694,0,694
35204545,487,0,487
35204546,519,0,519
35204547,507,7,500
35204548,1120,7,1113
35204549,410,7,403
35204550,458,6,452
35204551,432,0,432
35204552,459,0,459
35204553,497,0,497
35204554,518,8,510
35204555,560,2,558
35204556,553,7,546
35204557,494,0,494
35204558,879,16,863
35204559,488,9,479
35204560,558,0,558
35204561,640,0,640
35204562,623,1,622
35204563,1643,23,1620
35204564,3229,40,3189
35204565,1551,11,1540
35204566,496,1,495
35204567,7744,68,7676
35204568,745,21,724
35204569,670,13,657
35204570,584,14,570
35204571,952,0,952
35204572,440,8,432
35204573,608,0,608
35204574,1526,27,1499
35204575,664,24,640
35204576,618,13,605
35204577,616,17,599
35204578,2728,43,2685
35204579,1717,30,1687
35204580,1040,18,1022
35204581,1079,18,1061
35204582,781,17,764
35204583,631,6,625
35204584,854,10,844
35204585,923,8,915
35204586,635,35,600
35204587,390,0,390
35204588,3125,15,3110
35204589,1225,0,1225
35204590,893,33,860
35204591,1416,8,1408
35204592,2132,11,2121
35204593,949,8,941
35204594,1269,2,1267
35204595,1331,6,1325
35204596,720,3,717
35204597,581,0,581
35204598,839,2,837
35204599,834,31,803
35204600,970,7,963
35204601,561,3,558
35204602,1756,4,1752
35204603,696,2,694
35204605,1301,9,1292
35204606,4758,14,4744
35204607,1113,4,1109
35204608,945,11,934
35204609,447,6,441
35204610,519,0,519
35204611,791,35,756
35204612,852,0,852
35204613,681,19,662
35204614,1065,19,1046
35204615,2086,22,2064
35204616,2047,18,2029
35204617,806,44,762
35204618,1902,10,1892
35204620,685,8,677
35204621,698,3,695
35204622,584,8,576
35204623,883,14,869
35204624,773,10,763
35204625,410,2,408
35204626,412,16,396
35204627,469,3,466
35204628,372,11,361
35204629,638,1,637
35204630,393,9,384
35204631,627,10,617
35204632,549,11,538
35204633,2225,8,2217
35204634,620,11,609
35204635,693,18,675
35204636,679,2,677
35204637,559,5,554
35204638,521,3,518
35204639,601,15,586
35204640,510,0,510
35204641,680,0,680
35204642,667,16,651
35204643,498,23,475
35204644,504,8,496
35204645,531,8,523
35204646,433,0,433
35204647,612,26,586
35204648,910,6,904
35204649,570,38,532
35204650,2935,28,2907
35204652,1377,13,1364
35204653,3178,21,3157
35204655,1725,17,1708
35204656,968,7,961
35204657,2111,45,2066
35204658,357,3,354
35204659,692,8,684
35204660,387,0,387
35204661,1225,52,1173
35204662,1045,13,1032
35204663,491,42,449
35204664,497,13,484
35204665,642,9,633
35204666,3006,13,2993
35204667,498,23,475
35204668,1012,11,1001
35204669,520,0,520
35204670,1326,18,1308
35204671,471,5,466
35204672,881,2,879
35204673,637,9,628
35204674,604,0,604
35204675,1664,0,1664
35204676,5509,9,5500
35204678,422,0,422
35204679,427,39,388
35204680,660,8,652
35204681,419,11,408
35204682,567,22,545
35204683,450,7,443
35204684,665,5,660
35204685,543,4,539
35204686,506,25,481
35204687,389,20,369
35204688,738,12,726
35204689,909,12,897
35204690,1034,10,1024
35204691,4490,58,4432
35204692,577,4,573
35204693,514,11,503
35204694,2613,14,2599
35204695,516,0,516
35204696,661,24,637
35204697,586,12,574
35204698,730,21,709
35204699,668,23,645
35204700,1322,36,1286
35204701,0,0,0
35204704,1828,1,1827
35204705,311,0,311
35204707,2049,11,2038
35204708,289,1,288
35204709,396,13,383
35204710,1357,4,1353
35204711,2103,0,2103
35204712,1328,0,1328
35204714,1321,0,1321
35204715,1363,0,1363
35204716,1453,1,1452
35204717,895,0,895
35204718,1147,0,1147
35204719,885,5,880
35204720,1091,0,1091
35204721,787,39,748
35204722,1557,2,1555
35204723,986,0,986
35204725,649,0,649
35204726,534,0,534
35204727,923,0,923
35204728,613,0,613
35204729,635,1,634
35204730,627,1,626
35204731,684,1,683
35204732,728,3,725
35204733,880,9,871
35204734,1109,1,1108
35204735,973,17,956
35204736,1096,30,1066
35204737,1581,9,1572
35204738,4196,0,4196
35204739,651,1,650
35204740,1582,0,1582
35204741,389,1,388
35204742,1552,0,1552
35204743,776,0,776
35204744,603,0,603
35204745,1196,2,1194
35204746,1505,0,1505
35204747,1648,20,1628
35204748,976,1,975
35204749,1179,9,1170
35204750,596,16,580
35204751,562,1,561
35204752,772,0,772
35204753,622,18,604
35204754,2336,1,2335
35204755,1409,8,1401
35204756,1225,6,1219
35204757,877,7,870
35204758,1020,1,1019
35204759,965,2,963
35204760,784,2,782
35204761,1313,7,1306
35204762,808,3,805
35204763,5714,7,5707
35204764,140,1,139
35204765,2314,1,2313
35204766,680,13,667
35204767,1464,5,1459
35204768,970,30,940
35204769,1634,0,1634
35204770,1288,17,1271
35204771,715,13,702
35204772,2255,34,2221
35204773,730,16,714
35204774,1079,1,1078
35204775,776,1,775
35204776,1104,11,1093
35204777,1450,12,1438
35204778,811,0,811
35204779,475,0,475
35204780,1338,14,1324
35204781,1128,9,1119
35204782,2793,38,2755
35204783,0,0,0
35204784,18,0,18
35204785,737,4,733
35204786,922,5,917
35204787,558,0,558
35204788,1207,12,1195
35204789,1066,1,1065
35204790,550,0,550
35204791,955,0,955
35204793,1770,4,1766
35204794,961,9,952
35204795,979,3,976
35204796,3640,10,3630
35204797,1029,0,1029
35204798,1027,9,1018
35204799,2583,31,2552
35204800,387,2,385
35204801,452,2,450
35204802,1311,12,1299
35204803,1290,13,1277
35204805,785,1,784
35204806,432,2,430
35204807,1383,0,1383
35204808,911,0,911
35204809,822,0,822
35204810,884,4,880
35204811,1063,6,1057
35204812,640,9,631
35204813,716,1,715
35204814,999,9,990
35204815,1130,0,1130
35204816,1260,1,1259
35204817,1118,1,1117
35204819,7388,117,7271
35204820,3270,34,3236
35204821,1273,0,1273
35204822,2099,4,2095
35204823,982,9,973
35204824,1471,10,1461
35204825,1446,7,1439
35204826,4243,0,4243
35204827,3745,46,3699
35204828,1356,3,1353
35204829,892,4,888
35204830,1675,0,1675
35204831,475,0,475
35204832,1903,21,1882
35204833,3082,12,3070
35204835,891,0,891
35204836,419,1,418
35204837,561,0,561
35204838,1111,0,1111
35204839,1831,32,1799
35204840,649,13,636
35204841,2121,38,2083
35204842,4828,50,4778
35204843,2780,19,2761
35204844,2288,22,2266
35204845,3433,11,3422
35204846,1778,13,1765
35204847,2224,3,2221
35204848,1096,2,1094
35204850,1836,33,1803
35204851,857,14,843
35204852,781,25,756
35204853,437,1,436
35204854,12,0,12
35204855,681,10,671
35204856,1842,9,1833
35204857,1541,0,1541
35204858,966,1,965
35204859,1467,10,1457
35204860,91,0,91
35204861,629,0,629
35204862,1118,0,1118
35204863,1877,11,1866
35204864,862,0,862
35204865,1388,2,1386
35204866,742,2,740
35204867,765,29,736
35204869,333,0,333
35204870,2123,27,2096
35204871,2303,32,2271
35204872,4148,61,4087
35204873,1860,22,1838
35204876,776,13,763
35204877,393,5,388
35204878,0,0,0
35204879,1152,11,1141
35204880,1965,9,1956
35204881,496,12,484
35204882,1830,9,1821
35204883,2079,14,2065
35204884,537,1,536
35204885,3708,25,3683
35204886,515,8,507
35204887,1346,1,1345
35204888,2154,11,2143
35204889,439,4,435
35204890,443,13,430
35204891,2266,22,2244
35204892,184,0,184
35204893,307,8,299
35204894,4041,22,4019
35204895,2248,30,2218
35204896,2409,6,2403
35204897,2394,13,2381
35204898,1306,16,1290
35204899,283,6,277
35204900,3256,38,3218
35204901,1209,11,1198
35204902,1112,14,1098
35204903,3923,2,3921
35204904,708,4,704
35204905,2656,0,2656
35204906,1355,8,1347
35210001,1073,0,1073
35210002,529,1,528
35210003,1019,10,1009
35210004,761,8,753
35210011,552,0,552
35210013,474,1,473
35210014,433,4,429
35210015,1033,2,1031
35210017,973,2,971
35210018,908,64,844
35210019,507,6,501
35210023,1079,18,1061
35210024,469,40,429
35210025,305,1,304
35210026,627,2,625
35210027,1056,12,1044
35210028,533,6,527
35210029,648,17,631
35210030,879,18,861
35210031,398,18,380
35210032,512,8,504
35210033,842,12,830
35210034,583,2,581
35210035,272,3,269
35210036,488,6,482
35210037,242,0,242
35210041,488,5,483
35210042,678,5,673
35210043,958,0,958
35210044,493,0,493
35210045,500,0,500
35210046,589,1,588
35210047,428,0,428
35210048,805,11,794
35210049,677,7,670
35210050,344,0,344
35210051,467,2,465
35210052,522,10,512
35210053,711,0,711
35210054,345,10,335
35210055,405,0,405
35210057,464,27,437
35210058,599,23,576
35210059,600,53,547
35210060,776,0,776
35210061,634,32,602
35210063,345,0,345
35210065,648,0,648
35210066,675,3,672
35210067,588,21,567
35210068,596,0,596
35210069,927,16,911
35210070,672,3,669
35210071,370,3,367
35210072,413,1,412
35210073,863,1,862
35210074,449,16,433
35210075,609,10,599
35210076,495,4,491
35210077,388,0,388
35210078,712,1,711
35210079,1240,15,1225
35210080,915,6,909
35210081,756,2,754
35210082,902,5,897
35210083,1301,9,1292
35210090,700,5,695
35210094,771,11,760
35210095,1297,1,1296
35210096,259,0,259
35210097,673,0,673
35210098,346,8,338
35210099,956,43,913
35210100,648,0,648
35210104,278,0,278
35210105,514,5,509
35210106,417,0,417
35210107,444,0,444
35210108,547,10,537
35210109,517,2,515
35210110,1040,26,1014
35210111,747,0,747
35210112,520,21,499
35210113,1353,5,1348
35210114,332,7,325
35210115,2265,21,2244
35210116,647,0,647
35210117,947,18,929
35210118,574,1,573
35210119,825,0,825
35210120,270,16,254
35210121,451,0,451
35210122,517,1,516
35210124,656,0,656
35210125,666,2,664
35210130,1015,38,977
35210131,769,12,757
35210132,560,0,560
35210133,834,0,834
35210145,557,1,556
35210146,593,4,589
35210147,720,7,713
35210148,325,15,310
35210151,974,0,974
35210152,447,5,442
35210153,636,18,618
35210154,296,18,278
35210155,553,11,542
35210156,455,9,446
35210157,457,20,437
35210158,637,12,625
35210159,669,1,668
35210160,348,1,347
35210161,1189,0,1189
35210162,962,3,959
35210163,474,25,449
35210164,909,11,898
35210165,485,20,465
35210166,415,14,401
35210167,763,4,759
35210168,1411,12,1399
35210169,572,10,562
35210170,671,5,666
35210171,639,1,638
35210172,504,1,503
35210173,565,6,559
35210174,549,9,540
35210175,578,0,578
35210176,1311,1,1310
35210177,495,0,495
35210178,514,30,484
35210179,672,1,671
35210180,548,5,543
35210181,961,12,949
35210182,1215,30,1185
35210183,591,14,577
35210186,313,6,307
35210187,427,8,419
35210188,475,4,471
35210189,1240,27,1213
35210190,455,0,455
35210191,331,12,319
35210192,611,4,607
35210193,398,1,397
35210194,1101,34,1067
35210195,623,15,608
35210198,479,6,473
35210199,670,0,670
35210204,387,0,387
35210205,549,13,536
35210206,483,0,483
35210207,744,61,683
35210208,637,3,634
35210209,754,9,745
35210210,668,0,668
35210211,1068,7,1061
35210212,681,1,680
35210213,1001,0,1001
35210214,553,0,553
35210215,782,0,782
35210216,705,0,705
35210217,781,1,780
35210218,744,0,744
35210219,492,0,492
35210220,419,0,419
35210221,531,0,531
35210222,550,4,546
35210223,371,5,366
35210224,816,4,812
35210225,509,1,508
35210226,695,10,685
35210227,480,0,480
35210228,432,0,432
35210229,740,11,729
35210231,912,0,912
35210233,698,0,698
35210234,1662,0,1662
35210239,1147,48,1099
35210240,557,0,557
35210241,1297,25,1272
35210242,665,16,649
35210243,703,15,688
35210244,515,1,514
35210245,354,11,343
35210246,445,0,445
35210247,633,0,633
35210248,422,1,421
35210249,1035,0,1035
35210252,474,3,471
35210253,382,1,381
35210255,542,1,541
35210256,1151,3,1148
35210261,802,1,801
35210262,1434,2,1432
35210263,715,13,702
35210264,1534,0,1534
35210265,412,0,412
35210266,657,0,657
35210267,666,0,666
35210268,405,0,405
35210269,1017,0,1017
35210270,418,0,418
35210271,728,0,728
35210272,743,1,742
35210273,1203,0,1203
35210274,872,20,852
35210275,290,0,290
35210276,579,0,579
35210277,692,1,691
35210278,455,0,455
35210279,738,0,738
35210280,780,1,779
35210281,574,2,572
35210282,538,1,537
35210293,957,1,956
35210294,394,1,393
35210295,626,1,625
35210296,1046,1,1045
35210298,360,0,360
35210299,387,11,376
35210300,520,1,519
35210301,334,0,334
35210302,659,0,659
35210303,477,7,470
35210304,677,0,677
35210305,592,1,591
35210306,446,0,446
35210307,522,8,514
35210308,551,0,551
35210309,493,0,493
35210310,572,0,572
35210311,451,11,440
35210312,605,0,605
35210313,663,0,663
35210314,425,2,423
35210315,456,0,456
35210316,355,0,355
35210317,280,0,280
35210318,873,0,873
35210319,263,1,262
35210320,568,0,568
35210321,308,0,308
35210322,654,0,654
35210323,500,0,500
35210324,1481,22,1459
35210326,531,0,531
35210327,452,0,452
35210328,739,0,739
35210329,780,1,779
35210330,728,2,726
35210331,1217,11,1206
35210332,321,0,321
35210333,736,27,709
35210334,328,1,327
35210335,278,1,277
35210338,1150,37,1113
35210345,566,0,566
35210346,488,0,488
35210347,576,15,561
35210348,492,0,492
35210349,583,0,583
35210350,452,6,446
35210351,746,9,737
35210352,598,6,592
35210353,1106,30,1076
35210354,366,2,364
35210355,446,5,441
35210356,618,27,591
35210357,579,0,579
35210358,839,1,838
35210359,363,0,363
35210360,657,26,631
35210361,465,1,464
35210362,548,0,548
35210363,380,0,380
35210364,292,0,292
35210365,767,29,738
35210368,440,6,434
35210369,651,8,643
35210370,420,3,417
35210371,568,7,561
35210372,677,10,667
35210373,514,13,501
35210374,835,20,815
35210375,443,0,443
35210376,471,9,462
35210377,730,4,726
35210378,553,8,545
35210379,394,5,389
35210380,346,1,345
35210381,786,1,785
35210384,394,0,394
35210385,1426,4,1422
35210386,518,7,511
35210387,459,15,444
35210388,466,3,463
35210389,700,1,699
35210390,707,2,705
35210391,257,0,257
35210392,993,2,991
35210393,498,0,498
35210394,821,14,807
35210395,502,0,502
35210396,835,0,835
35210397,357,0,357
35210398,419,5,414
35210399,733,4,729
35210400,865,0,865
35210401,558,1,557
35210402,667,12,655
35210403,482,0,482
35210404,457,0,457
35210405,483,10,473
35210406,487,0,487
35210407,442,1,441
35210408,426,12,414
35210409,532,4,528
35210410,686,31,655
35210411,598,0,598
35210412,1220,6,1214
35210413,726,9,717
35210414,568,5,563
35210415,848,17,831
35210416,556,19,537
35210417,1009,5,1004
35210418,336,13,323
35210419,508,16,492
35210420,449,0,449
35210421,324,0,324
35210424,753,11,742
35210425,357,6,351
35210426,356,1,355
35210427,386,4,382
35210428,511,5,506
35210429,317,0,317
35210430,519,6,513
35210431,509,0,509
35210432,522,19,503
35210434,670,35,635
35210435,559,14,545
35210436,482,0,482
35210437,426,10,416
35210438,671,21,650
35210439,375,13,362
35210440,563,16,547
35210441,384,11,373
35210442,370,1,369
35210443,733,7,726
35210444,429,13,416
35210445,1086,1,1085
35210446,390,6,384
35210448,351,5,346
35210449,808,17,791
35210450,803,0,803
35210451,261,7,254
35210452,375,0,375
35210456,623,0,623
35210457,874,0,874
35210458,991,0,991
35210459,574,0,574
35210462,1057,20,1037
35210465,370,3,367
35210467,252,0,252
35210468,518,1,517
35210473,1961,11,1950
35210474,595,11,584
35210475,1065,4,1061
35210479,1691,17,1674
35210480,254,10,244
35210481,597,7,590
35210482,437,4,433
35210483,561,1,560
35210486,495,4,491
35210487,264,1,263
35210488,608,14,594
35210489,336,41,295
35210490,597,0,597
35210491,589,3,586
35210492,1537,36,1501
35210493,585,2,583
35210494,738,0,738
35210495,322,0,322
35210496,416,1,415
35210497,802,1,801
35210498,587,1,586
35210501,905,1,904
35210502,601,9,592
35210503,307,2,305
35210504,588,3,585
35210505,307,0,307
35210506,492,1,491
35210507,482,0,482
35210508,430,0,430
35210509,673,12,661
35210510,301,0,301
35210511,991,24,967
35210512,312,0,312
35210513,716,2,714
35210514,592,10,582
35210515,285,6,279
35210516,837,38,799
35210517,450,13,437
35210520,623,1,622
35210521,431,2,429
35210522,530,15,515
35210526,576,1,575
35210528,952,2,950
35210530,710,12,698
35210531,815,20,795
35210532,295,17,278
35210533,994,0,994
35210536,912,0,912
35210537,633,0,633
35210539,908,7,901
35210542,300,0,300
35210543,527,0,527
35210545,971,3,968
35210547,637,3,634
35210550,661,6,655
35210551,906,9,897
35210552,1161,9,1152
35210553,661,5,656
35210554,903,24,879
35210555,383,12,371
35210556,1171,0,1171
35210557,470,1,469
35210558,795,0,795
35210559,1073,1,1072
35210561,723,0,723
35210564,972,22,950
35210565,1098,0,1098
35210566,562,1,561
35210567,1003,0,1003
35210569,1114,0,1114
35210570,680,2,678
35210571,795,1,794
35210572,566,1,565
35210573,613,3,610
35210574,604,0,604
35210575,349,1,348
35210576,677,2,675
35210577,519,1,518
35210578,1540,1,1539
35210579,389,1,388
35210580,644,1,643
35210583,250,0,250
35210584,301,0,301
35210585,406,2,404
35210587,1528,12,1516
35210588,540,22,518
35210589,278,0,278
35210590,934,9,925
35210591,609,0,609
35210592,686,14,672
35210593,518,15,503
35210598,210,0,210
35210601,691,19,672
35210602,1020,6,1014
35210603,740,13,727
35210604,388,31,357
35210605,941,0,941
35210606,753,0,753
35210607,421,7,414
35210609,334,0,334
35210610,314,0,314
35210611,282,0,282
35210612,441,2,439
35210613,834,16,818
35210614,857,2,855
35210615,886,11,875
35210616,613,16,597
35210617,1266,3,1263
35210618,268,0,268
35210621,1342,15,1327
35210625,441,13,428
35210626,278,0,278
35210632,599,6,593
35210633,1150,10,1140
35210634,363,0,363
35210635,552,0,552
35210638,866,4,862
35210639,932,5,927
35210640,654,1,653
35210641,796,0,796
35210642,564,0,564
35210644,518,1,517
35210645,871,0,871
35210646,450,3,447
35210647,744,8,736
35210651,568,2,566
35210652,360,2,358
35210653,328,1,327
35210655,353,0,353
35210656,497,0,497
35210657,630,0,630
35210659,659,5,654
35210660,456,1,455
35210661,448,9,439
35210662,1110,0,1110
35210663,645,5,640
35210664,712,1,711
35210665,833,11,822
35210666,575,19,556
35210667,830,2,828
35210668,866,15,851
35210669,661,4,657
35210672,938,1,937
35210673,712,2,710
35210674,701,1,700
35210675,455,0,455
35210676,861,0,861
35210679,1373,1,1372
35210680,623,2,621
35210681,637,1,636
35210682,739,0,739
35210683,922,10,912
35210685,792,0,792
35210686,231,0,231
35210689,735,2,733
35210690,412,0,412
35210691,849,1,848
35210692,389,0,389
35210693,548,21,527
35210694,321,11,310
35210695,677,21,656
35210696,559,1,558
35210697,447,0,447
35210698,664,0,664
35210699,485,0,485
35210700,469,0,469
35210701,788,0,788
35210703,941,40,901
35210704,432,2,430
35210705,672,5,667
35210706,677,18,659
35210707,430,0,430
35210708,1149,2,1147
35210709,360,4,356
35210710,539,3,536
35210711,804,1,803
35210714,1240,10,1230
35210715,741,8,733
35210716,1484,19,1465
35210717,344,0,344
35210718,574,2,572
35210719,684,3,681
35210720,1071,22,1049
35210721,1298,5,1293
35210722,623,0,623
35210723,402,1,401
35210724,512,11,501
35210725,546,0,546
35210726,405,0,405
35210727,278,0,278
35210730,825,8,817
35210732,828,10,818
35210733,349,19,330
35210734,1711,37,1674
35210735,446,0,446
35210736,647,6,641
35210737,371,0,371
35210738,455,6,449
35210739,531,6,525
35210740,650,8,642
35210741,489,5,484
35210742,506,0,506
35210743,877,16,861
35210747,846,0,846
35210748,496,1,495
35210749,749,0,749
35210750,440,1,439
35210751,709,10,699
35210752,625,19,606
35210753,639,15,624
35210754,716,1,715
35210755,844,12,832
35210756,1140,6,1134
35210757,641,20,621
35210758,582,5,577
35210759,590,16,574
35210764,413,13,400
35210766,789,25,764
35210772,1472,3,1469
35210773,446,0,446
35210774,539,2,537
35210775,478,6,472
35210776,289,2,287
35210777,319,6,313
35210778,322,0,322
35210779,964,1,963
35210780,2460,0,2460
35210781,614,17,597
35210782,452,1,451
35210783,497,0,497
35210784,382,38,344
35210785,420,2,418
35210786,1322,2,1320
35210787,881,9,872
35210788,415,9,406
35210789,1142,0,1142
35210790,541,14,527
35210791,281,0,281
35210792,839,0,839
35210793,484,12,472
35210794,594,8,586
35210795,516,10,506
35210796,407,5,402
35210797,251,0,251
35210798,670,0,670
35210799,426,0,426
35210800,386,0,386
35210801,283,2,281
35210802,1223,23,1200
35210803,371,0,371
35210804,520,4,516
35210806,459,0,459
35210807,660,0,660
35210808,329,0,329
35210809,463,0,463
35210811,1056,4,1052
35210812,975,2,973
35210815,439,5,434
35210816,754,7,747
35210826,1189,6,1183
35210827,413,0,413
35210828,418,0,418
35210829,540,0,540
35210830,974,3,971
35210831,630,1,629
35210832,627,5,622
35210833,666,0,666
35210834,508,0,508
35210835,472,0,472
35210836,460,21,439
35210837,590,7,583
35210838,637,0,637
35210839,645,0,645
35210840,540,3,537
35210841,531,1,530
35210842,1169,2,1167
35210843,327,1,326
35210844,1184,0,1184
35210845,1016,6,1010
35210846,373,1,372
35210847,629,0,629
35210848,249,0,249
35210849,564,0,564
35210850,1461,26,1435
35210851,1045,0,1045
35210852,1512,0,1512
35210855,746,8,738
35210862,4426,24,4402
35210876,2098,36,2062
35210878,184,0,184
35210886,583,0,583
35210887,380,0,380
35210888,1425,0,1425
35210889,488,1,487
35210890,530,1,529
35210891,615,1,614
35210896,839,0,839
35210897,635,0,635
35210898,583,0,583
35210899,455,0,455
35210900,431,0,431
35210901,718,0,718
35210902,583,0,583
35210903,315,1,314
35210905,673,2,671
35210906,514,11,503
35210908,714,6,708
35210910,421,1,420
35210911,666,5,661
35210912,727,1,726
35210913,1054,0,1054
35210914,1075,2,1073
35210922,904,0,904
35210923,777,1,776
35210926,710,5,705
35210927,419,0,419
35210928,380,0,380
35210929,442,11,431
35210930,338,0,338
35210931,474,0,474
35210932,304,0,304
35210933,626,0,626
35210934,622,11,611
35210935,445,1,444
35210936,788,22,766
35210937,539,0,539
35210938,967,0,967
35210939,676,16,660
35210940,290,0,290
35210941,351,8,343
35210942,580,13,567
35210943,248,0,248
35210944,1203,24,1179
35210945,827,32,795
35210946,1372,2,1370
35210947,731,0,731
35210948,413,0,413
35210949,837,15,822
35210951,337,0,337
35210952,555,0,555
35210953,471,2,469
35210954,518,0,518
35210955,599,0,599
35210956,317,7,310
35210957,1056,6,1050
35210958,375,0,375
35210959,1403,12,1391
35210961,1460,3,1457
35210964,730,0,730
35210967,316,0,316
35210970,322,0,322
35210972,649,1,648
35210973,291,2,289
35210974,1197,0,1197
35210975,709,10,699
35210976,1761,0,1761
35210977,804,8,796
35210981,710,13,697
35210984,1280,14,1266
35210985,695,1,694
35210989,792,0,792
35210993,368,9,359
35210996,689,0,689
35210997,1328,7,1321
35210998,732,2,730
35210999,451,0,451
35211000,476,1,475
35211001,423,0,423
35211003,838,0,838
35211005,522,13,509
35211006,780,6,774
35211007,641,1,640
35211008,1061,9,1052
35211009,550,4,546
35211010,463,0,463
35211011,344,0,344
35211013,581,3,578
35211014,1251,13,1238
35211016,575,0,575
35211017,560,0,560
35211018,514,0,514
35211019,523,0,523
35211021,356,4,352
35211022,444,1,443
35211023,427,2,425
35211024,1247,3,1244
35211025,1059,5,1054
35211031,356,3,353
35211032,2298,5,2293
35211033,991,0,991
35211034,1801,11,1790
35211035,510,1,509
35211036,1127,0,1127
35211037,828,5,823
35211038,620,0,620
35211039,552,0,552
35211044,1141,1,1140
35211046,854,2,852
35211052,504,24,480
35211053,478,1,477
35211054,531,13,518
35211055,560,6,554
35211056,659,2,657
35211057,842,3,839
35211058,321,0,321
35211059,505,0,505
35211060,381,0,381
35211061,429,0,429
35211065,323,0,323
35211066,433,0,433
35211067,300,0,300
35211068,632,2,630
35211069,615,7,608
35211070,517,0,517
35211071,286,2,284
35211072,779,10,769
35211073,315,2,313
35211074,838,3,835
35211077,1510,1,1509
35211078,333,0,333
35211079,759,23,736
35211080,300,0,300
35211081,630,0,630
35211082,354,0,354
35211083,290,0,290
35211084,1122,0,1122
35211085,461,0,461
35211086,790,0,790
35211087,722,1,721
35211088,366,0,366
35211089,592,0,592
35211090,836,4,832
35211091,504,0,504
35211092,838,9,829
35211093,350,0,350
35211094,407,1,406
35211095,573,19,554
35211096,518,20,498
35211097,295,0,295
35211098,563,20,543
35211099,534,15,519
35211102,752,2,750
35211103,582,0,582
35211104,409,0,409
35211105,560,0,560
35211106,286,8,278
35211107,281,1,280
35211108,902,2,900
35211109,689,11,678
35211110,351,0,351
35211111,596,1,595
35211112,666,20,646
35211113,1715,4,1711
35211114,796,2,794
35211120,457,0,457
35211121,391,25,366
35211122,929,21,908
35211123,593,13,580
35211124,360,24,336
35211125,485,25,460
35211126,425,12,413
35211127,809,26,783
35211128,652,1,651
35211130,409,0,409
35211131,522,22,500
35211132,508,1,507
35211133,287,0,287
35211134,364,2,362
35211135,873,0,873
35211136,305,15,290
35211137,854,24,830
35211138,369,1,368
35211140,321,0,321
35211141,421,0,421
35211142,660,0,660
35211143,948,39,909
35211144,391,5,386
35211145,391,0,391
35211146,1052,33,1019
35211147,364,6,358
35211148,459,0,459
35211149,407,4,403
35211150,398,1,397
35211151,1047,8,1039
35211152,934,73,861
35211155,222,0,222
35211156,654,5,649
35211158,561,1,560
35211159,1745,35,1710
35211160,819,31,788
35211162,662,8,654
35211170,909,10,899
35211174,1075,0,1075
35211176,744,0,744
35211177,310,1,309
35211179,548,0,548
35211180,1074,57,1017
35211181,968,41,927
35211182,977,1,976
35211183,298,0,298
35211196,372,0,372
35211205,442,10,432
35211206,1329,1,1328
35211207,604,21,583
35211209,1451,8,1443
35211210,798,0,798
35211211,485,3,482
35211215,737,0,737
35211216,521,24,497
35211218,340,2,338
35211221,576,1,575
35211222,350,8,342
35211223,679,0,679
35211224,586,40,546
35211225,7488,79,7409
35211227,245,0,245
35211228,317,0,317
35211229,817,9,808
35211230,360,3,357
35211231,443,13,430
35211232,621,0,621
35211242,913,15,898
35211243,375,0,375
35211244,566,0,566
35211245,762,24,738
35211246,760,18,742
35211248,1021,11,1010
35211249,324,21,303
35211250,251,1,250
35211251,520,13,507
35211253,987,18,969
35211254,1083,13,1070
35211255,1010,6,1004
35211256,752,6,746
35211257,384,2,382
35211258,647,1,646
35211259,1537,73,1464
35211262,385,0,385
35211263,365,2,363
35211264,553,15,538
35211265,851,17,834
35211266,550,20,530
35211267,508,20,488
35211268,462,11,451
35211269,489,0,489
35211270,783,9,774
35211271,381,13,368
35211272,1623,28,1595
35211273,711,22,689
35211274,986,33,953
35211275,525,9,516
35211276,397,15,382
35211277,747,30,717
35211278,1094,20,1074
35211281,650,0,650
35211282,548,2,546
35211283,672,18,654
35211284,1182,39,1143
35211285,745,31,714
35211286,505,19,486
35211287,575,22,553
35211288,1218,22,1196
35211289,955,14,941
35211290,613,11,602
35211291,1141,28,1113
35211292,642,8,634
35211293,386,1,385
35211294,792,2,790
35211297,607,18,589
35211310,1226,15,1211
35211312,908,0,908
35211313,1319,14,1305
35211316,569,1,568
35211317,563,0,563
35211318,716,0,716
35211319,655,0,655
35211320,676,0,676
35211321,1232,0,1232
35211322,1011,0,1011
35211323,799,0,799
35211324,332,0,332
35211325,1139,2,1137
35211336,539,0,539
35211337,375,0,375
35211338,290,1,289
35211339,367,1,366
35211349,654,0,654
35211350,636,21,615
35211351,699,0,699
35211352,478,0,478
35211353,512,12,500
35211354,461,8,453
35211355,644,0,644
35211356,492,11,481
35211357,401,0,401
35211358,771,0,771
35211359,514,29,485
35211362,1145,17,1128
35211363,578,10,568
35211364,699,6,693
35211365,385,8,377
35211366,673,9,664
35211367,418,8,410
35211369,926,3,923
35211370,668,1,667
35211371,756,1,755
35211375,334,14,320
35211376,404,3,401
35211386,822,1,821
35211394,1127,8,1119
35211397,1518,13,1505
35211399,1446,37,1409
35211401,4954,50,4904
35211402,2362,26,2336
35211403,1397,37,1360
35211405,2291,4,2287
35211407,1523,20,1503
35211409,2254,10,2244
35211412,2393,0,2393
35211413,3610,3,3607
35211415,753,0,753
35211416,2102,31,2071
35211417,1645,1,1644
35211419,1272,0,1272
35211421,1847,12,1835
35211422,1321,3,1318
35211423,2399,20,2379
35211425,985,0,985
35211426,1521,18,1503
35211428,1162,3,1159
35211430,1310,0,1310
35211432,1444,8,1436
35211434,2710,42,2668
35211437,2368,8,2360
35211438,2620,7,2613
35211439,1610,2,1608
35211440,1322,0,1322
35211442,1523,15,1508
35211443,1724,14,1710
35211444,692,0,692
35211446,1177,0,1177
35211447,1862,10,1852
35211448,978,1,977
35211454,2260,2,2258
35211455,800,0,800
35211456,2644,17,2627
35211457,2300,1,2299
35211459,1032,11,1021
35211460,4128,15,4113
35211462,7937,33,7904
35211463,2707,2,2705
35211464,1464,15,1449
35211465,1405,51,1354
35211466,1480,2,1478
35211467,2165,71,2094
35211468,2496,4,2492
35211471,850,0,850
35211472,574,7,567
35211473,736,3,733
35211474,1090,7,1083
35211475,490,6,484
35211476,1660,0,1660
35211477,852,9,843
35211478,806,4,802
35211479,680,4,676
35211480,834,0,834
35211481,547,11,536
35211482,1195,0,1195
35211484,906,10,896
35211485,468,0,468
35211486,817,0,817
35211487,1238,25,1213
35211488,1013,3,1010
35211489,552,17,535
35211490,465,21,444
35211491,919,5,914
35211492,794,7,787
35211493,608,6,602
35211496,1674,17,1657
35211497,551,15,536
35211498,1163,9,1154
35211499,927,0,927
35211501,1176,10,1166
35211502,633,10,623
35211505,267,1,266
35211506,1189,5,1184
35211507,616,1,615
35211508,825,11,814
35211509,871,1,870
35211510,915,0,915
35211511,518,0,518
35211513,900,10,890
35211514,434,1,433
35211515,570,0,570
35211516,610,0,610
35211517,475,0,475
35211518,2035,18,2017
35211519,411,0,411
35211520,504,1,503
35211521,747,0,747
35211522,651,0,651
35211523,518,0,518
35211524,734,11,723
35211525,535,0,535
35211526,1116,1,1115
35211527,1003,2,1001
35211528,1568,0,1568
35211529,302,36,266
35211530,553,0,553
35211531,809,9,800
35211532,864,0,864
35211533,650,8,642
35211534,809,0,809
35211535,910,0,910
35211536,513,0,513
35211537,1092,2,1090
35211538,198,0,198
35211539,840,6,834
35211540,1056,0,1056
35211542,489,0,489
35211543,639,0,639
35211544,444,10,434
35211545,410,0,410
35211546,695,1,694
35211547,347,2,345
35211548,1102,11,1091
35211549,509,0,509
35211550,400,0,400
35211551,860,3,857
35211552,615,10,605
35211553,737,20,717
35211554,1282,4,1278
35211555,566,0,566
35211556,298,1,297
35211557,353,6,347
35211558,1534,14,1520
35211559,1402,1,1401
35211561,290,1,289
35211565,534,0,534
35211566,1260,10,1250
35211567,1113,0,1113
35211568,652,0,652
35211569,1584,0,1584
35211570,742,0,742
35211571,402,10,392
35211572,508,0,508
35211573,471,3,468
35211574,539,0,539
35211575,451,27,424
35211576,591,19,572
35211577,888,16,872
35211578,608,0,608
35211579,625,1,624
35211581,1227,13,1214
35211582,938,18,920
35211583,520,7,513
35211584,592,0,592
35211585,1005,12,993
35211586,110,0,110
35211587,1440,0,1440
35211588,464,12,452
35211590,709,0,709
35211591,1004,0,1004
35211592,896,0,896
35211593,828,12,816
35211596,2317,28,2289
35211597,1964,24,1940
35211598,1361,0,1361
35211599,1445,0,1445
35211600,703,18,685
35211601,847,62,785
35211602,404,0,404
35211603,858,1,857
35211604,544,4,540
35211605,608,1,607
35211606,455,3,452
35211607,715,1,714
35211608,520,3,517
35211609,1224,8,1216
35211610,2510,12,2498
35211611,576,12,564
35211612,814,12,802
35211613,548,5,543
35211614,586,0,586
35211615,678,24,654
35211616,506,12,494
35211617,559,0,559
35211618,632,8,624
35211619,604,12,592
35211620,716,14,702
35211621,581,17,564
35211622,567,8,559
35211623,673,8,665
35211624,586,9,577
35211625,695,0,695
35211626,620,0,620
35211627,564,7,557
35211628,618,14,604
35211629,592,14,578
35211630,752,2,750
35211631,570,0,570
35211632,576,0,576
35211633,479,0,479
35211634,1043,0,1043
35211635,670,0,670
35211636,812,19,793
35211637,755,5,750
35211638,837,7,830
35211639,711,0,711
35211640,745,11,734
35211641,671,0,671
35211642,1425,45,1380
35211643,714,3,711
35211644,533,26,507
35211645,730,6,724
35211646,1038,18,1020
35211647,394,0,394
35211648,515,2,513
35211649,3670,3,3667
35211650,1417,29,1388
35211651,1082,2,1080
35211652,978,3,975
35211656,630,0,630
35211657,503,0,503
35211658,520,0,520
35211661,707,0,707
35211663,1761,0,1761
35211664,789,0,789
35211665,1672,1,1671
35211666,616,0,616
35211667,1416,0,1416
35211668,598,0,598
35211669,1026,0,1026
35211670,565,0,565
35211672,685,0,685
35211673,670,1,669
35211675,830,0,830
35211676,1498,0,1498
35211677,834,0,834
35211678,797,7,790
35211679,1447,6,1441
35211680,592,1,591
35211681,890,3,887
35211682,722,7,715
35211683,613,0,613
35211684,705,0,705
35211685,1351,0,1351
35211686,550,0,550
35211687,1384,0,1384
35211691,996,10,986
35211693,830,0,830
35211695,1235,0,1235
35211696,418,0,418
35211697,1352,2,1350
35211698,591,2,589
35211699,665,4,661
35211701,6030,17,6013
35211702,1279,0,1279
35211704,599,0,599
35211705,1143,0,1143
35211706,821,1,820
35211707,698,1,697
35211708,445,0,445
35211711,1306,1,1305
35211712,655,0,655
35211713,986,1,985
35211714,758,0,758
35211715,1061,0,1061
35211716,4124,2,4122
35211718,1273,2,1271
35211719,854,0,854
35211720,690,12,678
35211721,877,2,875
35211722,708,1,707
35211723,771,0,771
35211724,957,15,942
35211725,740,0,740
35211726,909,0,909
35211727,1298,1,1297
35211728,550,0,550
35211729,783,0,783
35211730,814,12,802
35211731,845,0,845
35211732,1025,2,1023
35211733,704,0,704
35211734,1831,1,1830
35211735,1323,0,1323
35211737,673,0,673
35211738,862,0,862
35211739,758,13,745
35211740,724,0,724
35211741,651,0,651
35211742,518,0,518
35211743,1385,18,1367
35211744,936,10,926
35211745,941,2,939
35211746,600,14,586
35211747,581,0,581
35211748,1414,1,1413
35211749,909,5,904
35211750,973,1,972
35211751,862,0,862
35211754,1116,3,1113
35211755,612,3,609
35211756,1049,2,1047
35211757,696,0,696
35211758,902,0,902
35211760,1428,0,1428
35211761,638,0,638
35211762,6013,5,6008
35211763,1212,2,1210
35211764,939,1,938
35211765,1087,1,1086
35211766,593,1,592
35211767,1178,0,1178
35211768,751,2,749
35211769,3710,11,3699
35211770,527,2,525
35211772,688,1,687
35211774,744,19,725
35211775,838,0,838
35211776,763,27,736
35211777,993,20,973
35211778,1142,21,1121
35211779,801,0,801
35211780,1248,2,1246
35211781,963,1,962
35211782,781,1,780
35211783,649,0,649
35211784,685,11,674
35211785,635,0,635
35211788,995,0,995
35211790,990,11,979
35211791,1247,0,1247
35211792,852,0,852
35211793,1129,35,1094
35211794,1042,12,1030
35211795,836,7,829
35211796,1020,0,1020
35211797,1730,8,1722
35211801,516,0,516
35211802,764,12,752
35211803,457,5,452
35211804,531,0,531
35211805,616,8,608
35211806,463,5,458
35211807,2664,3,2661
35211808,922,11,911
35211809,924,0,924
35211812,2528,0,2528
35211814,628,1,627
35211815,474,1,473
35211816,948,1,947
35211817,736,1,735
35211818,545,1,544
35211819,943,1,942
35211820,721,2,719
35211821,837,12,825
35211822,2019,6,2013
35211823,1825,6,1819
35211824,676,1,675
35211825,845,0,845
35211826,2885,34,2851
35211827,3229,14,3215
35211828,1227,0,1227
35211829,2954,0,2954
35211830,1967,15,1952
35211831,1075,11,1064
35211832,1111,20,1091
35211833,1458,15,1443
35211834,503,0,503
35211835,647,2,645
35211836,2038,31,2007
35211837,1487,2,1485
35211838,886,0,886
35211839,1055,0,1055
35211840,1421,1,1420
35211841,485,2,483
35211842,548,0,548
35211843,1529,12,1517
35211844,703,2,701
35211845,485,2,483
35211847,948,0,948
35211848,1233,0,1233
35211849,672,0,672
35211850,861,5,856
35211851,693,0,693
35211852,936,41,895
35211853,1074,0,1074
35211854,1009,0,1009
35211855,972,0,972
35211856,1056,0,1056
35211857,1211,0,1211
35211859,877,3,874
35211860,1374,0,1374
35211861,1342,0,1342
35211863,834,0,834
35211864,902,5,897
35211868,1129,2,1127
35211870,2702,18,2684
35211871,957,14,943
35211872,8738,64,8674
35211873,622,0,622
35211874,821,0,821
35211875,407,0,407
35211876,618,0,618
35211877,504,0,504
35211878,3576,12,3564
35211879,995,1,994
35211880,604,2,602
35211881,594,2,592
35211882,1063,1,1062
35211883,6037,13,6024
35211885,605,0,605
35211887,495,0,495
35211888,815,0,815
35211890,746,0,746
35211891,750,10,740
35211892,669,20,649
35211893,889,0,889
35211894,830,3,827
35211895,882,0,882
35211896,1517,0,1517
35211897,621,1,620
35211898,894,0,894
35211899,586,0,586
35211900,574,0,574
35211901,1044,0,1044
35211902,2884,13,2871
35211903,1059,2,1057
35211904,772,19,753
35211905,823,2,821
35211906,1001,2,999
35211907,867,1,866
35211908,634,2,632
35211909,832,2,830
35211910,989,0,989
35211911,1339,0,1339
35211912,548,0,548
35211913,940,32,908
35211914,733,14,719
35211915,1042,5,1037
35211916,801,5,796
35211918,2576,46,2530
35211919,726,0,726
35211920,473,10,463
35211921,722,20,702
35211922,5358,21,5337
35211923,928,0,928
35211924,658,0,658
35211925,412,0,412
35211926,533,0,533
35211927,901,11,890
35211928,351,0,351
35211929,2716,1,2715
35211930,771,0,771
35211931,594,1,593
35211932,704,1,703
35211933,807,2,805
35211934,802,7,795
35211935,742,2,740
35211936,520,4,516
35211937,1937,18,1919
35211938,907,0,907
35211939,1255,0,1255
35211940,998,9,989
35211941,2890,0,2890
35211942,739,15,724
35211943,2343,7,2336
35211944,733,2,731
35211945,473,3,470
35211946,762,3,759
35211947,617,0,617
35211948,925,6,919
35211949,1548,9,1539
35211950,682,0,682
35211951,608,0,608
35211952,552,0,552
35211953,581,8,573
35211954,757,0,757
35211955,729,0,729
35211956,835,0,835
35211957,757,2,755
35211958,627,0,627
35211959,615,0,615
35211960,507,0,507
35211961,526,0,526
35211962,1343,11,1332
35211963,4350,12,4338
35211964,573,1,572
35211965,478,0,478
35211966,572,0,572
35211967,655,0,655
35211968,738,2,736
35211969,634,11,623
35211970,814,1,813
35211971,704,3,701
35211972,1975,9,1966
35211975,856,0,856
35211976,504,1,503
35211977,495,1,494
35211978,625,0,625
35211979,1352,0,1352
35211981,5204,24,5180
35211982,3992,9,3983
35211983,1711,1,1710
35211984,674,0,674
35211985,1046,0,1046
35211986,843,0,843
35211987,739,16,723
35211988,582,15,567
35211989,2146,1,2145
35211990,297,0,297
35211991,712,1,711
35211993,337,1,336
35211995,511,9,502
35211996,689,1,688
35211997,492,0,492
35211998,522,12,510
35211999,348,0,348
35212000,566,0,566
35212001,657,0,657
35212002,277,0,277
35212003,302,0,302
35212004,340,0,340
35212005,881,1,880
35212006,416,0,416
35212007,1683,1,1682
35212009,5104,32,5072
35212011,2028,0,2028
35212012,2077,19,2058
35212013,298,0,298
35212014,237,0,237
35212021,128,10,118
35212022,1789,13,1776
35212023,540,0,540
35212024,562,0,562
35212025,444,0,444
35212026,2598,0,2598
35212027,924,0,924
35212028,918,0,918
35212029,737,0,737
35212030,614,0,614
35212031,464,0,464
35212032,1209,32,1177
35212033,980,0,980
35212034,728,0,728
35212035,1069,0,1069
35212036,891,0,891
35212037,743,0,743
35212038,758,0,758
35212039,1018,0,1018
35212040,669,0,669
35212041,625,15,610
35212042,747,0,747
35212043,1100,19,1081
35212044,1231,0,1231
35212045,2129,0,2129
35212046,1322,30,1292
35212047,782,0,782
35212048,1423,9,1414
35212049,1164,13,1151
35212050,756,10,746
35212051,827,0,827
35212052,1313,3,1310
35212053,573,11,562
35212054,286,0,286
35212055,1490,12,1478
35212057,5887,3,5884
35212058,1142,0,1142
35212059,653,3,650
35212060,742,1,741
35212061,2475,0,2475
35212062,4867,11,4856
35212063,5132,0,5132
35212065,4458,3,4455
35212066,2298,13,2285
35212067,4507,35,4472
35212068,4047,0,4047
35212069,674,2,672
35212070,1698,26,1672
35212071,512,0,512
35212072,752,0,752
35212074,2175,12,2163
35212075,1787,1,1786
35212076,353,0,353
35212077,1591,0,1591
35212078,475,0,475
35212079,1075,15,1060
35212080,428,0,428
35212081,1254,3,1251
35212082,901,6,895
35212083,1104,11,1093
35212084,1127,6,1121
35212085,791,1,790
35212086,443,0,443
35212087,334,0,334
35212088,1040,0,1040
35212089,2334,11,2323
35212090,2469,1,2468
35212091,2683,1,2682
35212094,1960,7,1953
35212095,528,5,523
35212096,1093,15,1078
35212097,3301,10,3291
35212098,1120,34,1086
35212099,772,20,752
35212100,978,6,972
35212101,852,4,848
35212102,1242,14,1228
35212103,743,0,743
35212104,91,0,91
35212105,2983,15,2968
35212106,488,2,486
35212107,1130,29,1101
35212108,487,1,486
35212109,1009,4,1005
35212110,853,0,853
35212111,608,2,606
35212112,365,1,364
35212113,1090,5,1085
35212114,836,10,826
35212115,671,1,670
35212116,1130,26,1104
35212117,1492,0,1492
35212118,1333,21,1312
35212119,2830,31,2799
35212120,643,0,643
35212121,1446,14,1432
35212122,1510,10,1500
35212123,1124,12,1112
35212124,300,3,297
35212125,593,3,590
35212126,772,1,771
35212127,1579,17,1562
35212128,2619,6,2613
35212129,2849,1,2848
35212130,3434,17,3417
35212131,2640,0,2640
35212132,1204,0,1204
35212133,1366,0,1366
35212134,2923,15,2908
35212135,1219,4,1215
35212136,996,3,993
35212137,1395,24,1371
35212139,636,12,624
35212140,7116,10,7106
35212141,4775,11,4764
35212142,4031,3,4028
35212143,5449,17,5432
35212144,616,0,616
35212145,6125,21,6104
35212146,1542,11,1531
35212147,2067,2,2065
35212148,2158,3,2155
35212149,9332,38,9294
35212150,12264,57,12207
35212151,4362,0,4362
35212152,7564,13,7551
35212153,7874,18,7856
35212154,2547,1,2546
35212155,1146,0,1146
35212156,559,0,559
35212157,282,0,282
35212158,322,0,322
35212159,364,0,364
35212160,1025,0,1025
35212161,5734,17,5717
35212162,7653,8,7645
35212163,1338,0,1338
35212165,118,0,118
35212166,230,0,230
35212167,10719,45,10674
35212168,2314,0,2314
35212169,2331,41,2290
35212170,5493,8,5485
35212173,13791,13,13778
35212174,7750,24,7726
35212175,3543,3,3540
35212176,10222,91,10131
35212177,7562,16,7546
35212178,129,0,129
35212180,1410,0,1410
35212181,5655,0,5655
35212182,450,0,450
35212184,354,0,354
35220064,611,3,608
35220065,576,15,561
35220066,694,9,685
35220067,869,0,869
35220068,866,5,861
35220069,1901,71,1830
35220070,549,28,521
35220071,630,1,629
35220072,688,6,682
35220073,404,12,392
35220074,1142,54,1088
35220075,3043,49,2994
35220076,777,12,765
35220077,637,23,614
35220078,590,24,566
35220079,479,2,477
35220080,1161,13,1148
35220081,422,11,411
35220082,2150,41,2109
35220083,381,8,373
35220084,1639,44,1595
35220085,442,10,432
35220086,726,15,711
35220087,471,43,428
35220088,599,9,590
35220089,386,24,362
35220090,370,18,352
35220091,401,4,397
35220092,513,28,485
35220093,523,15,508
35220094,809,25,784
35220095,677,1,676
35220096,587,14,573
35220097,589,4,585
35220098,638,20,618
35220099,581,18,563
35220100,495,18,477
35220101,814,13,801
35220102,1168,26,1142
35220103,604,7,597
35220104,785,15,770
35220105,522,11,511
35220106,612,15,597
35220107,949,36,913
35220108,556,13,543
35220109,1460,36,1424
35220110,1176,2,1174
35220111,712,1,711
35220112,1462,22,1440
35220113,616,12,604
35220114,462,0,462
35220115,455,5,450
35220116,758,37,721
35220117,1484,36,1448
35220118,471,12,459
35220119,448,0,448
35220120,492,11,481
35220121,571,5,566
35220122,759,7,752
35220123,512,16,496
35220124,533,12,521
35220125,1419,41,1378
35220126,498,8,490
35220127,391,0,391
35220128,460,16,444
35220129,904,1,903
35220130,633,0,633
35220131,610,7,603
35220132,578,3,575
35220133,600,12,588
35220134,523,25,498
35220135,596,15,581
35220136,552,31,521
35220137,835,10,825
35220138,518,10,508
35220139,583,17,566
35220140,439,5,434
35220141,776,0,776
35220142,619,9,610
35220143,566,6,560
35220144,1146,41,1105
35220145,846,17,829
35220146,567,20,547
35220147,622,6,616
35220148,617,0,617
35220149,608,26,582
35220150,598,31,567
35220151,605,33,572
35220152,521,0,521
35220153,610,0,610
35220154,791,24,767
35230052,559,24,535
35230054,481,10,471
35230055,515,19,496
35230056,509,1,508
35230057,682,14,668
35230058,493,3,490
35230059,611,5,606
35230060,500,0,500
35230061,608,36,572
35230062,559,15,544
35230063,478,9,469
35230064,453,2,451
35230065,513,18,495
35230066,612,47,565
35230067,230,0,230
35230068,308,3,305
35230069,563,1,562
35230070,566,8,558
35230071,2341,6,2335
35230074,564,23,541
35230075,23,0,23
35230076,1235,15,1220
35230077,719,17,702
35230078,522,3,519
35230079,470,22,448
35230080,501,0,501
35230081,441,25,416
35230082,516,24,492
35230083,439,0,439
35230084,475,0,475
35230085,682,4,678
35230086,517,4,513
35230087,595,14,581
35230088,605,9,596
35230089,405,0,405
35230090,554,12,542
35230091,464,28,436
35230092,555,13,542
35230093,491,13,478
35230094,522,8,514
35230095,490,12,478
35230096,600,27,573
35230097,773,11,762
35230100,408,0,408
35230101,474,11,463
35230102,447,14,433
35230103,434,2,432
35230104,838,2,836
35230105,530,9,521
35230106,536,27,509
35230108,525,35,490
35230110,965,14,951
35230111,839,6,833
35230112,585,14,571
35230113,506,13,493
35230114,675,1,674
35230117,507,5,502
35230118,307,9,298
35230119,520,8,512
35230120,468,0,468
35230121,831,11,820
35230122,530,4,526
35230124,457,9,448
35230139,330,0,330
35230141,360,8,352
35230142,431,0,431
35230143,369,7,362
35230144,439,15,424
35230145,564,5,559
35230146,491,5,486
35230147,481,9,472
35230148,923,30,893
35230149,798,34,764
35230150,618,3,615
35230151,697,11,686
35230152,491,8,483
35230153,567,10,557
35230154,495,10,485
35230155,502,10,492
35230156,399,11,388
35230157,639,10,629
35230158,636,6,630
35230159,482,13,469
35230160,447,8,439
35230161,497,3,494
35230162,540,10,530
35230163,709,7,702
35230164,433,3,430
35230165,487,22,465
35230166,853,4,849
35230167,534,13,521
35230168,399,2,397
35230169,461,2,459
35230170,755,23,732
35230171,400,10,390
35230173,1133,32,1101
35230175,382,0,382
35230176,433,0,433
35230177,513,19,494
35230178,470,3,467
35230179,981,0,981
35230180,613,9,604
35230181,535,18,517
35230182,468,17,451
35230183,443,8,435
35230184,462,5,457
35230185,630,5,625
35230186,232,1,231
35230187,555,30,525
35230188,410,6,404
35230189,500,3,497
35230190,504,3,501
35230191,867,19,848
35230194,814,6,808
35230202,678,0,678
35230203,1038,14,1024
35230215,657,45,612
35230216,543,19,524
35230217,333,10,323
35230218,579,24,555
35230219,399,17,382
35230220,572,0,572
35230221,839,11,828
35230227,2849,26,2823
35230269,913,26,887
35230270,1422,12,1410
35230271,1869,26,1843
35230272,1316,14,1302
35230275,956,17,939
35230276,608,10,598
35230277,411,0,411
35230278,836,22,814
35230279,619,0,619
35230280,278,0,278
35230281,484,7,477
35230282,439,9,430
35230283,558,8,550
35230284,628,2,626
35230285,457,9,448
35230286,551,4,547
35230287,526,3,523
35230288,521,7,514
35230289,366,0,366
35230290,795,37,758
35230291,679,12,667
35230292,475,6,469
35230293,525,0,525
35230294,1019,14,1005
35230295,907,25,882
35230296,565,10,555
35230297,605,5,600
35230298,513,3,510
35230299,719,14,705
35230300,676,24,652
35230301,486,3,483
35230302,1187,35,1152
35230303,539,35,504
35230304,640,38,602
35230305,563,4,559
35230306,1299,0,1299
35230307,505,37,468
35230308,535,0,535
35230309,469,7,462
35230310,521,27,494
35230311,778,24,754
35230312,578,2,576
35230313,530,17,513
35230314,978,25,953
35230315,648,17,631
35230316,717,60,657
35230317,952,0,952
35230318,538,15,523
35230319,674,2,672
35230320,829,0,829
35230321,585,11,574
35230322,500,0,500
35230323,501,24,477
35230324,362,2,360
35230325,584,3,581
35230326,404,0,404
35230327,430,2,428
35230328,289,0,289
35230329,435,0,435
35230330,385,3,382
35230331,479,0,479
35230332,353,0,353
35230333,688,1,687
35230334,562,27,535
35230335,590,12,578
35230336,567,3,564
35230337,669,20,649
35230338,575,27,548
35230339,573,0,573
35230340,691,6,685
35230341,531,6,525
35230342,524,3,521
35230343,421,9,412
35230344,460,0,460
35230345,456,9,447
35230346,586,27,559
35230347,490,18,472
35230348,618,0,618
35230349,655,6,649
35230350,529,0,529
35230351,663,0,663
35230352,510,5,505
35230353,572,0,572
35230354,664,1,663
35230355,1056,19,1037
35230356,690,49,641
35230357,393,0,393
35230358,461,18,443
35230359,386,18,368
35230360,643,1,642
35230361,999,9,990
35230362,1849,29,1820
35230363,391,9,382
35230364,372,0,372
35230365,610,39,571
35230366,3985,68,3917
35230367,495,5,490
35230368,1082,7,1075
35230369,684,17,667
35230370,491,10,481
35230371,567,4,563
35230372,769,0,769
35230373,407,22,385
35230374,848,8,840
35230375,700,19,681
35230376,684,17,667
35230377,1881,22,1859
35230378,173,0,173
35230379,1988,18,1970
35230380,6,0,6
35230381,584,4,580
35230382,3168,65,3103
35230383,589,0,589
35230384,361,0,361
35230385,438,1,437
35230386,408,0,408
35230387,1532,0,1532
35230388,552,18,534
35230389,628,1,627
35230390,584,0,584
35230391,392,1,391
35230392,890,13,877
35230393,4652,29,4623
35230394,1264,9,1255
35230395,616,12,604
35230396,2505,22,2483
35230397,682,2,680
35230398,735,3,732
35230399,510,4,506
35230400,510,0,510
35230401,579,7,572
35230402,1009,5,1004
35230403,620,9,611
35230404,611,17,594
35230405,530,1,529
35230406,618,8,610
35230407,407,21,386
35230408,447,3,444
35230409,526,16,510
35230410,411,5,406
35230411,500,0,500
35230412,425,8,417
35230413,536,1,535
35230414,566,5,561
35230415,452,3,449
35230416,414,16,398
35230417,382,5,377
35230418,495,2,493
35230419,448,0,448
35230420,538,2,536
35230421,498,25,473
35230422,530,0,530
35230423,459,0,459
35230424,516,0,516
35230425,392,26,366
35230426,447,15,432
35230427,385,0,385
35230428,369,0,369
35230429,437,18,419
35230430,516,22,494
35230431,447,5,442
35230432,532,0,532
35230433,1046,21,1025
35230434,439,8,431
35230435,487,16,471
35230436,501,20,481
35230437,283,0,283
35230438,530,0,530
35230439,460,0,460
35230440,507,1,506
35230441,524,0,524
35230442,723,1,722
35230443,430,8,422
35230444,674,5,669
35230445,516,0,516
35230446,540,1,539
35230447,623,1,622
35230448,399,5,394
35230449,1106,3,1103
35230450,1033,10,1023
35230451,412,5,407
35230452,556,8,548
35230453,595,0,595
35230454,638,19,619
35230455,446,0,446
35230456,498,8,490
35230457,462,8,454
35230458,740,2,738
35230459,657,13,644
35230460,496,21,475
35230461,675,10,665
35230462,535,9,526
35230463,695,4,691
35230464,465,15,450
35230465,770,12,758
35230466,752,2,750
35230467,433,0,433
35230468,509,0,509
35230469,533,4,529
35230470,422,11,411
35230471,514,9,505
35230472,668,14,654
35230473,540,16,524
35230474,483,0,483
35230475,432,8,424
35230476,458,7,451
35230477,731,30,701
35230478,623,15,608
35230479,766,10,756
35230480,291,3,288
35230481,523,2,521
35230482,2449,13,2436
35230483,597,3,594
35230484,355,3,352
35230485,389,3,386
35230486,545,1,544
35230487,595,6,589
35230488,629,0,629
35230489,2033,31,2002
35230490,837,21,816
35230491,673,1,672
35230492,832,0,832
35230493,277,0,277
35230494,692,6,686
35230495,502,0,502
35230496,1136,12,1124
35230497,496,3,493
35230498,423,6,417
35230499,857,16,841
35230500,1238,0,1238
35230501,661,11,650
35230502,517,6,511
35230503,857,9,848
35230504,501,9,492
35230505,516,14,502
35240003,480,0,480
35240004,495,11,484
35240005,534,5,529
35240006,425,27,398
35240007,385,1,384
35240010,890,8,882
35240012,507,26,481
35240013,514,2,512
35240014,524,0,524
35240015,642,23,619
35240016,381,0,381
35240026,385,32,353
35240027,319,0,319
35240028,857,24,833
35240029,516,16,500
35240030,785,4,781
35240031,668,24,644
35240032,577,5,572
35240033,711,31,680
35240034,446,6,440
35240035,1070,13,1057
35240036,438,16,422
35240037,627,28,599
35240050,600,0,600
35240051,439,0,439
35240052,1440,15,1425
35240053,537,18,519
35240054,595,0,595
35240055,379,9,370
35240056,992,13,979
35240057,451,0,451
35240058,487,9,478
35240059,382,0,382
35240060,786,0,786
35240061,448,10,438
35240063,164,3,161
35240064,1397,13,1384
35240065,547,0,547
35240066,495,7,488
35240067,404,3,401
35240068,516,8,508
35240069,440,0,440
35240070,362,4,358
35240071,359,2,357
35240073,828,27,801
35240074,685,6,679
35240075,667,1,666
35240076,533,5,528
35240077,837,58,779
35240078,424,8,416
35240079,506,0,506
35240081,413,7,406
35240082,257,1,256
35240083,442,3,439
35240084,497,35,462
35240085,265,9,256
35240086,701,28,673
35240087,337,0,337
35240098,1033,3,1030
35240099,525,0,525
35240100,572,55,517
35240101,390,0,390
35240102,485,13,472
35240104,387,0,387
35240105,270,0,270
35240106,948,18,930
35240107,416,0,416
35240108,562,0,562
35240109,364,1,363
35240110,393,0,393
35240111,758,0,758
35240112,423,26,397
35240113,425,10,415
35240114,1267,11,1256
35240115,466,4,462
35240116,325,0,325
35240117,499,0,499
35240118,795,0,795
35240120,570,4,566
35240123,788,0,788
35240124,402,2,400
35240125,336,4,332
35240126,485,4,481
35240127,481,0,481
35240128,751,1,750
35240129,512,0,512
35240130,541,2,539
35240131,471,11,460
35240132,495,6,489
35240134,571,3,568
35240135,697,2,695
35240136,482,6,476
35240137,536,1,535
35240138,484,4,480
35240139,449,0,449
35240140,612,5,607
35240141,459,3,456
35240142,578,0,578
35240143,601,11,590
35240144,571,1,570
35240145,555,1,554
35240146,526,0,526
35240147,669,3,666
35240148,627,0,627
35240150,492,0,492
35240152,573,5,568
35240153,386,1,385
35240154,539,0,539
35240155,477,15,462
35240156,642,0,642
35240157,493,0,493
35240158,462,1,461
35240159,423,0,423
35240160,663,3,660
35240161,640,0,640
35240162,502,0,502
35240165,1020,10,1010
35240166,410,0,410
35240167,451,0,451
35240168,741,0,741
35240169,787,0,787
35240170,472,0,472
35240171,455,9,446
35240172,462,0,462
35240173,504,0,504
35240174,253,0,253
35240175,667,0,667
35240176,423,2,421
35240177,515,0,515
35240179,544,0,544
35240180,288,0,288
35240181,636,0,636
35240182,399,0,399
35240184,976,0,976
35240188,533,0,533
35240189,1093,2,1091
35240192,601,1,600
35240193,1164,21,1143
35240194,753,20,733
35240195,607,12,595
35240196,422,3,419
35240197,526,0,526
35240198,454,0,454
35240199,530,20,510
35240200,490,0,490
35240201,458,0,458
35240202,617,0,617
35240203,588,29,559
35240204,516,0,516
35240205,397,8,389
35240206,566,2,564
35240207,573,1,572
35240208,599,0,599
35240209,474,1,473
35240210,797,1,796
35240211,555,1,554
35240212,757,0,757
35240213,698,34,664
35240214,783,1,782
35240215,420,9,411
35240216,491,9,482
35240217,710,5,705
35240218,494,40,454
35240219,623,9,614
35240220,1337,22,1315
35240221,614,11,603
35240222,351,16,335
35240223,555,8,547
35240224,655,16,639
35240225,453,0,453
35240226,494,7,487
35240227,644,4,640
35240228,489,27,462
35240229,478,3,475
35240230,421,0,421
35240231,473,0,473
35240232,494,1,493
35240233,635,8,627
35240234,773,2,771
35240235,537,6,531
35240236,433,1,432
35240237,552,6,546
35240238,363,3,360
35240239,529,9,520
35240240,460,0,460
35240241,701,1,700
35240242,556,10,546
35240243,521,4,517
35240244,797,0,797
35240245,511,27,484
35240246,493,10,483
35240247,328,0,328
35240248,566,2,564
35240249,472,16,456
35240250,468,2,466
35240251,993,10,983
35240252,625,18,607
35240253,932,2,930
35240254,508,1,507
35240255,969,2,967
35240256,555,12,543
35240257,544,16,528
35240258,165,0,165
35240259,1433,9,1424
35240260,968,0,968
35240261,368,0,368
35240262,389,4,385
35240263,418,0,418
35240265,427,0,427
35240266,520,3,517
35240267,80,16,64
35240268,816,0,816
35240269,890,0,890
35240270,564,1,563
35240271,254,14,240
35240272,1529,0,1529
35240273,295,0,295
35240274,530,5,525
35240275,610,0,610
35240276,535,0,535
35240277,706,0,706
35240278,285,0,285
35240279,549,0,549
35240280,619,5,614
35240281,619,0,619
35240282,397,6,391
35240284,1378,21,1357
35240285,644,1,643
35240286,877,17,860
35240287,668,10,658
35240288,410,0,410
35240289,974,5,969
35240290,592,0,592
35240291,567,12,555
35240292,948,19,929
35240293,808,0,808
35240297,412,0,412
35240298,702,17,685
35240299,659,0,659
35240301,1108,0,1108
35240302,659,2,657
35240303,419,0,419
35240304,529,0,529
35240305,327,5,322
35240307,1105,9,1096
35240317,884,1,883
35240318,889,11,878
35240319,507,6,501
35240320,616,22,594
35240321,803,1,802
35240322,519,1,518
35240323,513,1,512
35240324,857,14,843
35240325,537,0,537
35240326,517,1,516
35240327,485,4,481
35240328,522,2,520
35240329,627,2,625
35240330,656,19,637
35240331,961,4,957
35240332,556,21,535
35240333,373,0,373
35240334,448,0,448
35240335,422,0,422
35240336,475,29,446
35240337,429,5,424
35240338,806,72,734
35240339,1379,18,1361
35240340,436,9,427
35240341,879,14,865
35240342,800,2,798
35240343,360,5,355
35240344,501,7,494
35240345,533,2,531
35240346,564,7,557
35240347,510,0,510
35240348,494,0,494
35240349,641,10,631
35240350,780,7,773
35240351,684,15,669
35240352,345,21,324
35240353,694,11,683
35240354,357,0,357
35240355,437,7,430
35240356,596,0,596
35240357,449,0,449
35240358,748,3,745
35240359,541,8,533
35240363,639,0,639
35240364,530,0,530
35240365,428,19,409
35240366,657,0,657
35240367,638,4,634
35240368,637,8,629
35240369,714,9,705
35240370,593,29,564
35240371,404,0,404
35240372,463,18,445
35240373,408,1,407
35240374,455,0,455
35240375,652,3,649
35240376,471,6,465
35240377,394,3,391
35240378,644,6,638
35240379,278,9,269
35240380,422,0,422
35240381,1438,14,1424
35240382,459,1,458
35240383,551,0,551
35240384,649,5,644
35240385,434,0,434
35240386,294,0,294
35240387,535,13,522
35240388,894,5,889
35240391,464,2,462
35240392,688,0,688
35240393,607,14,593
35240394,501,5,496
35240395,648,9,639
35240396,421,0,421
35240397,2752,42,2710
35240398,705,7,698
35240399,789,13,776
35240400,1564,34,1530
35240401,895,0,895
35240402,488,2,486
35240403,440,9,431
35240404,696,0,696
35240405,834,3,831
35240406,383,3,380
35240409,646,20,626
35240410,321,2,319
35240411,602,7,595
35240412,479,19,460
35240413,514,7,507
35240414,471,11,460
35240417,700,17,683
35240420,528,0,528
35240421,359,0,359
35240422,587,11,576
35240423,665,15,650
35240425,453,1,452
35240427,1200,4,1196
35240428,525,17,508
35240429,530,16,514
35240431,354,11,343
35240432,526,20,506
35240433,643,1,642
35240436,319,9,310
35240437,595,7,588
35240438,640,2,638
35240439,519,10,509
35240440,496,20,476
35240441,739,5,734
35240442,485,11,474
35240443,658,8,650
35240444,509,2,507
35240445,651,31,620
35240446,619,0,619
35240447,722,10,712
35240448,585,1,584
35240449,357,2,355
35240450,670,20,650
35240451,681,5,676
35240452,443,33,410
35240453,604,4,600
35240455,718,11,707
35240459,433,0,433
35240460,465,4,461
35240461,511,9,502
35240462,429,19,410
35240463,643,1,642
35240464,278,2,276
35240465,873,4,869
35240466,690,2,688
35240467,678,7,671
35240468,534,2,532
35240469,512,16,496
35240470,678,0,678
35240471,563,2,561
35240472,725,6,719
35240473,556,0,556
35240474,672,0,672
35240475,674,0,674
35240476,627,2,625
35240477,682,9,673
35240478,353,3,350
35240479,393,0,393
35240480,980,14,966
35240481,511,15,496
35240482,814,12,802
35240483,558,3,555
35240484,1339,4,1335
35240485,408,3,405
35240486,696,5,691
35240487,307,0,307
35240488,1294,18,1276
35240489,488,0,488
35240490,293,13,280
35240491,634,0,634
35240492,622,3,619
35240493,840,15,825
35240494,489,8,481
35240495,634,0,634
35240496,510,11,499
35240497,520,0,520
35240498,407,5,402
35240499,332,1,331
35240501,287,13,274
35240503,469,2,467
35240504,468,1,467
35240505,635,8,627
35240506,473,11,462
35240507,545,16,529
35240508,758,0,758
35240509,661,3,658
35240510,584,9,575
35240512,377,0,377
35240513,474,23,451
35240516,624,0,624
35240517,487,11,476
35240518,692,4,688
35240519,446,3,443
35240520,787,1,786
35240521,689,6,683
35240522,469,0,469
35240523,538,0,538
35240524,598,0,598
35240525,634,5,629
35240526,299,1,298
35240528,471,7,464
35240529,500,10,490
35240530,450,16,434
35240531,476,0,476
35240532,1235,34,1201
35240533,389,30,359
35240534,510,0,510
35240535,486,3,483
35240536,744,23,721
35240537,640,3,637
35240538,1130,31,1099
35240539,808,2,806
35240540,488,1,487
35240541,458,4,454
35240542,519,6,513
35240543,578,20,558
35240544,630,19,611
35240545,1078,22,1056
35240546,825,6,819
35240552,704,14,690
35240562,498,49,449
35240563,248,17,231
35240564,655,23,632
35240565,588,33,555
35240566,312,0,312
35240567,1135,30,1105
35240568,498,21,477
35240569,525,7,518
35240570,1502,46,1456
35240571,1131,58,1073
35240572,429,0,429
35240573,807,16,791
35240577,730,3,727
35240578,561,0,561
35240579,595,1,594
35240580,602,3,599
35240581,626,2,624
35240582,494,0,494
35240583,522,3,519
35240584,717,0,717
35240585,831,0,831
35240586,546,10,536
35240587,568,25,543
35240588,242,2,240
35240589,933,21,912
35240590,1101,3,1098
35240591,1207,0,1207
35240592,2165,29,2136
35240593,1410,1,1409
35240594,961,15,946
35240595,1009,17,992
35240596,1387,0,1387
35240598,2331,4,2327
35240600,1108,11,1097
35240601,1547,32,1515
35240602,981,6,975
35240603,5769,1,5768
35240604,461,1,460
35240605,497,1,496
35240606,425,0,425
35240607,679,1,678
35240608,377,0,377
35240609,500,1,499
35240610,472,6,466
35240611,989,22,967
35240612,409,8,401
35240613,535,1,534
35240614,689,0,689
35240615,958,22,936
35240616,644,0,644
35240617,870,20,850
35240619,1460,0,1460
35240620,429,3,426
35240621,576,17,559
35240622,626,0,626
35240623,481,8,473
35240624,244,0,244
35240625,442,11,431
35240626,781,20,761
35240627,467,12,455
35240628,448,10,438
35240629,579,13,566
35240630,735,0,735
35240631,542,25,517
35240632,823,8,815
35240633,936,4,932
35240634,541,3,538
35240635,564,13,551
35240636,419,2,417
35240637,540,4,536
35240638,740,0,740
35240639,1056,2,1054
35240640,459,0,459
35240641,565,9,556
35240642,494,4,490
35240643,672,0,672
35240644,603,0,603
35240645,529,16,513
35240647,662,17,645
35240648,829,2,827
35240649,629,0,629
35240650,797,0,797
35240651,539,4,535
35240654,694,2,692
35240655,1311,21,1290
35240656,442,16,426
35240659,947,13,934
35240660,657,8,649
35240661,532,18,514
35240662,2018,15,2003
35240663,562,8,554
35240664,676,9,667
35240665,528,17,511
35240666,1071,2,1069
35240667,757,11,746
35240668,520,1,519
35240669,1094,12,1082
35240670,714,1,713
35240671,670,14,656
35240672,920,10,910
35240673,479,0,479
35240674,1257,0,1257
35240675,1213,0,1213
35240676,1041,17,1024
35240677,466,0,466
35240678,1602,0,1602
35240679,828,1,827
35240680,1231,0,1231
35240681,722,16,706
35240682,763,27,736
35240683,736,0,736
35240684,643,3,640
35240685,1331,29,1302
35240686,1295,7,1288
35240687,8167,33,8134
35240688,1065,8,1057
35240689,818,1,817
35240691,891,3,888
35240695,642,2,640
35240696,792,8,784
35240697,937,1,936
35240698,1199,35,1164
35240699,1054,9,1045
35240700,620,3,617
35240701,612,1,611
35240705,739,0,739
35240706,689,0,689
35240707,793,12,781
35240708,806,11,795
35240709,729,5,724
35240710,656,0,656
35240711,697,14,683
35240712,533,0,533
35240713,1053,36,1017
35240714,574,0,574
35240715,976,0,976
35240716,663,6,657
35240720,8287,19,8268
35240724,510,13,497
35240728,458,7,451
35240729,508,1,507
35240730,489,9,480
35240731,364,2,362
35240732,508,0,508
35240736,587,11,576
35240737,441,2,439
35240738,660,0,660
35240739,436,14,422
35240740,2648,12,2636
35240741,517,8,509
35240742,549,1,548
35240744,892,18,874
35240745,620,1,619
35240746,476,19,457
35240752,476,1,475
35240753,370,2,368
35240754,550,0,550
35240755,630,2,628
35240756,698,0,698
35240757,680,5,675
35240758,1052,11,1041
35240759,596,1,595
35240760,41,8,33
35240761,342,0,342
35240762,568,0,568
35240765,441,0,441
35240766,1069,0,1069
35240767,930,0,930
35240768,513,0,513
35240769,487,2,485
35240770,1700,0,1700
35240771,739,1,738
35240772,932,0,932
35240773,989,0,989
35240774,945,5,940
35240776,1653,29,1624
35240777,795,2,793
35240779,981,1,980
35240780,1163,1,1162
35240782,839,1,838
35240783,397,1,396
35240785,936,25,911
35240786,1563,11,1552
35240787,652,5,647
35240788,721,20,701
35240789,995,8,987
35240790,633,11,622
35240791,742,11,731
35240792,989,41,948
35240793,905,29,876
35240795,1728,4,1724
35240796,780,9,771
35240797,1009,0,1009
35240798,622,7,615
35240799,826,2,824
35240800,657,16,641
35240801,557,7,550
35240802,439,5,434
35240803,1946,3,1943
35240804,766,0,766
35240805,488,0,488
35240806,549,0,549
35240807,985,11,974
35240808,927,8,919
35240809,99,0,99
35240810,643,18,625
35240811,1296,31,1265
35240812,824,3,821
35240813,624,0,624
35240814,733,0,733
35240815,426,16,410
35240816,566,3,563
35240817,578,0,578
35240818,600,1,599
35240819,1085,3,1082
35240820,701,0,701
35240821,2333,1,2332
35240822,718,0,718
35240823,816,23,793
35240824,982,5,977
35240825,797,19,778
35240826,750,2,748
35240827,599,1,598
35240828,643,0,643
35240829,1618,32,1586
35240830,702,29,673
35240831,592,0,592
35240832,957,6,951
35240834,773,20,753
35240835,556,10,546
35240836,634,5,629
35240837,718,11,707
35240838,675,11,664
35240839,656,23,633
35240840,646,5,641
35240841,552,28,524
35240842,651,3,648
35240843,382,3,379
35240844,631,11,620
35240845,473,2,471
35240846,1251,0,1251
35240848,2865,7,2858
35240849,920,2,918
35240850,1071,20,1051
35240851,656,0,656
35240852,649,14,635
35240853,1053,1,1052
35240854,667,7,660
35240855,1020,0,1020
35240856,3622,40,3582
35240857,559,13,546
35240858,396,3,393
35240859,713,6,707
35240861,1092,2,1090
35240862,443,6,437
35240863,724,55,669
35240864,742,19,723
35240865,3255,29,3226
35240866,705,0,705
35240867,664,1,663
35240868,1816,9,1807
35240869,1231,2,1229
35240870,2297,38,2259
35240871,1132,8,1124
35240872,802,26,776
35240873,913,1,912
35240874,1024,11,1013
35240875,937,9,928
35240876,916,2,914
35240877,988,14,974
35240878,726,0,726
35240879,873,18,855
35240880,843,11,832
35240881,826,0,826
35240882,778,3,775
35240883,1529,23,1506
35240884,935,0,935
35240885,851,0,851
35240886,764,1,763
35240887,919,1,918
35240888,967,9,958
35240889,864,19,845
35240890,1324,0,1324
35240891,824,11,813
35240892,821,0,821
35240893,849,2,847
35240894,807,18,789
35240895,804,8,796
35240896,795,6,789
35240897,850,0,850
35240898,3036,50,2986
35240903,0,0,0
35240904,1587,19,1568
35240907,735,0,735
35240908,1860,23,1837
35240909,777,1,776
35240910,1346,1,1345
35240911,1333,1,1332
35240912,1381,1,1380
35240913,626,5,621
35240914,622,3,619
35240915,946,1,945
35240916,680,0,680
35240917,1307,2,1305
35240918,606,10,596
35240920,2426,6,2420
35240922,642,2,640
35240923,2822,0,2822
35240924,1910,12,1898
35240925,1335,10,1325
35240926,2527,39,2488
35240927,1506,1,1505
35240928,1403,27,1376
35240929,11705,58,11647
35240931,645,5,640
35240932,976,0,976
35240933,658,8,650
35240934,1297,19,1278
35240935,1378,0,1378
35240936,4257,5,4252
35240937,1217,0,1217
35240938,534,1,533
35240939,898,5,893
35240940,1172,9,1163
35240941,944,1,943
35240942,1131,1,1130
35240943,1446,23,1423
35240944,1898,27,1871
35240945,1624,2,1622
35240946,885,1,884
35240947,5365,26,5339
35240948,704,17,687
35240949,488,3,485
35250030,430,9,421
35250031,437,0,437
35250032,649,16,633
35250033,660,2,658
35250034,734,8,726
35250035,419,48,371
35250036,644,23,621
35250037,560,12,548
35250038,714,3,711
35250039,492,2,490
35250040,508,14,494
35250041,437,0,437
35250042,255,1,254
35250043,619,27,592
35250044,446,2,444
35250045,457,0,457
35250046,549,23,526
35250047,618,1,617
35250048,299,1,298
35250049,406,0,406
35250050,436,9,427
35250051,1371,6,1365
35250052,347,0,347
35250053,629,14,615
35250054,406,20,386
35250055,774,2,772
35250056,233,9,224
35250059,1116,56,1060
35250060,703,3,700
35250061,418,3,415
35250062,632,1,631
35250064,845,0,845
35250065,530,0,530
35250066,390,7,383
35250067,616,5,611
35250070,597,6,591
35250073,479,1,478
35250074,339,8,331
35250075,440,6,434
35250077,597,6,591
35250078,428,4,424
35250079,325,2,323
35250080,726,13,713
35250081,1113,3,1110
35250082,272,2,270
35250083,905,20,885
35250084,380,0,380
35250085,331,1,330
35250086,510,5,505
35250087,534,6,528
35250088,485,21,464
35250089,562,0,562
35250093,576,9,567
35250094,378,0,378
35250095,464,7,457
35250096,546,6,540
35250097,396,1,395
35250098,238,1,237
35250099,936,35,901
35250100,520,12,508
35250101,488,23,465
35250102,360,0,360
35250105,604,11,593
35250106,514,41,473
35250107,496,6,490
35250108,542,9,533
35250109,706,4,702
35250110,599,0,599
35250111,638,30,608
35250112,486,0,486
35250113,332,0,332
35250114,408,12,396
35250115,1521,67,1454
35250116,754,30,724
35250117,309,0,309
35250118,417,34,383
35250119,531,2,529
35250120,437,15,422
35250121,496,4,492
35250122,426,12,414
35250123,415,1,414
35250124,510,23,487
35250125,362,4,358
35250126,647,10,637
35250127,1676,7,1669
35250128,475,6,469
35250129,375,12,363
35250130,335,0,335
35250133,337,0,337
35250134,851,3,848
35250135,1996,27,1969
35250136,361,1,360
35250137,429,22,407
35250144,2153,13,2140
35250145,386,0,386
35250146,870,9,861
35250147,448,8,440
35250148,458,17,441
35250149,614,6,608
35250150,494,5,489
35250151,485,21,464
35250152,1503,9,1494
35250153,609,12,597
35250156,414,0,414
35250158,562,1,561
35250159,468,1,467
35250160,427,9,418
35250161,724,1,723
35250162,436,0,436
35250163,588,4,584
35250164,580,17,563
35250172,513,0,513
35250173,1397,15,1382
35250175,1885,74,1811
35250176,757,7,750
35250177,821,10,811
35250178,604,22,582
35250179,683,18,665
35250180,2023,65,1958
35250181,401,15,386
35250183,234,0,234
35250184,372,10,362
35250185,581,26,555
35250186,324,0,324
35250188,761,25,736
35250189,623,0,623
35250190,421,2,419
35250191,899,30,869
35250192,1499,10,1489
35250193,337,10,327
35250194,533,0,533
35250196,609,11,598
35250197,572,0,572
35250199,3758,110,3648
35250200,561,2,559
35250201,275,1,274
35250202,1198,8,1190
35250203,1159,53,1106
35250204,993,29,964
35250205,260,3,257
35250206,646,1,645
35250207,325,1,324
35250208,391,1,390
35250209,348,2,346
35250210,499,2,497
35250211,324,0,324
35250212,458,20,438
35250213,386,0,386
35250216,423,15,408
35250217,685,49,636
35250218,601,11,590
35250221,603,14,589
35250222,564,16,548
35250223,475,15,460
35250224,433,9,424
35250225,392,12,380
35250226,528,14,514
35250227,615,7,608
35250230,541,2,539
35250231,766,4,762
35250232,912,29,883
35250233,565,0,565
35250234,408,23,385
35250238,868,25,843
35250239,440,19,421
35250240,638,20,618
35250241,273,0,273
35250242,11,0,11
35250243,1263,20,1243
35250248,909,7,902
35250249,533,1,532
35250250,490,0,490
35250251,424,22,402
35250254,742,22,720
35250255,554,7,547
35250256,652,0,652
35250257,562,12,550
35250258,789,9,780
35250259,512,0,512
35250260,614,0,614
35250261,493,39,454
35250262,693,22,671
35250263,1025,20,1005
35250264,376,0,376
35250265,480,9,471
35250266,376,11,365
35250267,523,0,523
35250269,278,0,278
35250270,315,0,315
35250271,363,2,361
35250272,442,0,442
35250273,393,4,389
35250274,1038,41,997
35250275,531,4,527
35250276,658,15,643
35250277,453,38,415
35250278,466,1,465
35250279,733,8,725
35250280,412,5,407
35250281,570,0,570
35250282,595,21,574
35250283,684,10,674
35250284,417,0,417
35250285,874,0,874
35250286,342,6,336
35250287,715,1,714
35250288,477,22,455
35250289,721,8,713
35250290,690,7,683
35250291,1163,6,1157
35250293,997,5,992
35250294,430,1,429
35250295,369,7,362
35250296,476,0,476
35250297,627,1,626
35250298,604,0,604
35250299,617,1,616
35250300,881,6,875
35250302,431,12,419
35250303,541,17,524
35250304,585,6,579
35250305,593,3,590
35250306,428,1,427
35250307,721,14,707
35250308,1038,0,1038
35250309,408,9,399
35250310,439,0,439
35250311,630,1,629
35250312,426,26,400
35250313,746,20,726
35250315,761,36,725
35250316,788,2,786
35250317,558,2,556
35250318,127,1,126
35250319,451,0,451
35250320,543,16,527
35250321,351,36,315
35250322,442,0,442
35250323,561,9,552
35250324,1004,38,966
35250326,383,16,367
35250327,807,69,738
35250328,426,0,426
35250329,552,24,528
35250330,482,42,440
35250331,451,15,436
35250332,583,38,545
35250333,637,8,629
35250334,545,8,537
35250335,424,0,424
35250336,538,25,513
35250337,819,15,804
35250338,792,47,745
35250339,553,0,553
35250340,269,4,265
35250341,648,48,600
35250342,568,29,539
35250343,527,14,513
35250344,538,18,520
35250345,426,6,420
35250346,470,34,436
35250347,477,57,420
35250348,539,1,538
35250349,472,10,462
35250350,643,26,617
35250351,388,9,379
35250352,585,39,546
35250353,569,6,563
35250354,599,12,587
35250355,589,25,564
35250356,657,15,642
35250357,480,0,480
35250358,584,0,584
35250359,481,3,478
35250360,512,17,495
35250361,519,27,492
35250362,516,1,515
35250363,438,1,437
35250364,274,10,264
35250365,975,21,954
35250366,799,41,758
35250367,586,32,554
35250368,553,24,529
35250369,534,28,506
35250370,447,23,424
35250371,547,6,541
35250372,535,3,532
35250373,462,2,460
35250374,489,19,470
35250375,547,41,506
35250376,470,16,454
35250377,625,15,610
35250378,465,23,442
35250379,371,6,365
35250380,486,0,486
35250381,475,13,462
35250382,537,8,529
35250383,729,9,720
35250384,503,13,490
35250385,524,18,506
35250387,474,3,471
35250388,575,13,562
35250389,413,9,404
35250390,539,5,534
35250391,546,13,533
35250392,545,0,545
35250393,456,11,445
35250394,810,39,771
35250395,726,17,709
35250396,671,14,657
35250397,573,12,561
35250398,292,41,251
35250399,835,43,792
35250400,701,12,689
35250401,681,40,641
35250402,504,15,489
35250403,694,32,662
35250404,474,27,447
35250405,495,23,472
35250406,697,13,684
35250407,571,22,549
35250408,464,11,453
35250409,400,15,385
35250410,475,2,473
35250411,526,0,526
35250412,563,9,554
35250413,570,34,536
35250416,530,4,526
35250417,496,0,496
35250418,579,8,571
35250419,707,6,701
35250420,1100,11,1089
35250421,671,9,662
35250422,761,26,735
35250423,779,5,774
35250424,609,1,608
35250425,971,15,956
35250426,471,5,466
35250427,312,17,295
35250428,616,15,601
35250429,425,14,411
35250430,481,15,466
35250431,544,5,539
35250434,1706,41,1665
35250435,467,44,423
35250436,516,19,497
35250437,485,32,453
35250438,343,8,335
35250439,631,26,605
35250440,660,19,641
35250441,605,9,596
35250442,645,15,630
35250443,456,17,439
35250444,554,13,541
35250445,424,0,424
35250446,538,21,517
35250447,336,20,316
35250448,774,72,702
35250449,413,27,386
35250450,514,9,505
35250451,250,31,219
35250452,345,8,337
35250453,452,18,434
35250454,697,39,658
35250455,488,42,446
35250456,561,23,538
35250457,11,0,11
35250458,439,16,423
35250459,729,74,655
35250460,346,11,335
35250461,457,23,434
35250462,417,42,375
35250463,424,22,402
35250464,366,15,351
35250465,616,18,598
35250466,422,25,397
35250467,836,37,799
35250468,529,11,518
35250471,400,19,381
35250472,445,16,429
35250473,290,0,290
35250474,823,88,735
35250475,436,37,399
35250476,399,26,373
35250477,534,22,512
35250478,407,9,398
35250479,635,50,585
35250480,503,38,465
35250481,421,3,418
35250482,530,23,507
35250483,496,41,455
35250484,448,98,350
35250485,562,41,521
35250486,685,20,665
35250487,385,14,371
35250488,471,33,438
35250489,371,22,349
35250490,429,11,418
35250491,382,2,380
35250492,370,18,352
35250493,400,21,379
35250494,352,28,324
35250495,485,34,451
35250496,254,22,232
35250497,663,19,644
35250498,544,26,518
35250499,534,11,523
35250501,580,5,575
35250502,555,0,555
35250503,509,3,506
35250504,691,6,685
35250506,497,9,488
35250507,468,3,465
35250508,529,5,524
35250509,616,2,614
35250510,578,0,578
35250511,758,2,756
35250512,445,2,443
35250513,536,3,533
35250514,923,1,922
35250515,426,6,420
35250516,849,16,833
35250517,411,0,411
35250518,341,0,341
35250519,675,11,664
35250520,715,22,693
35250521,550,4,546
35250522,255,0,255
35250523,535,9,526
35250524,393,2,391
35250525,423,8,415
35250526,1403,31,1372
35250527,474,0,474
35250528,431,0,431
35250529,489,15,474
35250530,502,27,475
35250531,469,2,467
35250532,437,6,431
35250533,855,9,846
35250534,517,50,467
35250535,677,0,677
35250536,489,4,485
35250537,669,13,656
35250538,627,36,591
35250539,672,47,625
35250540,603,0,603
35250541,571,3,568
35250542,478,37,441
35250545,432,10,422
35250546,436,11,425
35250547,423,7,416
35250548,732,10,722
35250549,544,24,520
35250550,499,6,493
35250551,519,5,514
35250552,497,17,480
35250553,561,2,559
35250554,545,12,533
35250555,433,23,410
35250556,558,38,520
35250557,763,48,715
35250558,514,0,514
35250559,491,19,472
35250560,542,0,542
35250561,399,19,380
35250562,535,14,521
35250563,606,20,586
35250564,539,23,516
35250565,751,5,746
35250566,488,15,473
35250567,573,13,560
35250568,666,6,660
35250569,476,0,476
35250570,535,2,533
35250571,450,0,450
35250572,571,0,571
35250573,1191,5,1186
35250574,480,13,467
35250578,830,29,801
35250579,475,0,475
35250580,382,4,378
35250581,877,5,872
35250582,687,27,660
35250583,615,0,615
35250585,633,11,622
35250586,1567,1,1566
35250587,344,10,334
35250588,481,1,480
35250589,732,10,722
35250590,421,16,405
35250591,760,6,754
35250592,575,18,557
35250593,514,38,476
35250594,644,16,628
35250595,505,7,498
35250596,649,10,639
35250597,426,2,424
35250598,471,0,471
35250599,492,10,482
35250600,439,13,426
35250601,647,31,616
35250602,507,2,505
35250603,735,15,720
35250604,519,11,508
35250605,518,0,518
35250606,564,0,564
35250607,507,7,500
35250608,479,7,472
35250609,564,23,541
35250610,583,36,547
35250611,526,0,526
35250612,707,57,650
35250613,1175,9,1166
35250614,407,6,401
35250615,441,10,431
35250616,299,17,282
35250617,509,7,502
35250618,286,0,286
35250619,526,0,526
35250620,481,14,467
35250621,796,6,790
35250622,467,10,457
35250623,425,13,412
35250624,539,13,526
35250625,450,12,438
35250626,561,0,561
35250627,569,1,568
35250628,441,0,441
35250629,949,24,925
35250630,471,0,471
35250631,531,23,508
35250632,680,18,662
35250633,244,0,244
35250634,833,12,821
35250635,434,10,424
35250636,1038,11,1027
35250637,1448,3,1445
35250638,278,10,268
35250639,735,6,729
35250640,562,10,552
35250641,444,16,428
35250642,634,15,619
35250643,595,1,594
35250644,344,0,344
35250645,622,2,620
35250646,944,47,897
35250647,1212,21,1191
35250648,1041,24,1017
35250649,773,14,759
35250650,643,10,633
35250651,308,1,307
35250652,750,15,735
35250655,2161,1,2160
35250656,576,16,560
35250657,700,19,681
35250658,272,9,263
35250659,658,5,653
35250661,1389,51,1338
35250662,1867,17,1850
35250663,802,20,782
35250664,460,4,456
35250665,527,24,503
35250666,468,20,448
35250667,261,3,258
35250668,379,14,365
35250669,391,3,388
35250670,323,3,320
35250671,328,1,327
35250672,371,20,351
35250675,438,1,437
35250676,418,0,418
35250677,479,9,470
35250678,456,12,444
35250679,601,1,600
35250680,484,16,468
35250681,867,22,845
35250692,514,43,471
35250693,428,36,392
35250694,413,39,374
35250695,502,36,466
35250696,480,30,450
35250700,519,58,461
35250701,579,32,547
35250702,566,29,537
35250703,512,22,490
35250704,625,35,590
35250705,525,84,441
35250706,482,41,441
35250707,451,24,427
35250708,732,69,663
35250709,522,23,499
35250710,486,24,462
35250711,383,20,363
35250712,421,81,340
35250713,440,19,421
35250714,565,27,538
35250715,540,25,515
35250716,606,52,554
35250717,514,13,501
35250718,425,33,392
35250719,441,54,387
35250720,599,72,527
35250721,634,58,576
35250724,497,10,487
35250725,443,10,433
35250726,600,38,562
35250727,315,21,294
35250728,549,10,539
35250729,443,19,424
35250730,703,40,663
35250731,636,17,619
35250732,397,1,396
35250733,612,7,605
35250734,535,14,521
35250735,512,19,493
35250736,558,23,535
35250737,479,12,467
35250738,550,13,537
35250739,567,0,567
35250740,583,18,565
35250741,526,20,506
35250742,530,13,517
35250743,443,14,429
35250744,709,5,704
35250745,462,28,434
35250746,388,9,379
35250747,408,47,361
35250748,440,26,414
35250749,501,26,475
35250750,520,21,499
35250753,475,16,459
35250754,457,36,421
35250755,433,30,403
35250756,525,28,497
35250757,469,17,452
35250758,396,11,385
35250759,506,26,480
35250760,487,37,450
35250761,472,24,448
35250762,613,69,544
35250763,520,23,497
35250764,493,17,476
35250765,515,66,449
35250766,508,77,431
35250767,481,31,450
35250768,520,57,463
35250769,463,37,426
35250770,560,68,492
35250771,524,38,486
35250772,472,41,431
35250773,605,45,560
35250774,483,26,457
35250775,475,46,429
35250776,390,35,355
35250777,520,36,484
35250778,432,13,419
35250779,399,6,393
35250780,491,40,451
35250781,429,12,417
35250782,449,9,440
35250783,537,7,530
35250784,513,31,482
35250785,497,52,445
35250786,540,62,478
35250787,736,50,686
35250788,542,12,530
35250789,577,11,566
35250790,585,4,581
35250791,446,32,414
35250792,627,1,626
35250793,514,4,510
35250798,356,37,319
35250799,506,62,444
35250800,524,24,500
35250801,860,6,854
35250802,461,6,455
35250803,388,23,365
35250804,2602,33,2569
35250805,1341,9,1332
35250806,524,10,514
35250807,1197,1,1196
35250810,923,2,921
35250812,434,0,434
35250813,537,8,529
35250814,576,12,564
35250815,1537,10,1527
35250826,932,19,913
35250827,324,25,299
35250828,337,6,331
35250829,450,20,430
35250830,545,22,523
35250831,1309,22,1287
35250832,378,13,365
35250833,369,0,369
35250834,415,11,404
35250835,450,0,450
35250836,418,4,414
35250843,1224,11,1213
35250845,1837,127,1710
35250846,996,44,952
35250847,818,27,791
35250848,1091,18,1073
35250849,1332,15,1317
35250850,1115,12,1103
35250851,2709,64,2645
35250852,2065,49,2016
35250853,1412,13,1399
35250854,1165,12,1153
35250855,1254,18,1236
35250857,620,13,607
35250859,822,0,822
35250860,2460,25,2435
35250861,542,2,540
35250862,586,24,562
35250863,400,4,396
35250864,570,10,560
35250865,652,20,632
35250866,589,17,572
35250867,569,8,561
35250868,447,3,444
35250869,515,4,511
35250870,821,3,818
35250871,549,0,549
35250872,755,2,753
35250873,702,0,702
35250874,764,5,759
35250875,820,15,805
35250876,494,0,494
35250877,607,15,592
35250878,548,4,544
35250879,723,6,717
35250880,559,18,541
35250881,604,23,581
35250882,900,14,886
35250883,652,12,640
35250884,624,2,622
35250885,580,22,558
35250886,579,1,578
35250887,766,26,740
35250888,562,0,562
35250889,648,2,646
35250890,529,4,525
35250891,544,9,535
35250892,3123,65,3058
35250893,646,0,646
35250894,487,1,486
35250895,609,25,584
35250896,504,8,496
35250897,644,6,638
35250898,522,12,510
35250899,525,0,525
35250900,450,24,426
35250901,556,2,554
35250902,505,1,504
35250903,638,29,609
35250904,663,20,643
35250905,586,8,578
35250906,714,19,695
35250907,493,11,482
35250908,560,1,559
35250909,1940,0,1940
35250910,1435,10,1425
35250911,738,0,738
35250912,749,1,748
35250913,799,0,799
35250914,484,4,480
35250918,2022,15,2007
35250919,714,19,695
35250920,1470,17,1453
35250921,850,19,831
35250922,753,6,747
35250923,517,2,515
35250924,458,11,447
35250925,632,18,614
35250928,501,4,497
35250929,661,2,659
35250930,698,0,698
35250931,680,20,660
35250932,488,11,477
35250933,480,0,480
35250934,484,19,465
35250935,1028,16,1012
35250936,500,8,492
35250937,1008,1,1007
35250938,862,7,855
35250939,601,0,601
35250940,472,0,472
35250941,803,21,782
35250942,489,0,489
35250943,972,0,972
35250944,566,0,566
35250945,700,8,692
35250946,470,4,466
35250947,747,40,707
35250948,1520,12,1508
35250949,484,15,469
35250950,517,2,515
35250951,625,20,605
35250952,2198,33,2165
35250953,378,0,378
35250954,489,27,462
35250955,552,8,544
35250956,654,15,639
35250957,511,68,443
35250958,492,31,461
35250959,445,10,435
35250960,494,18,476
35250961,468,25,443
35250962,696,19,677
35250963,2973,71,2902
35250964,570,0,570
35250965,423,4,419
35250966,63,1,62
35250967,553,28,525
35250968,513,9,504
35250969,523,3,520
35250970,524,9,515
35250971,444,0,444
35250972,423,12,411
35250973,625,0,625
35250974,435,0,435
35250975,426,25,401
35250976,353,4,349
35250978,2676,28,2648
35250980,434,15,419
35250981,2677,31,2646
35250982,368,0,368
35250983,538,11,527
35250985,1230,24,1206
35250986,1521,6,1515
35250987,757,25,732
35250988,1295,25,1270
35250989,1198,1,1197
35250990,625,77,548
35250991,732,29,703
35250992,663,0,663
35250993,197,1,196
35250994,1132,18,1114
35250995,1893,22,1871
35250996,1322,0,1322
35250997,1177,26,1151
35250998,624,9,615
35250999,1169,18,1151
35251000,413,27,386
35251001,726,0,726
35251002,560,8,552
35251003,398,0,398
35251004,513,13,500
35251005,979,4,975
35251006,989,1,988
35251007,965,5,960
35251008,442,11,431
35251009,987,0,987
35251010,733,23,710
35251011,733,30,703
35251012,659,10,649
35251013,1051,1,1050
35251014,409,1,408
35251015,754,9,745
35251016,556,1,555
35251017,548,10,538
35251018,922,14,908
35251019,405,14,391
35251020,1098,17,1081
35251021,774,2,772
35251022,2003,23,1980
35251023,1030,33,997
35251024,1233,21,1212
35251025,954,52,902
35251026,640,18,622
35251027,3436,69,3367
35251028,5197,25,5172
35251029,5140,38,5102
35251030,408,1,407
35251031,282,0,282
35251032,382,2,380
35251033,1028,3,1025
35251035,804,6,798
35251036,735,5,730
35251037,826,1,825
35251038,2181,4,2177
35251039,1937,1,1936
35260001,734,22,712
35260002,481,0,481
35260003,611,0,611
35260004,464,0,464
35260005,1113,5,1108
35260006,594,8,586
35260007,504,6,498
35260008,358,0,358
35260009,806,0,806
35260010,542,4,538
35260011,600,11,589
35260012,742,0,742
35260013,380,0,380
35260014,584,0,584
35260015,551,6,545
35260016,1832,5,1827
35260022,1198,7,1191
35260023,886,7,879
35260024,405,0,405
35260025,590,5,585
35260026,755,21,734
35260027,685,11,674
35260028,528,23,505
35260029,504,2,502
35260030,402,19,383
35260031,469,13,456
35260032,366,2,364
35260033,715,24,691
35260034,456,1,455
35260035,425,8,417
35260036,593,23,570
35260037,517,5,512
35260038,428,14,414
35260039,415,40,375
35260040,386,7,379
35260041,358,0,358
35260042,511,13,498
35260043,654,18,636
35260044,662,29,633
35260045,534,12,522
35260046,513,8,505
35260047,523,5,518
35260048,593,19,574
35260049,473,8,465
35260050,522,29,493
35260051,378,5,373
35260052,523,12,511
35260053,504,8,496
35260054,346,19,327
35260055,566,24,542
35260056,1181,35,1146
35260057,457,2,455
35260058,548,13,535
35260059,562,54,508
35260060,454,26,428
35260061,550,13,537
35260062,484,19,465
35260063,543,34,509
35260064,333,18,315
35260065,857,54,803
35260066,409,15,394
35260067,352,2,350
35260068,372,9,363
35260069,536,43,493
35260070,762,26,736
35260071,563,11,552
35260072,441,11,430
35260073,607,17,590
35260074,551,33,518
35260075,457,16,441
35260076,415,1,414
35260077,494,11,483
35260078,378,11,367
35260079,525,1,524
35260080,475,17,458
35260081,379,10,369
35260082,446,36,410
35260083,547,52,495
35260084,488,28,460
35260085,485,22,463
35260086,448,6,442
35260087,543,2,541
35260088,454,1,453
35260089,573,20,553
35260090,469,21,448
35260091,535,20,515
35260092,453,44,409
35260093,506,53,453
35260094,491,20,471
35260095,441,30,411
35260096,470,16,454
35260097,583,16,567
35260098,285,4,281
35260099,394,4,390
35260100,479,9,470
35260101,515,20,495
35260102,377,19,358
35260103,633,36,597
35260104,770,21,749
35260105,401,1,400
35260106,787,16,771
35260107,503,2,501
35260108,551,16,535
35260109,473,9,464
35260110,464,4,460
35260111,534,32,502
35260112,480,26,454
35260113,1147,12,1135
35260114,342,1,341
35260115,393,21,372
35260116,414,11,403
35260118,407,13,394
35260119,917,12,905
35260121,1568,27,1541
35260122,796,43,753
35260123,486,3,483
35260124,512,45,467
35260125,370,5,365
35260126,500,8,492
35260127,715,0,715
35260128,555,11,544
35260129,452,9,443
35260130,446,8,438
35260131,876,10,866
35260132,497,11,486
35260133,1032,15,1017
35260134,1177,0,1177
35260135,544,0,544
35260136,654,25,629
35260139,773,26,747
35260140,493,22,471
35260141,454,16,438
35260142,459,33,426
35260143,335,37,298
35260144,396,35,361
35260145,449,35,414
35260146,622,25,597
35260147,389,20,369
35260148,563,45,518
35260149,595,27,568
35260150,391,11,380
35260151,572,67,505
35260152,534,45,489
35260153,516,6,510
35260154,438,25,413
35260155,488,10,478
35260156,705,53,652
35260157,536,5,531
35260158,660,21,639
35260159,690,23,667
35260160,232,7,225
35260161,412,21,391
35260162,379,0,379
35260163,462,27,435
35260164,459,42,417
35260165,468,5,463
35260166,955,22,933
35260167,244,7,237
35260168,730,0,730
35260169,385,14,371
35260170,431,7,424
35260171,687,24,663
35260172,584,36,548
35260173,584,7,577
35260174,532,8,524
35260175,292,15,277
35260176,2362,16,2346
35260177,588,24,564
35260178,616,1,615
35260179,549,27,522
35260180,646,30,616
35260181,692,21,671
35260182,665,80,585
35260183,470,71,399
35260184,373,14,359
35260185,913,12,901
35260186,617,11,606
35260187,532,47,485
35260188,500,21,479
35260189,552,27,525
35260190,431,19,412
35260191,518,55,463
35260192,471,11,460
35260193,494,45,449
35260194,475,9,466
35260195,744,22,722
35260196,662,19,643
35260198,892,8,884
35260199,506,26,480
35260200,538,33,505
35260201,505,48,457
35260202,670,25,645
35260203,487,30,457
35260204,601,10,591
35260205,349,16,333
35260206,510,22,488
35260207,500,48,452
35260208,501,26,475
35260209,341,14,327
35260211,493,21,472
35260212,509,1,508
35260214,448,3,445
35260215,801,36,765
35260216,466,19,447
35260223,674,4,670
35260224,566,28,538
35260225,536,18,518
35260226,1055,5,1050
35260227,497,4,493
35260228,450,14,436
35260229,969,4,965
35260230,845,23,822
35260231,541,0,541
35260232,343,18,325
35260233,540,9,531
35260234,374,4,370
35260235,1072,5,1067
35260236,396,15,381
35260237,476,1,475
35260238,616,18,598
35260239,663,10,653
35260240,1235,18,1217
35260241,675,17,658
35260242,496,3,493
35260243,349,2,347
35260244,560,22,538
35260245,480,24,456
35260246,388,21,367
35260247,709,10,699
35260248,399,14,385
35260249,576,0,576
35260250,478,11,467
35260251,1245,51,1194
35260252,387,22,365
35260253,545,43,502
35260254,522,25,497
35260255,562,16,546
35260256,411,4,407
35260257,465,12,453
35260258,508,14,494
35260259,459,13,446
35260260,448,74,374
35260261,522,7,515
35260262,547,40,507
35260263,1556,36,1520
35260264,383,6,377
35260265,459,1,458
35260266,645,4,641
35260267,513,4,509
35260268,763,18,745
35260269,449,11,438
35260270,617,0,617
35260271,815,21,794
35260272,1114,29,1085
35260273,520,13,507
35260274,583,31,552
35260275,582,0,582
35260276,612,12,600
35260277,704,53,651
35260278,542,5,537
35260279,527,14,513
35260280,601,15,586
35260281,393,0,393
35260282,465,4,461
35260283,1082,0,1082
35260284,961,9,952
35260285,606,14,592
35260286,440,12,428
35260287,520,11,509
35260288,502,16,486
35260289,2654,29,2625
35260290,500,0,500
35260291,643,1,642
35260296,461,0,461
35260298,1364,15,1349
35260299,336,40,296
35260300,675,1,674
35260301,632,21,611
35260302,562,4,558
35260303,552,6,546
35260304,720,0,720
35260307,864,17,847
35260309,1470,20,1450
35260310,434,0,434
35260311,1003,32,971
35260313,583,0,583
35260314,533,0,533
35260315,476,0,476
35260316,538,1,537
35260317,438,6,432
35260318,498,9,489
35260319,379,8,371
35260320,472,1,471
35260321,676,42,634
35260322,451,10,441
35260323,529,15,514
35260324,689,20,669
35260325,409,5,404
35260326,578,0,578
35260327,368,4,364
35260328,337,0,337
35260330,526,1,525
35260332,442,14,428
35260333,642,2,640
35260334,498,3,495
35260335,1762,66,1696
35260336,1613,17,1596
35260337,314,2,312
35260338,1910,37,1873
35260339,591,11,580
35260340,1294,0,1294
35260341,629,4,625
35260342,528,10,518
35260357,450,8,442
35260358,487,12,475
35260359,524,3,521
35260360,423,11,412
35260361,646,29,617
35260362,526,0,526
35260365,437,0,437
35260366,422,8,414
35260367,573,0,573
35260368,1861,17,1844
35260369,652,5,647
35260370,650,18,632
35260372,342,21,321
35260373,484,22,462
35260375,398,11,387
35260376,514,46,468
35260377,519,4,515
35260378,381,18,363
35260379,815,52,763
35260382,401,13,388
35260383,426,10,416
35260384,701,28,673
35260385,826,48,778
35260386,438,4,434
35260387,473,32,441
35260388,379,25,354
35260389,513,5,508
35260390,420,10,410
35260391,379,12,367
35260392,404,31,373
35260393,253,18,235
35260394,405,10,395
35260395,548,0,548
35260396,373,0,373
35260397,1385,49,1336
35260398,427,6,421
35260400,391,0,391
35260401,339,0,339
35260402,594,27,567
35260403,776,22,754
35260404,435,8,427
35260405,480,1,479
35260407,1263,33,1230
35260410,394,2,392
35260411,401,1,400
35260412,430,7,423
35260413,400,0,400
35260414,454,13,441
35260416,443,0,443
35260418,775,25,750
35260419,504,3,501
35260420,374,11,363
35260423,854,21,833
35260424,435,0,435
35260425,370,1,369
35260426,627,6,621
35260427,429,16,413
35260428,409,1,408
35260429,830,33,797
35260430,431,21,410
35260431,833,28,805
35260432,941,33,908
35260433,711,26,685
35260434,666,42,624
35260435,775,22,753
35260436,523,27,496
35260437,383,35,348
35260438,706,7,699
35260439,447,9,438
35260440,475,12,463
35260441,459,10,449
35260442,480,26,454
35260443,595,10,585
35260444,478,11,467
35260445,619,17,602
35260446,412,18,394
35260447,502,25,477
35260448,523,4,519
35260449,564,51,513
35260450,500,29,471
35260451,431,34,397
35260452,709,69,640
35260453,730,19,711
35260454,466,7,459
35260455,553,2,551
35260456,459,8,451
35260457,437,12,425
35260458,500,9,491
35260459,335,1,334
35260460,415,23,392
35260461,460,7,453
35260462,461,19,442
35260463,407,1,406
35260466,594,24,570
35260467,818,33,785
35260468,786,28,758
35260469,358,19,339
35260470,415,7,408
35260471,590,6,584
35260472,685,8,677
35260473,448,8,440
35260474,534,7,527
35260475,565,9,556
35260476,552,21,531
35260477,522,18,504
35260478,528,19,509
35260479,635,3,632
35260480,598,18,580
35260481,391,5,386
35260482,518,20,498
35260483,483,19,464
35260484,525,0,525
35260485,581,4,577
35260486,524,22,502
35260487,430,7,423
35260488,612,15,597
35260489,504,34,470
35260490,513,30,483
35260491,340,16,324
35260492,475,13,462
35260493,632,31,601
35260494,673,5,668
35260498,392,18,374
35260499,599,29,570
35260500,403,10,393
35260501,395,20,375
35260502,656,8,648
35260503,576,60,516
35260504,687,62,625
35260505,417,29,388
35260506,589,50,539
35260507,699,37,662
35260508,718,19,699
35260509,464,52,412
35260510,512,35,477
35260511,428,22,406
35260512,542,43,499
35260513,508,22,486
35260514,542,25,517
35260515,461,35,426
35260516,492,9,483
35260517,536,12,524
35260518,468,0,468
35260519,434,17,417
35260520,371,0,371
35260521,568,31,537
35260522,582,32,550
35260523,504,13,491
35260524,498,27,471
35260525,537,6,531
35260528,636,20,616
35260529,465,0,465
35260530,421,6,415
35260531,463,4,459
35260532,376,20,356
35260533,432,12,420
35260534,505,19,486
35260535,400,34,366
35260536,844,38,806
35260537,299,0,299
35260538,383,2,381
35260541,487,13,474
35260542,466,16,450
35260543,467,13,454
35260544,518,13,505
35260545,470,24,446
35260546,496,6,490
35260547,648,9,639
35260548,796,12,784
35260549,540,16,524
35260550,379,11,368
35260551,368,15,353
35260552,322,6,316
35260553,385,4,381
35260554,511,11,500
35260555,486,9,477
35260556,482,3,479
35260557,612,23,589
35260558,381,12,369
35260559,438,4,434
35260560,527,11,516
35260561,547,18,529
35260562,380,2,378
35260563,370,8,362
35260564,882,29,853
35260565,482,9,473
35260566,485,23,462
35260567,352,0,352
35260568,554,5,549
35260569,1000,0,1000
35260571,633,13,620
35260573,424,15,409
35260574,442,0,442
35260575,534,20,514
35260576,407,2,405
35260577,468,0,468
35260578,698,19,679
35260579,477,3,474
35260582,498,33,465
35260583,735,24,711
35260584,664,39,625
35260585,751,22,729
35260586,746,16,730
35260587,429,27,402
35260588,446,22,424
35260589,527,37,490
35260590,988,40,948
35260591,709,5,704
35260592,481,14,467
35260593,588,5,583
35260594,388,7,381
35260595,293,0,293
35260596,690,0,690
35260597,665,0,665
35260598,236,0,236
35260599,721,6,715
35260600,612,7,605
35260602,750,17,733
35260603,735,8,727
35260605,453,25,428
35260606,2405,62,2343
35260607,502,22,480
35260608,749,8,741
35260609,374,26,348
35260610,411,38,373
35260611,615,37,578
35260612,706,16,690
35260613,404,4,400
35260614,548,9,539
35260616,808,21,787
35260617,503,4,499
35260618,353,1,352
35260619,1623,57,1566
35260620,527,0,527
35260621,309,9,300
35260622,567,17,550
35260623,351,0,351
35260624,456,10,446
35260625,445,14,431
35260626,944,11,933
35260627,631,3,628
35260628,588,6,582
35260629,531,25,506
35260630,1123,16,1107
35260631,268,0,268
35260632,1108,19,1089
35260633,469,3,466
35260634,1510,9,1501
35260635,876,18,858
35260636,589,9,580
35260637,483,10,473
35260638,1525,29,1496
35260639,569,19,550
35260640,354,16,338
35260641,356,7,349
35260645,380,28,352
35260646,438,33,405
35260647,552,4,548
35260648,411,2,409
35260649,539,14,525
35260650,470,16,454
35260651,441,13,428
35260652,610,0,610
35260653,968,17,951
35260654,701,5,696
35260655,453,10,443
35260656,670,44,626
35260657,325,8,317
35260658,600,0,600
35260659,946,47,899
35260660,1464,20,1444
35260661,379,5,374
35260665,547,45,502
35260666,524,69,455
35260667,439,14,425
35260668,459,75,384
35260669,409,27,382
35260670,449,28,421
35260671,480,30,450
35260675,529,12,517
35260676,738,75,663
35260677,410,39,371
35260678,385,29,356
35260679,477,0,477
35260680,788,65,723
35260681,463,40,423
35260682,721,45,676
35260683,568,15,553
35260684,420,9,411
35260685,552,24,528
35260686,1053,38,1015
35260687,735,30,705
35260688,893,60,833
35260689,541,15,526
35260690,530,29,501
35260695,537,11,526
35260696,639,0,639
35260697,488,27,461
35260698,534,39,495
35260701,661,16,645
35260702,1418,59,1359
35260704,530,28,502
35260706,576,82,494
35260707,488,10,478
35260708,594,42,552
35260709,627,48,579
35260710,494,27,467
35260711,505,3,502
35260712,735,43,692
35260713,551,25,526
35260714,498,44,454
35260715,567,43,524
35260716,478,6,472
35260717,483,52,431
35260718,524,19,505
35260719,675,59,616
35260720,564,12,552
35260721,542,35,507
35260722,458,13,445
35260723,514,12,502
35260724,569,21,548
35260728,452,0,452
35260729,422,9,413
35260730,447,4,443
35260731,294,13,281
35260732,470,3,467
35260734,1574,20,1554
35260736,1299,7,1292
35260737,1238,13,1225
35260738,1119,9,1110
35260739,1507,25,1482
35260740,1629,35,1594
35260741,2464,82,2382
35260742,1049,38,1011
35260743,1321,34,1287
35260744,1229,16,1213
35260746,708,29,679
35260747,1361,64,1297
35260748,1921,39,1882
35260749,780,37,743
35260750,455,9,446
35260751,518,0,518
35260752,831,18,813
35260753,720,8,712
35260754,545,16,529
35260755,1623,14,1609
35260756,729,0,729
35260757,1687,2,1685
35260758,575,1,574
35260759,616,0,616
35260760,717,22,695
35260761,505,23,482
35260762,544,11,533
35260763,441,20,421
35260764,735,1,734
35260765,530,20,510
35260766,919,15,904
35260767,474,18,456
35260768,592,0,592
35260769,480,1,479
35260770,483,0,483
35260771,521,0,521
35260772,2177,4,2173
35260773,824,5,819
35260774,486,16,470
35260775,636,12,624
35260776,625,12,613
35260777,1178,63,1115
35260778,979,28,951
35260779,508,2,506
35260780,460,11,449
35260781,616,0,616
35260782,610,10,600
35260783,503,24,479
35260784,565,2,563
35260785,629,8,621
35260786,448,17,431
35260787,608,55,553
35260788,585,1,584
35260789,448,20,428
35260790,527,5,522
35260791,514,21,493
35260792,762,20,742
35260793,583,11,572
35260794,650,17,633
35260795,833,39,794
35260796,636,36,600
35260797,554,19,535
35260798,570,15,555
35260799,516,15,501
35260800,523,10,513
35260801,849,23,826
35260802,692,17,675
35260803,649,18,631
35260804,865,20,845
35260805,662,13,649
35260806,749,5,744
35260807,602,40,562
35260808,457,16,441
35260809,465,0,465
35260810,491,12,479
35260811,491,13,478
35260812,498,30,468
35260813,416,0,416
35260815,336,25,311
35260816,811,34,777
35260817,522,3,519
35260818,352,14,338
35260819,547,22,525
35260820,559,8,551
35260821,877,15,862
35260822,64,58,6
35260823,773,4,769
35260824,1286,18,1268
35260825,768,4,764
35260826,959,6,953
35260827,713,0,713
35260828,533,15,518
35260829,544,8,536
35260830,939,0,939
35260831,458,6,452
35260832,883,9,874
35260833,753,1,752
35260834,336,11,325
35260835,1736,20,1716
35260836,5198,83,5115
35260837,729,48,681
35280151,559,1,558
35280152,587,52,535
35280153,577,37,540
35280154,558,50,508
35280155,569,28,541
35280156,568,12,556
35280157,549,13,536
35280158,739,21,718
35280159,489,13,476
35280160,728,35,693
35280161,858,12,846
35280162,715,42,673
35280163,956,896,60
35280164,611,34,577
35280165,138,121,17
35280166,501,67,434
35280167,393,79,314
35280168,571,67,504
35280169,979,26,953
35280170,823,24,799
35280171,448,4,444
35280172,723,15,708
35280173,572,69,503
35280174,426,0,426
35280175,555,54,501
35280176,473,4,469
35280177,729,23,706
35280178,433,11,422
35280179,433,8,425
35280180,556,35,521
35280181,504,14,490
35280182,579,0,579
35280183,570,14,556
35280184,484,6,478
35280185,494,20,474
35280186,423,10,413
35280187,360,10,350
35280188,517,4,513
35280189,516,27,489
35280190,562,6,556
35280191,536,4,532
35280192,709,4,705
35280193,478,13,465
35280194,481,17,464
35280195,536,12,524
35280196,450,17,433
35280197,417,22,395
35280198,848,57,791
35280199,527,24,503
35280200,905,25,880
35280201,775,13,762
35280202,1132,55,1077
35280203,426,8,418
35280204,412,11,401
35280205,470,0,470
35280206,758,17,741
35280207,652,11,641
35280208,630,22,608
35280209,431,6,425
35280210,240,2,238
35280211,350,16,334
35280212,401,6,395
35280213,421,10,411
35280214,407,24,383
35280215,868,4,864
35280216,606,6,600
35280217,624,19,605
35280218,1108,48,1060
35280219,406,0,406
35280220,763,12,751
35280221,362,2,360
35280222,483,6,477
35280223,467,0,467
35280224,549,22,527
35280225,565,35,530
35280226,480,14,466
35280227,497,13,484
35280228,586,53,533
35280229,511,1,510
35280230,423,2,421
35280231,661,0,661
35280232,412,20,392
35280233,396,32,364
35280234,429,0,429
35280235,533,20,513
35280236,526,10,516
35280237,617,24,593
35280238,909,33,876
35280239,933,20,913
35280240,555,10,545
35280241,816,42,774
35280242,492,0,492
35280243,690,12,678
35280244,557,12,545
35280245,564,10,554
35280246,467,0,467
35280247,419,4,415
35280248,472,5,467
35280249,516,21,495
35280250,461,0,461
35280251,542,26,516
35280252,636,18,618
35280253,628,15,613
35280254,457,27,430
35280255,557,5,552
35280256,660,4,656
35280257,473,16,457
35280258,674,22,652
35280259,492,1,491
35280260,615,3,612
35280261,523,8,515
35280262,453,0,453
35280263,424,17,407
35280264,774,19,755
35280265,498,7,491
35280266,505,14,491
35280267,401,0,401
35280268,589,16,573
35280269,371,18,353
35280270,545,4,541
35280271,452,10,442
35280272,521,43,478
35280273,430,7,423
35280274,526,8,518
35280275,579,23,556
35280276,398,6,392
35280277,482,0,482
35280278,389,2,387
35280279,462,8,454
35280280,335,1,334
35280281,367,27,340
35280282,399,0,399
35280283,509,19,490
35280284,435,5,430
35280285,847,3,844
35280286,392,10,382
35280287,409,7,402
35280288,441,15,426
35280289,455,2,453
35280290,538,8,530
35280291,575,6,569
35280292,520,12,508
35280293,698,0,698
35280294,498,6,492
35280295,592,0,592
35280296,455,9,446
35280297,424,7,417
35280298,500,11,489
35280299,724,16,708
35280300,559,7,552
35280301,506,16,490
35280302,532,4,528
35280303,443,9,434
35280304,468,6,462
35280305,457,21,436
35280306,479,26,453
35280307,524,20,504
35280308,516,8,508
35280309,478,6,472
35280310,623,13,610
35280311,544,37,507
35280312,499,3,496
35280313,528,32,496
35280314,714,24,690
35280315,500,14,486
35280316,632,30,602
35280317,524,36,488
35280318,422,22,400
35280319,502,18,484
35280320,467,8,459
35280321,495,16,479
35280322,442,26,416
35280323,507,7,500
35280324,486,4,482
35280325,479,12,467
35280326,473,44,429
35280327,521,26,495
35280328,372,6,366
35280329,379,31,348
35280330,468,32,436
35280331,492,5,487
35280332,1023,81,942
35280333,538,24,514
35280334,465,62,403
35280335,555,24,531
35280336,478,55,423
35280337,439,16,423
35280338,474,6,468
35280339,570,4,566
35280340,432,13,419
35280341,569,1,568
35280342,557,12,545
35280343,623,5,618
35280344,455,10,445
35280345,530,9,521
35280346,643,4,639
35280347,434,0,434
35280348,538,13,525
35280349,421,5,416
35280350,623,42,581
35280351,500,28,472
35280352,410,14,396
35280353,513,4,509
35280354,470,14,456
35280355,524,29,495
35280356,522,15,507
35280357,576,6,570
35290007,768,35,733
35290008,408,14,394
35290009,636,58,578
35290010,755,25,730
35290011,1223,25,1198
35290012,437,1,436
35290013,614,32,582
35290014,882,40,842
35290015,587,19,568
35290016,521,15,506
35290017,337,3,334
35290018,407,9,398
35290019,429,5,424
35290020,536,29,507
35290021,530,11,519
35290022,546,6,540
35290023,623,0,623
35290024,425,8,417
35290025,469,36,433
35290026,549,37,512
35290027,710,5,705
35290029,673,11,662
35290030,561,20,541
35290031,777,44,733
35290032,590,22,568
35290033,417,4,413
35290034,597,17,580
35290035,453,31,422
35290036,556,4,552
35290037,517,0,517
35290038,739,62,677
35290039,430,20,410
35290040,449,17,432
35290041,406,5,401
35290042,575,32,543
35290043,508,1,507
35290044,490,6,484
35290045,427,23,404
35290046,690,35,655
35290047,586,16,570
35290048,764,15,749
35290049,451,37,414
35290050,960,43,917
35290051,292,20,272
35290052,513,19,494
35290054,523,20,503
35290055,701,59,642
35290056,446,22,424
35290057,1075,9,1066
35290060,301,0,301
35290066,474,67,407
35290067,522,44,478
35290068,533,38,495
35290069,420,37,383
35290070,244,14,230
35290071,1034,62,972
35290084,469,55,414
35290085,535,130,405
35290086,541,27,514
35290087,437,22,415
35290088,439,105,334
35290089,546,22,524
35290090,541,138,403
35290091,633,56,577
35290092,657,81,576
35290093,550,56,494
35290094,457,44,413
35290095,463,23,440
35290096,592,31,561
35290097,712,14,698
35290098,584,8,576
35290099,564,49,515
35290100,602,79,523
35290101,510,28,482
35290102,590,18,572
35290103,442,29,413
35290104,626,44,582
35290105,541,23,518
35290106,814,93,721
35290107,299,39,260
35290108,406,47,359
35290109,563,23,540
35290110,668,97,571
35290111,3870,163,3707
35290112,477,40,437
35290113,986,30,956
35290114,252,9,243
35290115,385,11,374
35290116,460,28,432
35290118,488,9,479
35290119,417,16,401
35290121,643,2,641
35290122,500,12,488
35290123,457,32,425
35290124,591,34,557
35290126,761,68,693
35290128,342,10,332
35290129,1041,52,989
35290130,641,33,608
35290131,560,19,541
35290132,649,3,646
35290133,567,13,554
35290134,674,52,622
35290135,467,21,446
35290136,670,6,664
35290137,518,27,491
35290138,526,23,503
35290139,417,6,411
35290140,570,18,552
35290141,645,43,602
35290142,454,14,440
35290143,459,48,411
35290144,509,35,474
35290145,624,12,612
35290146,499,72,427
35290147,452,4,448
35290148,495,8,487
35290149,392,1,391
35290150,504,41,463
35290151,471,8,463
35290152,420,56,364
35290153,485,46,439
35290154,463,12,451
35290155,441,56,385
35290156,583,17,566
35290157,920,104,816
35290158,490,87,403
35290159,607,141,466
35290164,501,32,469
35290165,592,44,548
35290221,944,0,944
35290223,1046,7,1039
35290224,514,10,504
35290225,688,5,683
35290226,583,24,559
35290227,1337,5,1332
35290228,585,5,580
35290229,499,4,495
35290230,715,0,715
35290231,635,14,621
35290232,450,1,449
35290233,397,6,391
35290234,465,1,464
35290235,584,8,576
35290236,1138,43,1095
35290237,830,25,805
35290238,586,21,565
35290239,908,13,895
35290240,502,28,474
35290241,471,79,392
35290242,485,30,455
35290243,776,29,747
35290244,542,45,497
35290245,439,60,379
35290246,418,52,366
35290247,476,53,423
35290248,437,12,425
35290249,465,53,412
35290250,459,37,422
35290251,410,68,342
35290252,497,21,476
35290253,493,75,418
35290254,553,30,523
35290255,491,29,462
35290256,562,115,447
35290257,532,27,505
35290258,0,0,0
35290259,484,95,389
35290260,462,25,437
35290261,516,46,470
35290262,0,0,0
35290263,771,31,740
35290264,460,10,450
35290265,521,23,498
35290267,674,663,11
35290268,642,1,641
35290269,510,31,479
35290270,499,25,474
35290271,383,5,378
35290272,540,5,535
35290273,485,29,456
35290274,484,17,467
35290275,540,0,540
35290276,521,12,509
35290277,523,19,504
35290278,456,2,454
35290279,676,39,637
35290280,703,25,678
35290281,430,8,422
35290282,567,14,553
35290283,636,19,617
35290284,552,9,543
35290285,503,2,501
35290286,1600,24,1576
35290287,841,8,833
35290288,602,9,593
35290289,498,0,498
35290290,640,39,601
35290291,693,32,661
35290292,451,16,435
35290293,479,16,463
35290294,458,6,452
35290295,453,0,453
35290296,518,0,518
35290297,452,14,438
35290298,584,0,584
35290299,506,26,480
35290300,460,11,449
35290301,205,14,191
35290302,595,0,595
35290303,632,4,628
35290304,449,0,449
35290305,548,21,527
35290306,518,0,518
35290307,676,37,639
35290308,538,14,524
35290309,503,33,470
35290310,670,4,666
35290311,1057,17,1040
35290313,271,15,256
35290314,338,2,336
35290316,1281,41,1240
35290317,913,23,890
35290318,361,2,359
35290319,4303,163,4140
35290320,2327,87,2240
35290321,625,16,609
35290322,887,77,810
35290323,403,14,389
35290324,423,33,390
35290325,1740,44,1696
35290326,504,38,466
35290327,490,13,477
35290328,546,512,34
35290329,1157,1084,73
35290330,1630,1528,102
35290331,1468,1376,92
35290332,1014,950,64
35290333,640,600,40
35300002,880,0,880
35300003,415,10,405
35300004,450,4,446
35300005,485,16,469
35300006,424,1,423
35300007,535,6,529
35300008,746,10,736
35300009,670,24,646
35300010,511,0,511
35300011,518,17,501
35300012,459,15,444
35300013,492,2,490
35300027,793,1,792
35300028,697,4,693
35300029,318,0,318
35300030,524,2,522
35300031,244,11,233
35300032,1541,14,1527
35300033,269,0,269
35300034,708,3,705
35300035,1402,11,1391
35300036,493,1,492
35300037,330,7,323
35300038,587,0,587
35300039,419,0,419
35300040,158,0,158
35300041,437,0,437
35300042,447,6,441
35300043,454,0,454
35300044,495,16,479
35300045,357,0,357
35300046,545,16,529
35300047,596,1,595
35300048,463,2,461
35300049,717,0,717
35300050,612,11,601
35300051,520,4,516
35300052,823,6,817
35300053,425,18,407
35300054,377,12,365
35300055,458,19,439
35300056,577,36,541
35300057,389,21,368
35300058,941,15,926
35300059,791,20,771
35300060,645,4,641
35300061,412,2,410
35300062,461,2,459
35300063,570,8,562
35300064,684,7,677
35300065,554,3,551
35300066,1374,0,1374
35300070,564,13,551
35300071,437,4,433
35300072,499,20,479
35300073,483,11,472
35300074,562,25,537
35300075,465,0,465
35300076,507,5,502
35300078,471,2,469
35300079,291,0,291
35300080,424,7,417
35300081,332,5,327
35300082,416,9,407
35300084,635,29,606
35300085,370,11,359
35300086,437,1,436
35300087,1720,16,1704
35300088,740,35,705
35300089,348,0,348
35300090,224,1,223
35300091,850,14,836
35300092,536,9,527
35300095,863,3,860
35300096,473,4,469
35300097,660,26,634
35300098,424,10,414
35300099,549,14,535
35300100,508,19,489
35300101,444,14,430
35300104,524,0,524
35300110,601,14,587
35300112,460,39,421
35300113,553,41,512
35300116,485,2,483
35300117,491,6,485
35300118,747,15,732
35300119,376,0,376
35300120,791,51,740
35300121,492,0,492
35300122,1352,37,1315
35300125,439,1,438
35300126,439,0,439
35300127,476,0,476
35300128,463,1,462
35300129,584,6,578
35300130,399,2,397
35300131,578,9,569
35300132,1363,15,1348
35300133,455,0,455
35300134,537,5,532
35300135,530,12,518
35300136,698,9,689
35300137,1023,4,1019
35300138,359,0,359
35300139,544,24,520
35300140,538,21,517
35300141,491,0,491
35300142,442,3,439
35300143,488,20,468
35300144,614,25,589
35300145,684,20,664
35300146,559,9,550
35300147,636,7,629
35300148,713,21,692
35300149,955,10,945
35300150,899,65,834
35300151,464,6,458
35300152,541,1,540
35300153,308,0,308
35300154,1063,3,1060
35300155,819,25,794
35300158,388,12,376
35300159,457,7,450
35300160,232,2,230
35300161,407,6,401
35300162,218,7,211
35300163,530,15,515
35300164,484,6,478
35300165,276,10,266
35300166,825,23,802
35300167,822,11,811
35300168,278,25,253
35300169,708,0,708
35300171,492,13,479
35300172,496,6,490
35300173,600,14,586
35300174,2820,50,2770
35300177,662,43,619
35300179,605,7,598
35300180,634,13,621
35300181,492,2,490
35300182,504,1,503
35300183,444,18,426
35300184,509,11,498
35300185,866,1,865
35300186,949,18,931
35300187,428,0,428
35300189,769,0,769
35300190,403,12,391
35300191,347,6,341
35300192,485,32,453
35300193,1636,36,1600
35300194,418,4,414
35300195,349,9,340
35300196,473,26,447
35300197,536,27,509
35300198,516,8,508
35300199,544,22,522
35300200,392,0,392
35300201,405,2,403
35300202,589,13,576
35300203,550,9,541
35300204,361,7,354
35300205,589,19,570
35300206,438,9,429
35300207,704,23,681
35300208,435,3,432
35300212,290,15,275
35300213,885,20,865
35300214,322,17,305
35300217,214,11,203
35300218,1010,0,1010
35300219,424,9,415
35300222,223,8,215
35300223,1208,40,1168
35300224,563,9,554
35300225,545,0,545
35300226,364,0,364
35300227,676,23,653
35300228,1135,12,1123
35300231,511,0,511
35300237,875,26,849
35300238,429,17,412
35300243,887,2,885
35300247,1121,7,1114
35300249,732,7,725
35300250,524,0,524
35300252,536,0,536
35300253,537,13,524
35300254,451,15,436
35300255,214,0,214
35300256,541,3,538
35300259,504,0,504
35300262,667,0,667
35300265,790,9,781
35300266,337,0,337
35300267,551,9,542
35300268,698,0,698
35300269,570,5,565
35300273,851,13,838
35300275,626,13,613
35300276,573,15,558
35300277,734,0,734
35300280,803,0,803
35300282,882,20,862
35300283,709,27,682
35300285,944,1,943
35300286,1051,41,1010
35300287,755,24,731
35300288,354,10,344
35300289,1285,0,1285
35300290,385,2,383
35300291,495,1,494
35300292,484,3,481
35300296,1398,2,1396
35300297,696,7,689
35300298,893,6,887
35300329,369,14,355
35300330,520,6,514
35300332,313,15,298
35300333,560,1,559
35300334,247,0,247
35300335,551,19,532
35300338,511,11,500
35300339,1137,20,1117
35300340,1309,29,1280
35300341,608,3,605
35300343,428,12,416
35300344,1027,46,981
35300347,511,41,470
35300348,455,9,446
35300349,503,8,495
35300350,552,22,530
35300351,608,17,591
35300353,491,23,468
35300354,1064,18,1046
35300355,384,33,351
35300357,631,7,624
35300358,530,0,530
35300359,545,30,515
35300360,641,19,622
35300361,493,16,477
35300362,509,15,494
35300363,533,3,530
35300364,514,14,500
35300365,666,28,638
35300366,670,19,651
35300367,498,28,470
35300368,329,10,319
35300369,528,12,516
35300370,641,9,632
35300371,998,30,968
35300372,1738,20,1718
35300373,257,6,251
35300374,1169,41,1128
35300375,462,9,453
35300376,552,0,552
35300377,788,8,780
35300378,637,50,587
35300379,444,25,419
35300380,547,0,547
35300381,891,18,873
35300382,378,9,369
35300383,692,17,675
35300384,407,7,400
35300385,534,1,533
35300386,485,1,484
35300387,495,25,470
35300388,525,20,505
35300389,458,11,447
35300390,400,5,395
35300391,462,7,455
35300392,425,0,425
35300393,422,0,422
35300394,540,22,518
35300395,425,10,415
35300396,998,18,980
35300397,483,9,474
35300398,359,9,350
35300399,614,13,601
35300400,412,10,402
35300401,446,29,417
35300402,606,25,581
35300403,554,13,541
35300404,454,2,452
35300405,603,4,599
35300406,412,0,412
35300407,640,36,604
35300408,528,2,526
35300409,762,0,762
35300410,610,0,610
35300413,559,0,559
35300414,448,0,448
35300415,640,2,638
35300416,349,24,325
35300417,411,3,408
35300418,867,12,855
35300424,499,15,484
35300425,238,6,232
35300429,680,37,643
35300431,490,35,455
35300432,544,29,515
35300433,435,9,426
35300434,862,46,816
35300435,419,10,409
35300436,547,7,540
35300437,949,4,945
35300438,1230,26,1204
35300439,662,14,648
35300440,608,10,598
35300441,347,1,346
35300442,416,12,404
35300443,295,6,289
35300444,471,0,471
35300445,483,11,472
35300446,726,37,689
35300447,513,6,507
35300448,828,8,820
35300449,605,21,584
35300450,525,6,519
35300451,513,0,513
35300452,437,0,437
35300453,548,9,539
35300454,579,4,575
35300455,452,10,442
35300456,558,9,549
35300460,465,0,465
35300462,1034,2,1032
35300463,441,0,441
35300464,493,1,492
35300466,629,10,619
35300469,714,42,672
35300470,268,1,267
35300471,791,43,748
35300472,426,0,426
35300473,667,0,667
35300476,506,0,506
35300477,453,23,430
35300478,460,14,446
35300479,436,18,418
35300480,529,39,490
35300481,488,0,488
35300482,404,19,385
35300483,1033,33,1000
35300484,524,23,501
35300485,816,5,811
35300486,423,4,419
35300487,564,5,559
35300488,719,46,673
35300489,1018,16,1002
35300492,570,0,570
35300493,327,0,327
35300494,655,9,646
35300495,456,0,456
35300496,512,25,487
35300498,586,1,585
35300500,1657,30,1627
35300501,428,0,428
35300502,637,30,607
35300503,970,19,951
35300504,715,4,711
35300505,457,0,457
35300507,351,17,334
35300508,675,36,639
35300510,761,16,745
35300511,408,0,408
35300512,790,37,753
35300513,587,1,586
35300514,299,3,296
35300515,608,7,601
35300516,833,7,826
35300517,597,4,593
35300518,529,39,490
35300519,418,0,418
35300520,583,0,583
35300525,952,12,940
35300526,453,0,453
35300527,493,18,475
35300528,746,17,729
35300529,346,1,345
35300530,474,22,452
35300531,360,27,333
35300537,3767,10,3757
35300538,611,19,592
35300539,474,26,448
35300540,451,4,447
35300541,283,0,283
35300542,1358,15,1343
35300543,368,10,358
35300544,520,4,516
35300545,510,10,500
35300547,684,21,663
35300548,489,8,481
35300549,410,7,403
35300550,433,3,430
35300551,495,28,467
35300552,381,13,368
35300553,413,21,392
35300554,664,6,658
35300555,434,16,418
35300556,460,0,460
35300557,1846,16,1830
35300558,691,4,687
35300559,579,10,569
35300560,392,0,392
35300561,474,0,474
35300563,1191,0,1191
35300564,1050,48,1002
35300565,797,26,771
35300566,316,7,309
35300567,514,0,514
35300568,797,1,796
35300569,315,0,315
35300573,833,12,821
35300574,774,22,752
35300575,379,5,374
35300576,2653,15,2638
35300579,612,9,603
35300580,721,7,714
35300581,392,7,385
35300582,1179,16,1163
35300583,384,0,384
35300584,589,0,589
35300587,276,0,276
35300588,460,1,459
35300589,1038,32,1006
35300590,429,11,418
35300591,1293,20,1273
35300598,289,0,289
35300599,491,13,478
35300600,498,11,487
35300608,2756,82,2674
35300611,677,28,649
35300612,568,11,557
35300613,330,19,311
35300614,620,10,610
35300615,466,0,466
35300618,646,4,642
35300619,779,54,725
35300620,362,10,352
35300621,425,20,405
35300622,303,7,296
35300623,352,12,340
35300624,459,8,451
35300625,515,4,511
35300626,615,9,606
35300627,590,8,582
35300628,437,13,424
35300629,362,24,338
35300630,421,13,408
35300631,533,22,511
35300632,850,4,846
35300633,459,25,434
35300634,446,14,432
35300636,1027,2,1025
35300639,653,2,651
35300640,648,12,636
35300641,641,0,641
35300642,572,12,560
35300645,649,29,620
35300646,609,18,591
35300647,392,0,392
35300648,676,24,652
35300649,1465,4,1461
35300650,538,7,531
35300651,493,0,493
35300652,424,2,422
35300653,376,10,366
35300654,884,22,862
35300655,1370,13,1357
35300656,394,5,389
35300657,556,8,548
35300658,508,8,500
35300660,1510,14,1496
35300661,603,0,603
35300662,636,17,619
35300663,567,20,547
35300664,531,4,527
35300665,450,5,445
35300667,448,21,427
35300671,636,20,616
35300674,1011,21,990
35300677,508,0,508
35300678,485,12,473
35300679,474,23,451
35300680,449,19,430
35300681,937,37,900
35300682,922,32,890
35300683,442,23,419
35300684,789,11,778
35300685,506,13,493
35300686,409,28,381
35300687,383,17,366
35300688,446,0,446
35300689,499,22,477
35300693,412,0,412
35300694,613,13,600
35300701,1042,27,1015
35300702,566,19,547
35300705,1707,2,1705
35300706,1433,52,1381
35300707,1144,26,1118
35300708,3947,65,3882
35300709,754,0,754
35300711,493,0,493
35300713,1256,40,1216
35300714,1340,49,1291
35300716,1737,26,1711
35300717,1434,23,1411
35300718,1151,35,1116
35300719,738,0,738
35300720,899,44,855
35300721,1004,25,979
35300722,1273,27,1246
35300726,627,10,617
35300727,752,51,701
35300728,1372,10,1362
35300729,934,6,928
35300730,1485,37,1448
35300732,665,1,664
35300734,703,29,674
35300735,1022,39,983
35300737,1263,21,1242
35300738,1010,8,1002
35300739,439,1,438
35300740,1003,3,1000
35300741,464,0,464
35300742,631,0,631
35300743,579,1,578
35300744,399,0,399
35300745,781,1,780
35300746,548,1,547
35300747,704,5,699
35300749,13,0,13
35300751,432,31,401
35300754,995,2,993
35300755,543,9,534
35300756,550,0,550
35300757,534,1,533
35300758,406,25,381
35300759,467,0,467
35300760,555,0,555
35300761,607,14,593
35300762,551,0,551
35300763,526,8,518
35300764,569,14,555
35300765,517,0,517
35300766,632,0,632
35300767,513,0,513
35300768,548,0,548
35300769,499,0,499
35300770,386,1,385
35300771,972,0,972
35300772,753,4,749
35300773,1778,14,1764
35300774,504,0,504
35300775,419,0,419
35300776,2966,29,2937
35300777,981,17,964
35300778,525,0,525
35300780,864,16,848
35300783,575,12,563
35300784,589,30,559
35300785,409,1,408
35300786,483,24,459
35300787,458,7,451
35300788,1950,58,1892
35300789,609,55,554
35300790,600,0,600
35300791,444,1,443
35300792,1301,1,1300
35300793,330,8,322
35300795,544,10,534
35300796,568,4,564
35300797,412,0,412
35300798,622,0,622
35300799,414,15,399
35300800,476,20,456
35300801,481,13,468
35300802,515,2,513
35300803,423,18,405
35300804,1740,7,1733
35300805,932,49,883
35300806,846,19,827
35300807,507,3,504
35300808,699,18,681
35300809,541,10,531
35300810,568,5,563
35300811,528,8,520
35300812,605,0,605
35300813,610,12,598
35300814,574,11,563
35300815,441,0,441
35300816,796,12,784
35300818,361,0,361
35300819,536,2,534
35300821,1285,8,1277
35300822,1816,16,1800
35300823,668,0,668
35300824,773,0,773
35300825,290,0,290
35300826,995,10,985
35300827,377,1,376
35300828,508,10,498
35300830,1055,4,1051
35300832,572,0,572
35300833,670,1,669
35300836,438,43,395
35300837,569,23,546
35300838,455,10,445
35300839,347,16,331
35300840,866,0,866
35300841,370,20,350
35300842,438,13,425
35300843,401,3,398
35300844,565,10,555
35300845,441,36,405
35300846,462,13,449
35300847,423,10,413
35300850,624,6,618
35300851,1200,43,1157
35300853,391,0,391
35300854,767,24,743
35300856,509,0,509
35300857,710,28,682
35300858,684,8,676
35300859,670,10,660
35300860,601,0,601
35300861,406,29,377
35300863,479,36,443
35300864,1770,4,1766
35300869,452,8,444
35300870,798,0,798
35300871,768,29,739
35300872,578,0,578
35300873,1149,4,1145
35300874,651,0,651
35300875,1049,0,1049
35300876,578,5,573
35300877,1789,19,1770
35300878,603,11,592
35300880,3992,53,3939
35300881,1153,0,1153
35300882,1127,14,1113
35300883,1988,45,1943
35300884,6635,35,6600
35300885,1052,10,1042
35300886,1569,30,1539
35300887,1285,35,1250
35300888,1067,16,1051
35300889,3414,22,3392
35300890,1016,9,1007
35300891,1471,19,1452
35300892,1070,10,1060
35300893,2602,13,2589
35300894,447,0,447
35300895,788,5,783
35300896,881,38,843
35300899,1854,1,1853
35300900,562,5,557
35300902,3216,12,3204
35300904,169,1,168
35300906,183,4,179
35300908,754,1,753
35300909,337,1,336
35300911,494,7,487
35300913,1729,24,1705
35300914,3993,98,3895
35300915,2842,35,2807
35300916,1234,42,1192
35300917,962,9,953
35300918,3168,7,3161
35300919,2232,8,2224
35300920,1204,17,1187
35300921,2145,56,2089
35300922,3192,50,3142
35300924,7848,37,7811
35300926,2359,14,2345
35300927,1485,52,1433
35300928,346,0,346
35300929,1945,5,1940
35300930,1244,19,1225
35300932,1955,11,1944
35300934,1562,14,1548
35300936,1325,8,1317
35300938,1179,6,1173
35300939,549,24,525
35300941,4328,24,4304
35300942,681,5,676
35300943,656,1,655
35300944,1760,21,1739
35300945,722,0,722
35300946,289,14,275
35300947,361,14,347
35300948,531,5,526
35300949,567,18,549
35300950,482,0,482
35300952,759,39,720
35300954,664,0,664
35300955,904,4,900
35300957,762,75,687
35300958,601,41,560
35300960,902,27,875
35300961,624,40,584
35300962,706,15,691
35300963,449,0,449
35300965,590,43,547
35300966,662,28,634
35300967,988,29,959
35300968,539,13,526
35300970,1047,6,1041
35300971,592,1,591
35300972,420,0,420
35300973,724,4,720
35300974,354,0,354
35300975,628,0,628
35300976,741,2,739
35300977,465,10,455
35300979,690,6,684
35300980,852,23,829
35300981,709,0,709
35300982,556,15,541
35300983,1038,0,1038
35300984,368,20,348
35300985,479,34,445
35300987,401,0,401
35300988,631,1,630
35300989,637,0,637
35300991,847,5,842
35300992,1086,36,1050
35300993,475,2,473
35300995,1948,7,1941
35300996,938,22,916
35300997,338,0,338
35300998,737,2,735
35300999,748,10,738
35301001,472,24,448
35301002,626,0,626
35301003,761,34,727
35301004,795,19,776
35301005,1903,5,1898
35301007,614,4,610
35301008,1146,0,1146
35301009,619,2,617
35301010,221,8,213
35301012,5394,77,5317
35301013,746,22,724
35301014,535,8,527
35301016,5547,31,5516
35301017,1395,14,1381
35301020,1407,1,1406
35301023,684,6,678
35301025,1101,31,1070
35301026,863,18,845
35310112,433,17,416
35310113,405,0,405
35310114,526,1,525
35310115,543,3,540
35310116,464,12,452
35310117,492,29,463
35310118,444,7,437
35310119,453,15,438
35310120,766,27,739
35310121,496,14,482
35310122,626,14,612
35310123,568,1,567
35310124,1532,1,1531
35310125,631,10,621
35310126,646,1,645
35310127,400,6,394
35310128,565,0,565
35310129,802,1,801
35310130,436,0,436
35310131,665,6,659
35310132,680,12,668
35310133,568,2,566
35310134,588,12,576
35310135,794,0,794
35310136,666,20,646
35310137,733,26,707
35310138,740,22,718
35310139,703,23,680
35310140,674,0,674
35310141,740,0,740
35310142,520,0,520
35310143,460,1,459
35310144,573,3,570
35310145,546,3,543
35310146,488,14,474
35310147,436,6,430
35310148,482,5,477
35310149,531,12,519
35310150,522,18,504
35310151,508,3,505
35310152,477,3,474
35310153,473,13,460
35310154,443,0,443
35310155,542,4,538
35310156,1038,13,1025
35310157,558,0,558
35310158,481,4,477
35310159,496,15,481
35310160,381,2,379
35310161,644,24,620
35310162,784,6,778
35310163,722,13,709
35310164,591,6,585
35310165,469,5,464
35310166,457,0,457
35310167,438,3,435
35310168,570,0,570
35310169,493,2,491
35310170,620,30,590
35310171,662,28,634
35310172,618,0,618
35310173,765,1,764
35310174,637,56,581
35310175,588,25,563
35310176,585,9,576
35310177,589,25,564
35310178,596,26,570
35310179,496,45,451
35310180,586,22,564
35310181,655,14,641
35310182,584,24,560
35310183,455,12,443
35310184,829,26,803
35310185,682,23,659
35310186,675,2,673
35310187,787,22,765
35310188,942,15,927
35310189,841,2,839
35310190,609,8,601
35310191,767,15,752
35310192,584,1,583
35310193,474,4,470
35310194,1067,17,1050
35310195,629,20,609
35310196,555,0,555
35310197,478,29,449
35310198,1938,52,1886
35310199,917,4,913
35310203,604,18,586
35310204,590,6,584
35310205,495,1,494
35310206,492,0,492
35310207,362,18,344
35310208,468,6,462
35310209,534,8,526
35310210,519,0,519
35310211,643,3,640
35310213,542,12,530
35310214,763,19,744
35310215,524,5,519
35310216,691,1,690
35310218,1396,0,1396
35310219,900,0,900
35310220,895,13,882
35310221,878,0,878
35310222,602,0,602
35310223,1330,0,1330
35310224,513,0,513
35310225,522,0,522
35310226,1197,25,1172
35310227,599,34,565
35310228,488,4,484
35310229,515,23,492
35310230,427,2,425
35310231,390,0,390
35310232,557,0,557
35310234,490,0,490
35310236,2072,16,2056
35310237,644,5,639
35310239,1260,4,1256
35320153,306,2,304
35320154,329,8,321
35320155,495,15,480
35320156,1042,25,1017
35320157,468,2,466
35320158,715,3,712
35320159,567,0,567
35320160,655,5,650
35320162,4159,108,4051
35320163,628,24,604
35320164,526,0,526
35320165,613,36,577
35320166,561,0,561
35320167,584,23,561
35320168,656,14,642
35320169,561,28,533
35320170,510,16,494
35320171,694,32,662
35320172,596,18,578
35320173,749,13,736
35320174,684,18,666
35320175,461,45,416
35320176,537,0,537
35320177,481,4,477
35320178,703,18,685
35320179,520,5,515
35320180,580,13,567
35320181,515,20,495
35320182,540,3,537
35320183,593,13,580
35320184,440,8,432
35320185,529,33,496
35320186,527,0,527
35320187,648,14,634
35320188,505,22,483
35320189,618,18,600
35320190,549,16,533
35320191,535,26,509
35320192,288,5,283
35320193,644,0,644
35320194,636,25,611
35320195,780,9,771
35320196,668,38,630
35320197,572,15,557
35320198,550,2,548
35320199,498,26,472
35320201,545,17,528
35320202,757,34,723
35320203,509,7,502
35320204,626,26,600
35320205,735,16,719
35320206,901,37,864
35320207,2600,9,2591
35320208,748,15,733
35320209,480,23,457
35320210,629,34,595
35320211,787,0,787
35320212,1022,6,1016
35320213,994,54,940
35320214,698,10,688
35320215,607,0,607
35320216,586,0,586
35320217,546,0,546
35320218,458,13,445
35320219,518,1,517
35320220,807,10,797
35320221,555,17,538
35320222,1433,6,1427
35320223,674,15,659
35320224,440,9,431
35320225,612,11,601
35320226,935,21,914
35320227,476,0,476
35320228,594,0,594
35320229,528,0,528
35320230,539,9,530
35320231,530,11,519
35320232,477,17,460
35320233,1035,45,990
35320234,525,4,521
35320235,1633,32,1601
35320236,552,27,525
35320237,539,14,525
35320238,665,4,661
35320239,495,24,471
35320240,500,23,477
35320241,593,1,592
35320242,600,17,583
35320243,634,0,634
35320244,443,0,443
35320246,569,2,567
35320247,441,0,441
35320248,442,19,423
35320249,284,0,284
35320250,950,8,942
35320251,384,7,377
35320252,580,5,575
35320254,825,10,815
35320255,485,17,468
35320256,456,1,455
35320257,561,20,541
35320258,502,0,502
35320259,484,0,484
35320260,691,13,678
35320261,525,6,519
35320262,572,0,572
35320263,612,0,612
35320264,606,4,602
35320265,550,0,550
35320266,1214,9,1205
35320267,480,7,473
35320268,749,5,744
35320269,508,2,506
35320270,580,20,560
35320271,1107,11,1096
35320272,1192,52,1140
35320273,558,16,542
35320274,885,12,873
35320275,971,7,964
35320276,1146,26,1120
35320277,591,2,589
35320278,1133,47,1086
35320279,494,31,463
35320280,472,5,467
35320281,580,8,572
35320282,598,24,574
35320283,581,13,568
35320284,580,37,543
35320285,513,3,510
35320286,811,9,802
35320287,671,15,656
35320288,966,6,960
35320289,1673,27,1646
35320290,687,4,683
35320291,817,21,796
35320292,633,23,610
35320293,603,0,603
35320294,646,17,629
35320295,640,11,629
35320296,550,3,547
35320297,514,3,511
35320298,728,10,718
35320299,875,0,875
35320300,721,11,710
35320301,1076,10,1066
35320302,610,1,609
35320303,585,0,585
35320304,527,10,517
35320305,650,0,650
35320306,640,6,634
35320307,705,16,689
35320308,424,0,424
35320309,494,0,494
35320310,701,18,683
35320311,713,23,690
35320312,455,0,455
35320313,727,7,720
35320314,2013,29,1984
35320315,685,30,655
35320317,506,0,506
35320318,280,0,280
35320319,970,10,960
35320321,658,1,657
35320322,2020,8,2012
35340021,1505,57,1448
35340022,405,15,390
35340023,522,6,516
35340024,810,21,789
35340025,954,6,948
35340026,394,6,388
35340027,491,18,473
35340028,461,6,455
35340029,524,11,513
35340030,467,0,467
35340031,560,19,541
35340032,526,58,468
35340033,363,5,358
35340034,448,4,444
35340035,417,12,405
35340036,448,43,405
35340037,459,52,407
35340038,631,28,603
35340039,543,35,508
35340040,408,15,393
35340041,359,2,357
35340042,442,10,432
35340043,335,6,329
35340044,404,12,392
35340045,475,20,455
35340046,504,40,464
35340051,575,0,575
35340052,1061,0,1061
35340056,507,0,507
35340057,495,22,473
35340058,748,23,725
35340059,436,25,411
35340060,1283,76,1207
35340061,3292,94,3198
35340062,491,14,477
35340095,437,9,428
35340096,478,19,459
35340097,365,17,348
35340098,405,24,381
35340099,537,9,528
35340100,322,11,311
35340101,351,7,344
35340102,383,2,381
35340103,2082,33,2049
35340104,1962,40,1922
35340105,485,3,482
35340123,872,60,812
35340124,439,31,408
35340125,560,0,560
35340126,404,5,399
35340127,554,15,539
35340128,372,9,363
35340129,389,11,378
35340130,534,2,532
35340131,576,0,576
35340132,472,10,462
35340133,609,11,598
35340134,546,0,546
35340135,836,21,815
35340136,651,14,637
35340137,499,13,486
35340138,719,35,684
35340139,507,44,463
35340140,514,32,482
35340141,796,2,794
35340142,431,0,431
35340143,586,18,568
35340144,522,24,498
35340145,524,0,524
35340146,669,13,656
35340147,619,5,614
35340148,525,1,524
35340149,617,11,606
35340150,753,0,753
35340151,540,3,537
35340152,590,0,590
35340153,532,0,532
35340154,790,1,789
35340155,511,0,511
35340156,695,11,684
35340157,578,1,577
35340158,652,23,629
35340159,615,29,586
35340160,691,8,683
35340161,668,4,664
35340162,668,1,667
35340163,648,1,647
35340164,788,4,784
35340165,573,0,573
35340166,741,1,740
35340167,703,2,701
35340168,653,9,644
35340169,552,1,551
35340170,600,5,595
35340171,517,9,508
35340172,443,0,443
35340173,787,14,773
35340174,578,6,572
35340175,678,10,668
35340176,827,30,797
35340177,593,1,592
35340178,419,6,413
35340179,512,0,512
35340180,786,21,765
35340181,459,13,446
35340182,1186,67,1119
35340183,450,12,438
35340184,823,7,816
35340185,599,5,594
35340186,786,44,742
35340187,778,27,751
35340188,853,21,832
35340189,380,0,380
35340190,755,23,732
35340191,467,28,439
35340192,488,6,482
35340193,615,4,611
35340194,416,8,408
35340195,395,2,393
35340196,609,1,608
35340197,633,26,607
35340198,630,31,599
35340199,764,13,751
35340200,513,28,485
35340201,736,9,727
35340202,518,14,504
35340203,528,11,517
35340204,603,13,590
35340205,526,17,509
35340206,625,0,625
35340207,575,5,570
35340208,458,22,436
35340209,475,11,464
35340210,706,0,706
35340211,624,46,578
35340212,496,12,484
35340213,636,4,632
35340214,676,4,672
35340215,526,21,505
35340216,380,20,360
35340217,531,10,521
35340218,594,32,562
35340219,517,22,495
35340220,632,7,625
35340221,1538,37,1501
35340222,802,7,795
35340223,306,3,303
35360158,361,17,344
35360159,442,12,430
35360160,309,2,307
35360161,412,15,397
35360162,413,398,15
35360163,365,13,352
35360164,460,7,453
35360165,446,9,437
35360166,413,4,409
35360169,497,27,470
35360170,516,4,512
35360171,512,29,483
35360172,452,0,452
35360175,385,5,380
35360178,623,22,601
35360180,439,4,435
35360181,500,10,490
35360183,447,6,441
35360184,485,1,484
35360185,427,16,411
35360186,353,9,344
35360187,446,11,435
35360188,454,1,453
35360196,544,0,544
35360197,362,6,356
35360198,369,5,364
35360199,498,25,473
35360200,427,22,405
35360202,378,6,372
35360203,442,1,441
35360204,445,9,436
35360207,467,11,456
35360208,401,1,400
35360211,473,15,458
35360214,838,31,807
35360215,460,1,459
35360216,503,5,498
35360217,555,0,555
35360218,988,19,969
35360219,451,18,433
35360220,400,4,396
35360221,511,22,489
35360222,507,15,492
35360225,513,41,472
35360226,545,23,522
35360227,476,3,473
35360228,467,70,397
35360229,400,28,372
35360230,477,46,431
35360231,436,15,421
35360232,578,47,531
35360233,486,12,474
35360235,617,30,587
35360236,470,35,435
35360238,969,21,948
35360239,494,14,480
35360240,1039,8,1031
35360241,627,48,579
35360242,430,0,430
35360243,471,28,443
35360244,661,7,654
35360245,331,21,310
35360246,358,9,349
35360247,568,45,523
35360248,474,13,461
35360249,496,13,483
35360250,433,68,365
35360251,860,50,810
35360252,516,0,516
35360253,777,0,777
35360255,541,35,506
35360258,671,12,659
35360259,687,4,683
35360260,490,4,486
35360261,322,0,322
35360262,449,13,436
35360263,840,35,805
35360264,424,4,420
35360266,441,8,433
35360267,397,18,379
35360270,657,112,545
35360274,469,37,432
35360275,427,59,368
35360276,434,19,415
35360277,408,0,408
35360279,475,43,432
35360281,487,34,453
35360282,482,24,458
35360283,455,13,442
35360284,479,28,451
35360285,389,34,355
35360286,463,5,458
35360287,382,13,369
35360290,501,50,451
35360292,410,33,377
35360293,445,8,437
35360298,421,14,407
35360299,564,0,564
35360300,701,31,670
35360301,702,13,689
35360303,333,0,333
35360305,457,5,452
35360306,361,0,361
35360307,531,3,528
35360308,452,6,446
35360309,384,41,343
35360312,393,11,382
35360313,678,16,662
35360314,582,0,582
35360315,233,9,224
35360316,878,86,792
35360317,879,4,875
35360318,254,4,250
35360319,312,11,301
35360321,406,7,399
35360322,487,8,479
35360324,492,20,472
35360326,702,22,680
35360328,466,19,447
35360330,412,26,386
35360331,505,0,505
35360332,454,40,414
35360333,485,50,435
35360334,509,20,489
35360335,409,34,375
35360336,470,16,454
35360338,494,14,480
35360339,655,23,632
35360340,534,7,527
35360341,348,0,348
35360342,643,20,623
35360343,430,7,423
35360345,411,6,405
35360346,468,14,454
35360347,440,18,422
35360348,538,5,533
35360349,184,9,175
35360350,480,38,442
35360352,517,8,509
35360353,396,7,389
35360354,450,8,442
35360357,588,2,586
35360358,669,40,629
35360359,747,25,722
35360360,680,33,647
35360361,514,28,486
35360362,518,23,495
35360363,539,19,520
35360364,576,0,576
35360365,88,11,77
35360366,679,157,522
35360367,100,0,100
35360368,329,5,324
35360371,580,21,559
35360372,63,7,56
35360373,481,48,433
35360375,29,4,25
35360377,445,49,396
35360379,320,35,285
35360380,291,23,268
35360381,164,0,164
35360382,546,35,511
35360383,41,23,18
35360384,97,8,89
35360385,358,10,348
35360386,382,7,375
35360388,221,29,192
35360389,45,0,45
35360391,252,3,249
35360392,305,25,280
35360393,218,11,207
35360394,229,6,223
35360395,0,0,0
35360396,254,3,251
35360397,434,31,403
35360398,7,2,5
35360399,495,7,488
35360400,23,4,19
35360401,225,9,216
35360402,309,8,301
35360404,76,8,68
35360406,56,0,56
35360407,105,20,85
35360408,453,3,450
35360409,97,0,97
35360410,780,3,777
35360411,470,12,458
35360412,243,0,243
35360414,245,2,243
35360415,29,3,26
35360416,321,11,310
35360417,399,13,386
35360419,401,8,393
35360420,262,5,257
35360422,417,16,401
35360423,30,0,30
35360424,208,7,201
35360425,232,9,223
35360430,499,2,497
35360432,159,2,157
35360433,119,3,116
35360434,178,5,173
35360435,292,23,269
35360436,252,0,252
35360437,126,0,126
35360438,399,5,394
35360439,425,8,417
35360442,353,27,326
35360444,88,0,88
35360448,21,16,5
35360449,112,0,112
35360450,543,14,529
35360453,530,2,528
35360454,145,10,135
35360455,338,15,323
35360456,341,6,335
35360457,34,5,29
35360458,22,3,19
35360459,399,11,388
35360460,56,9,47
35360461,194,0,194
35360462,145,3,142
35360463,341,8,333
35360464,137,0,137
35360465,143,0,143
35360466,317,11,306
35360467,247,15,232
35360468,232,31,201
35360469,231,8,223
35360470,366,0,366
35360471,226,0,226
35360472,193,3,190
35360474,82,15,67
35360475,243,0,243
35360476,206,3,203
35360477,323,0,323
35360478,607,4,603
35360479,57,0,57
35360481,266,6,260
35360482,69,6,63
35360483,464,15,449
35360484,118,4,114
35360485,6,6,0
35360486,281,23,258
35360487,293,38,255
35360488,190,36,154
35360489,40,1,39
35360490,369,0,369
35360491,30,6,24
35360492,331,5,326
35360493,239,0,239
35360494,209,14,195
35360495,240,0,240
35360496,102,2,100
35360497,281,0,281
35360498,344,4,340
35360499,128,13,115
35360500,397,17,380
35360501,191,26,165
35360502,171,0,171
35360503,140,0,140
35360504,94,21,73
35360505,277,1,276
35360506,21,1,20
35360507,87,13,74
35360508,372,14,358
35360509,95,0,95
35360510,379,14,365
35360511,23,3,20
35370050,271,0,271
35370051,636,17,619
35370052,451,0,451
35370053,338,0,338
35370054,526,15,511
35370055,530,12,518
35370056,793,11,782
35370057,677,15,662
35370059,572,36,536
35370060,484,24,460
35370061,656,18,638
35370062,462,0,462
35370063,380,9,371
35370064,406,9,397
35370065,305,15,290
35370066,457,6,451
35370072,7564,117,7447
35370073,1545,111,1434
35370074,124,1,123
35370075,907,27,880
35370076,934,0,934
35370077,887,56,831
35370078,511,32,479
35370079,337,12,325
35370080,733,20,713
35370081,534,13,521
35370082,523,1,522
35370083,554,8,546
35370086,406,6,400
35370087,305,5,300
35370088,341,0,341
35370089,271,0,271
35370090,413,13,400
35370091,706,33,673
35370092,541,39,502
35370093,629,16,613
35370094,452,0,452
35370095,486,12,474
35370096,484,0,484
35370097,479,0,479
35370098,624,0,624
35370099,1280,6,1274
35370100,441,1,440
35370101,557,11,546
35370102,444,17,427
35370103,570,49,521
35370104,511,4,507
35370105,587,2,585
35370106,725,30,695
35370108,761,51,710
35370109,501,36,465
35370110,447,22,425
35370111,522,8,514
35370112,494,17,477
35370113,432,14,418
35370114,432,21,411
35370115,446,8,438
35370116,461,11,450
35370117,412,7,405
35370118,492,35,457
35370119,480,19,461
35370120,479,20,459
35370121,660,61,599
35370122,393,39,354
35370123,533,21,512
35370128,710,25,685
35370129,494,13,481
35370130,455,2,453
35370131,654,30,624
35370134,808,15,793
35370135,598,16,582
35370136,514,54,460
35370137,706,15,691
35370138,382,11,371
35370139,385,10,375
35370140,355,0,355
35370141,343,11,332
35370142,2750,98,2652
35370143,1209,13,1196
35370144,631,24,607
35370145,620,12,608
35370146,1494,57,1437
35370147,594,1,593
35370148,730,33,697
35370149,700,16,684
35370150,697,13,684
35370151,521,3,518
35370152,439,16,423
35370153,436,0,436
35370154,354,2,352
35370155,431,0,431
35370156,403,14,389
35370157,505,53,452
35370158,471,13,458
35370159,643,22,621
35370160,583,28,555
35370161,419,37,382
35370162,392,18,374
35370163,793,91,702
35370164,386,43,343
35370165,551,9,542
35370166,572,2,570
35370167,494,5,489
35370168,387,13,374
35370169,457,1,456
35370170,450,16,434
35370171,577,20,557
35370172,451,12,439
35370173,429,7,422
35370174,557,12,545
35370175,580,7,573
35370176,402,5,397
35370177,397,34,363
35370178,380,9,371
35370179,598,0,598
35370180,477,19,458
35370181,413,19,394
35370182,517,11,506
35370183,382,0,382
35370184,475,26,449
35370185,397,11,386
35370186,563,9,554
35370187,235,10,225
35370188,351,24,327
35370189,518,22,496
35370190,301,19,282
35370191,709,13,696
35370192,583,8,575
35370193,494,0,494
35370194,622,15,607
35370195,472,11,461
35370196,623,24,599
35370197,466,0,466
35370198,416,30,386
35370199,376,13,363
35370200,412,39,373
35370201,438,17,421
35370202,437,2,435
35370203,561,1,560
35370204,354,24,330
35370205,451,6,445
35370206,544,10,534
35370207,616,24,592
35370208,337,14,323
35370209,537,5,532
35370210,653,65,588
35370211,584,1,583
35370212,530,11,519
35370213,456,15,441
35370214,376,64,312
35370215,470,21,449
35370216,513,23,490
35370217,444,26,418
35370218,408,0,408
35370219,407,23,384
35370220,408,19,389
35370221,527,7,520
35370222,437,37,400
35370223,463,14,449
35370224,490,12,478
35370225,420,12,408
35370226,447,20,427
35370227,428,23,405
35370228,488,56,432
35370229,487,16,471
35370230,527,29,498
35370231,429,15,414
35370232,429,3,426
35370233,588,35,553
35370234,421,9,412
35370235,421,15,406
35370236,545,43,502
35370237,526,25,501
35370238,582,4,578
35370239,544,56,488
35370240,562,13,549
35370241,508,32,476
35370242,439,30,409
35370243,483,2,481
35370244,354,44,310
35370245,544,30,514
35370246,580,15,565
35370247,489,34,455
35370248,386,7,379
35370249,363,18,345
35370250,411,4,407
35370251,559,29,530
35370252,447,4,443
35370253,368,0,368
35370254,379,9,370
35370255,507,0,507
35370256,480,60,420
35370257,414,0,414
35370258,377,0,377
35370259,515,6,509
35370260,413,3,410
35370261,396,12,384
35370262,433,37,396
35370263,339,1,338
35370264,391,13,378
35370266,1306,43,1263
35370267,578,11,567
35370268,643,0,643
35370269,494,4,490
35370270,364,24,340
35370271,513,30,483
35370272,441,26,415
35370273,444,11,433
35370274,642,34,608
35370275,413,17,396
35370276,484,13,471
35370277,734,41,693
35370278,328,5,323
35370279,440,10,430
35370284,548,20,528
35370285,477,9,468
35370286,477,9,468
35370287,477,16,461
35370288,703,5,698
35370289,444,11,433
35370290,605,14,591
35370291,600,8,592
35370292,965,53,912
35370293,994,19,975
35370294,673,21,652
35370295,260,30,230
35370296,492,12,480
35370297,501,15,486
35370298,515,1,514
35370299,447,20,427
35370300,566,9,557
35370301,2659,75,2584
35370302,2677,74,2603
35370304,440,31,409
35370305,440,19,421
35370306,539,5,534
35370307,449,23,426
35370308,559,42,517
35370309,436,22,414
35370310,547,6,541
35370311,549,17,532
35370312,522,12,510
35370313,419,0,419
35370314,180,2,178
35370315,493,8,485
35370316,438,0,438
35370317,386,10,376
35370318,384,17,367
35370319,365,18,347
35370320,473,12,461
35370321,457,17,440
35370322,474,27,447
35370323,483,32,451
35370324,393,3,390
35370325,491,10,481
35370326,547,38,509
35370327,226,12,214
35370328,451,24,427
35370329,421,25,396
35370330,454,27,427
35370331,481,9,472
35370332,524,29,495
35370333,559,36,523
35370334,407,0,407
35370335,620,21,599
35370336,429,18,411
35370337,208,18,190
35370338,583,0,583
35370339,995,11,984
35370340,517,1,516
35370341,484,8,476
35370342,453,3,450
35370343,491,0,491
35370344,630,42,588
35370345,486,20,466
35370346,529,22,507
35370347,479,23,456
35370348,515,13,502
35370349,435,28,407
35370350,637,20,617
35370351,552,8,544
35370352,309,2,307
35370353,527,14,513
35370354,570,3,567
35370355,453,10,443
35370356,492,37,455
35370357,462,44,418
35370358,150,14,136
35370359,634,8,626
35370360,1595,19,1576
35370361,320,0,320
35370362,506,0,506
35370363,241,0,241
35370364,542,10,532
35370365,435,0,435
35370366,361,0,361
35370367,562,2,560
35370368,357,3,354
35370369,771,15,756
35370370,390,10,380
35370371,624,20,604
35370372,275,0,275
35370373,940,13,927
35370374,656,0,656
35370375,442,21,421
35370376,1045,15,1030
35370377,1060,23,1037
35370381,517,0,517
35370383,935,9,926
35370384,477,0,477
35370385,432,2,430
35370386,536,4,532
35370387,433,21,412
35370388,720,12,708
35370389,437,0,437
35370390,485,1,484
35370391,576,2,574
35370392,340,2,338
35370393,433,1,432
35370394,513,0,513
35370395,873,4,869
35370396,770,32,738
35370397,468,4,464
35370398,1077,13,1064
35370413,532,40,492
35370414,382,33,349
35370415,573,1,572
35370416,590,16,574
35370519,397,4,393
35370521,891,0,891
35370522,616,11,605
35370523,617,4,613
35370524,558,16,542
35370525,1403,4,1399
35370543,473,1,472
35370544,484,43,441
35370545,429,22,407
35370546,470,12,458
35370547,413,1,412
35370548,502,1,501
35370553,846,23,823
35370554,1358,39,1319
35370555,756,25,731
35370556,639,9,630
35370557,681,38,643
35370558,729,5,724
35370559,600,30,570
35370560,1117,54,1063
35370561,673,37,636
35370562,500,20,480
35370563,704,40,664
35370564,1478,75,1403
35370565,671,31,640
35370566,492,8,484
35370567,427,8,419
35370568,574,6,568
35370569,448,19,429
35370570,543,25,518
35370571,402,3,399
35370572,386,6,380
35370573,590,57,533
35370574,1139,34,1105
35370575,432,12,420
35370576,558,3,555
35370577,644,13,631
35370578,2661,44,2617
35370579,2881,87,2794
35370580,725,14,711
35370581,712,11,701
35370582,539,37,502
35370583,864,2,862
35370584,678,0,678
35370585,593,2,591
35370586,1348,13,1335
35370587,774,5,769
35370588,549,36,513
35370589,1976,24,1952
35370590,822,1,821
35370591,492,14,478
35370592,605,39,566
35370593,627,1,626
35370594,626,14,612
35370595,861,8,853
35370596,489,8,481
35370597,483,6,477
35370598,566,0,566
35370599,517,1,516
35370600,624,4,620
35370601,651,0,651
35370602,544,25,519
35370603,520,0,520
35370604,617,17,600
35370605,881,24,857
35370606,711,17,694
35370607,897,54,843
35370608,411,0,411
35370609,652,22,630
35370610,445,13,432
35370611,493,3,490
35370612,950,30,920
35370613,425,11,414
35370614,556,19,537
35370615,507,0,507
35370616,1137,5,1132
35370617,1047,18,1029
35370618,880,13,867
35370619,1015,8,1007
35370620,476,53,423
35370621,558,4,554
35370622,804,74,730
35370623,628,24,604
35370624,487,11,476
35370625,637,0,637
35370626,487,5,482
35370627,522,9,513
35370628,403,4,399
35370629,488,17,471
35370630,703,4,699
35370631,844,29,815
35370632,725,4,721
35370633,480,0,480
35370634,741,10,731
35370635,339,17,322
35370636,496,20,476
35370637,495,6,489
35370638,749,7,742
35370639,537,15,522
35370640,490,22,468
35370641,603,0,603
35370642,569,15,554
35370643,699,30,669
35370644,555,18,537
35370645,402,0,402
35370646,626,16,610
35370647,483,20,463
35370648,478,23,455
35370649,1016,44,972
35370650,479,0,479
35370651,485,3,482
35370652,540,21,519
35370653,650,7,643
35370654,940,18,922
35370655,629,39,590
35370656,752,12,740
35370657,2109,0,2109
35370658,920,16,904
35370659,1661,6,1655
35370660,1130,52,1078
35370661,571,0,571
35370662,540,0,540
35370663,473,1,472
35370664,1025,14,1011
35370665,732,0,732
35370666,884,0,884
35370667,1327,31,1296
35370668,586,43,543
35370670,387,7,380
35370671,1745,12,1733
35370672,416,4,412
35370673,367,0,367
35370674,663,33,630
35370675,641,12,629
35370676,585,11,574
35370677,369,4,365
35370678,1070,0,1070
35370681,464,2,462
35370682,567,20,547
35370683,1044,13,1031
35370684,864,5,859
35370685,480,0,480
35370686,632,5,627
35370687,470,15,455
35370688,933,54,879
35370689,529,5,524
35370690,838,42,796
35370691,1276,4,1272
35370692,599,26,573
35370693,359,7,352
35370694,584,12,572
35370695,501,10,491
35370696,438,3,435
35370697,489,59,430
35370698,581,3,578
35370699,530,0,530
35370700,553,5,548
35370701,646,0,646
35370702,711,14,697
35370703,469,12,457
35370704,1101,33,1068
35370705,457,12,445
35370706,679,30,649
35370707,878,18,860
35370708,477,10,467
35370709,907,14,893
35370710,556,5,551
35370711,667,17,650
35370712,843,16,827
35370713,542,15,527
35370714,618,17,601
35370715,741,39,702
35370716,687,37,650
35370717,421,0,421
35370718,596,19,577
35370719,539,50,489
35370720,516,0,516
35370721,481,8,473
35370722,850,15,835
35370723,456,7,449
35370724,668,41,627
35370725,682,5,677
35370726,471,7,464
35370727,476,12,464
35370728,509,31,478
35370729,650,17,633
35370730,564,32,532
35370731,449,31,418
35370732,469,7,462
35370733,595,11,584
35370734,505,22,483
35370735,627,64,563
35370736,629,64,565
35370737,609,16,593
35370738,529,25,504
35370739,839,27,812
35370740,494,0,494
35370741,508,25,483
35370743,586,12,574
35370744,865,71,794
35370745,841,29,812
35370746,546,8,538
35370747,382,6,376
35370748,519,7,512
35370750,599,4,595
35370751,582,5,577
35370752,520,22,498
35370753,804,5,799
35370754,728,6,722
35370755,571,18,553
35370756,524,0,524
35370757,526,15,511
35370758,544,1,543
35370759,661,44,617
35370760,779,38,741
35370761,655,0,655
35370762,456,19,437
35370763,367,10,357
35370764,538,63,475
35370765,961,10,951
35370766,505,17,488
35370767,412,7,405
35370768,1056,26,1030
35370769,443,2,441
35370770,460,7,453
35370771,438,13,425
35370772,674,21,653
35370773,543,8,535
35370774,605,13,592
35370775,917,6,911
35370776,370,7,363
35370777,685,2,683
35370778,755,23,732
35370779,567,39,528
35370780,508,11,497
35370781,324,0,324
35370782,655,16,639
35370783,473,0,473
35370784,686,1,685
35370785,306,0,306
35370786,295,15,280
35370787,521,44,477
35370788,514,29,485
35370789,518,12,506
35370790,416,30,386
35370791,428,6,422
35370792,455,7,448
35370793,501,9,492
35370794,499,7,492
35370795,479,8,471
35370796,503,39,464
35370797,1225,17,1208
35370798,496,8,488
35370799,523,5,518
35370800,888,23,865
35370801,538,7,531
35370802,569,0,569
35370803,587,8,579
35370804,538,0,538
35370805,903,12,891
35370806,582,1,581
35370807,723,11,712
35370808,475,0,475
35370809,568,5,563
35370810,730,7,723
35370811,539,3,536
35370812,514,13,501
35370813,696,13,683
35370814,637,8,629
35370815,384,1,383
35370816,554,2,552
35370817,630,0,630
35370818,619,16,603
35370819,668,0,668
35370820,534,9,525
35370821,398,30,368
35370822,441,14,427
35370823,440,7,433
35370824,663,7,656
35370825,532,16,516
35370826,699,24,675
35370827,523,25,498
35370828,590,12,578
35370829,694,6,688
35370830,551,23,528
35370831,1003,9,994
35370832,345,0,345
35370833,257,0,257
35370834,795,0,795
35370835,777,12,765
35370836,565,11,554
35370837,2556,39,2517
35370838,709,2,707
35370839,219,0,219
35370840,1175,60,1115
35370841,721,10,711
35370842,589,37,552
35370843,518,13,505
35370844,550,9,541
35370845,683,3,680
35370846,500,0,500
35370847,509,1,508
35370848,450,0,450
35370849,457,9,448
35370850,654,1,653
35370851,1736,15,1721
35370852,563,14,549
35370853,592,42,550
35370854,698,60,638
35370855,653,5,648
35370856,487,12,475
35370857,527,0,527
35370858,720,6,714
35370859,535,19,516
35370860,480,0,480
35370861,452,9,443
35370862,442,0,442
35370863,520,16,504
35370864,466,11,455
35370865,714,6,708
35370866,2571,55,2516
35370867,2429,6,2423
35370868,1434,57,1377
35370869,1344,34,1310
35370870,516,10,506
35370871,1214,10,1204
35370872,291,0,291
35370873,551,12,539
35370874,435,9,426
35370875,631,5,626
35370876,243,0,243
35370877,237,0,237
35370878,376,2,374
35380052,1112,40,1072
35380053,929,52,877
35380054,742,40,702
35380056,574,10,564
35380057,807,21,786
35380058,263,23,240
35380060,315,37,278
35380061,430,60,370
35380062,415,33,382
35380063,510,23,487
35380064,461,15,446
35380065,446,81,365
35380066,1130,105,1025
35380067,584,27,557
35380068,524,78,446
35380069,420,4,416
35380070,417,29,388
35380071,356,19,337
35380072,449,19,430
35380073,356,23,333
35380074,419,18,401
35380075,407,10,397
35380076,395,45,350
35380077,388,34,354
35380078,452,29,423
35380079,418,41,377
35380080,374,7,367
35380081,409,12,397
35380082,409,18,391
35380083,410,29,381
35380084,378,85,293
35380085,373,59,314
35380086,438,14,424
35380087,607,23,584
35380088,536,60,476
35380089,433,27,406
35380090,474,41,433
35380091,470,18,452
35380092,458,12,446
35380093,492,31,461
35380094,541,48,493
35380095,494,49,445
35380096,593,20,573
35380097,617,28,589
35380098,510,15,495
35380099,379,29,350
35380100,447,0,447
35380101,497,12,485
35380102,399,5,394
35380103,448,13,435
35380104,654,18,636
35380105,402,17,385
35380106,533,14,519
35380107,483,22,461
35380108,497,63,434
35380109,476,26,450
35380110,427,27,400
35380111,679,37,642
35380112,653,28,625
35380113,497,16,481
35380114,424,30,394
35380115,448,12,436
35380116,296,0,296
35380117,535,3,532
35380118,316,0,316
35380119,392,10,382
35380120,541,4,537
35380121,423,6,417
35380122,410,11,399
35380123,608,15,593
35380124,336,14,322
35380125,448,9,439
35380126,462,7,455
35380127,590,13,577
35380128,802,13,789
35380129,440,3,437
35380130,440,0,440
35380131,447,8,439
35380132,481,14,467
35380133,501,4,497
35380134,486,8,478
35380135,510,9,501
35380136,504,12,492
35380137,481,4,477
35380138,474,4,470
35380139,450,27,423
35380140,541,4,537
35380141,489,0,489
35380142,555,15,540
35380143,509,28,481
35380144,1022,3,1019
35380145,391,2,389
35380146,455,9,446
35380147,527,9,518
35380148,631,6,625
35380149,464,0,464
35380150,295,1,294
35380151,1327,9,1318
35380152,2189,49,2140
35380153,487,10,477
35380154,460,17,443
35380155,682,14,668
35380156,339,17,322
35380157,671,25,646
35380158,486,17,469
35380159,589,20,569
35380160,470,41,429
35380161,395,24,371
35380162,421,21,400
35380163,544,30,514
35380164,460,21,439
35380165,541,25,516
35380166,531,22,509
35380167,468,24,444
35380168,574,33,541
35380169,416,47,369
35380170,347,0,347
35380172,532,0,532
35380173,562,26,536
35380174,717,28,689
35380175,520,17,503
35380176,336,14,322
35380177,433,7,426
35380178,509,0,509
35380179,341,0,341
35380180,614,6,608
35380181,379,19,360
35380182,1237,18,1219
35380183,851,10,841
35380184,575,14,561
35380194,967,34,933
35380195,505,18,487
35380196,476,39,437
35380197,26,21,5
35380198,634,576,58
35380199,0,0,0
35380200,0,0,0
35380202,125,1,124
35380242,880,10,870
35380243,570,0,570
35380244,514,11,503
35380245,957,42,915
35380247,568,14,554
35380248,489,24,465
35380249,433,20,413
35380250,427,39,388
35380251,355,1,354
35380252,364,1,363
35380253,442,17,425
35380254,426,0,426
35380255,415,9,406
35380256,473,28,445
35380257,427,20,407
35380258,475,3,472
35380259,470,38,432
35380260,565,27,538
35380261,450,1,449
35380262,432,0,432
35380263,380,3,377
35380264,421,5,416
35380265,426,1,425
35380266,468,1,467
35380267,436,10,426
35380268,365,3,362
35380269,682,10,672
35380270,330,0,330
35380271,385,4,381
35380272,335,0,335
35380273,795,0,795
35380274,451,31,420
35380275,504,28,476
35380276,451,1,450
35380277,460,8,452
35380278,492,0,492
35380279,530,4,526
35380280,900,46,854
35380281,386,1,385
35380282,385,9,376
35380283,772,15,757
35380284,393,7,386
35380285,814,30,784
35380286,725,4,721
35380287,535,11,524
35380288,598,0,598
35380289,444,3,441
35380290,423,0,423
35380291,402,10,392
35380292,439,11,428
35380293,571,7,564
35380294,461,19,442
35380295,716,17,699
35380296,715,25,690
35380297,577,2,575
35380298,683,2,681
35380299,594,18,576
35380300,359,18,341
35380301,437,16,421
35380302,406,19,387
35380303,434,8,426
35380304,419,1,418
35380305,433,41,392
35380306,382,0,382
35380307,1059,793,266
35380310,504,4,500
35380311,804,0,804
35380312,478,12,466
35380313,889,9,880
35380314,557,1,556
35380315,403,0,403
35380316,379,13,366
35380317,415,17,398
35380318,460,10,450
35380319,476,18,458
35380320,413,1,412
35380321,419,12,407
35380322,439,4,435
35380323,456,40,416
35380324,529,13,516
35380325,496,4,492
35380326,444,9,435
35380327,600,13,587
35380328,511,19,492
35380329,306,306,0
35380330,358,355,3
35380331,456,452,4
35380332,460,459,1
35380333,371,0,371
35380334,336,2,334
35380335,359,0,359
35380336,449,1,448
35380337,398,10,388
35380338,448,7,441
35380339,712,21,691
35380340,482,0,482
35380341,1192,54,1138
35380342,491,23,468
35380343,584,31,553
35380344,415,6,409
35380345,548,5,543
35380346,452,42,410
35380347,497,15,482
35380348,400,5,395
35380349,658,0,658
35380350,464,18,446
35380351,646,31,615
35380352,386,7,379
35380353,491,0,491
35380355,299,5,294
35380356,761,5,756
35380357,2,0,2
35380358,682,11,671
35390010,567,20,547
35390011,624,5,619
35390012,639,6,633
35390013,645,0,645
35390014,979,10,969
35390018,372,5,367
35390021,372,15,357
35390023,728,0,728
35390024,427,9,418
35390025,562,6,556
35390026,498,6,492
35390027,348,6,342
35390031,672,0,672
35390032,1293,3,1290
35390033,268,4,264
35390034,1090,2,1088
35390035,407,0,407
35390036,778,26,752
35390037,267,6,261
35390038,465,4,461
35390039,406,0,406
35390040,381,0,381
35390041,514,18,496
35390042,697,1,696
35390043,485,12,473
35390044,518,5,513
35390045,307,30,277
35390046,697,14,683
35390047,634,8,626
35390048,631,21,610
35390049,663,29,634
35390050,532,27,505
35390051,537,21,516
35390052,411,8,403
35390053,561,12,549
35390054,470,23,447
35390055,436,9,427
35390056,432,27,405
35390057,372,11,361
35390058,420,17,403
35390059,566,28,538
35390060,416,3,413
35390061,499,36,463
35390062,483,23,460
35390063,702,58,644
35390064,552,8,544
35390065,602,77,525
35390066,429,13,416
35390067,478,50,428
35390068,497,6,491
35390069,453,35,418
35390070,562,36,526
35390071,574,18,556
35390072,889,46,843
35390073,318,10,308
35390074,483,0,483
35390075,350,25,325
35390076,625,13,612
35390077,580,12,568
35390079,268,15,253
35390087,469,3,466
35390091,862,25,837
35390092,485,23,462
35390093,369,0,369
35390094,544,16,528
35390095,917,1,916
35390096,356,0,356
35390097,466,10,456
35390098,420,5,415
35390099,915,5,910
35390100,555,60,495
35390101,385,32,353
35390102,352,43,309
35390103,484,27,457
35390104,626,28,598
35390105,480,25,455
35390106,468,33,435
35390107,464,24,440
35390108,449,25,424
35390109,446,35,411
35390110,502,41,461
35390111,520,33,487
35390112,463,24,439
35390113,324,32,292
35390114,440,28,412
35390115,555,44,511
35390116,537,11,526
35390117,381,5,376
35390118,408,9,399
35390119,444,24,420
35390120,521,30,491
35390121,608,46,562
35390122,455,0,455
35390123,785,68,717
35390124,384,1,383
35390125,616,12,604
35390126,465,0,465
35390127,413,2,411
35390128,1139,23,1116
35390129,602,26,576
35390130,396,8,388
35390131,478,4,474
35390132,397,17,380
35390133,456,21,435
35390134,474,39,435
35390135,440,6,434
35390136,519,6,513
35390137,523,19,504
35390138,354,15,339
35390139,862,13,849
35390142,627,19,608
35390143,400,0,400
35390144,874,54,820
35390145,787,10,777
35390146,1572,46,1526
35390147,294,4,290
35390148,786,0,786
35390149,291,9,282
35390150,348,22,326
35390151,898,54,844
35390152,464,5,459
35390153,568,26,542
35390154,655,36,619
35390155,363,1,362
35390156,402,0,402
35390157,1173,7,1166
35390158,327,0,327
35390162,795,20,775
35390163,253,9,244
35390164,389,11,378
35390166,888,19,869
35390167,593,17,576
35390168,807,8,799
35390170,202,9,193
35390171,273,0,273
35390172,1050,8,1042
35390173,842,19,823
35390174,708,11,697
35390175,1051,13,1038
35390176,895,7,888
35390177,252,11,241
35390178,1160,95,1065
35390179,448,20,428
35390180,755,9,746
35390181,444,9,435
35390182,261,12,249
35390183,681,20,661
35390185,304,0,304
35390186,975,20,955
35390187,620,2,618
35390188,789,20,769
35390191,896,91,805
35390194,553,40,513
35390197,383,9,374
35390198,320,26,294
35390199,320,22,298
35390200,834,116,718
35390201,566,29,537
35390202,441,34,407
35390203,656,7,649
35390204,569,26,543
35390205,461,7,454
35390206,416,13,403
35390207,412,18,394
35390208,632,33,599
35390212,633,50,583
35390213,282,0,282
35390214,780,18,762
35390215,374,10,364
35390216,486,20,466
35390217,575,60,515
35390218,769,60,709
35390219,674,25,649
35390226,591,2,589
35390227,642,22,620
35390228,1179,23,1156
35390234,430,8,422
35390235,500,14,486
35390236,269,0,269
35390237,458,13,445
35390240,745,19,726
35390241,449,9,440
35390242,316,4,312
35390243,609,19,590
35390244,572,20,552
35390245,616,8,608
35390246,518,5,513
35390247,596,14,582
35390248,592,1,591
35390249,1067,6,1061
35390250,422,0,422
35390256,619,0,619
35390257,989,27,962
35390258,555,11,544
35390259,575,24,551
35390260,526,8,518
35390261,474,28,446
35390262,667,0,667
35390263,384,2,382
35390264,716,2,714
35390265,290,0,290
35390266,509,1,508
35390267,692,10,682
35390272,909,3,906
35390273,662,11,651
35390274,448,15,433
35390275,379,0,379
35390276,443,2,441
35390277,348,2,346
35390278,576,10,566
35390280,622,0,622
35390281,462,24,438
35390282,411,15,396
35390283,504,16,488
35390284,764,10,754
35390285,588,10,578
35390286,499,0,499
35390287,702,3,699
35390288,751,34,717
35390289,1360,69,1291
35390290,392,6,386
35390291,609,0,609
35390292,520,15,505
35390293,287,8,279
35390296,899,0,899
35390297,391,1,390
35390298,1005,33,972
35390299,1349,19,1330
35390300,442,47,395
35390301,577,13,564
35390303,1096,35,1061
35390305,242,40,202
35390306,457,36,421
35390307,502,4,498
35390308,466,46,420
35390311,628,19,609
35390312,716,15,701
35390313,484,14,470
35390314,539,3,536
35390315,531,35,496
35390316,639,7,632
35390321,616,0,616
35390323,733,15,718
35390324,411,25,386
35390325,635,2,633
35390326,494,29,465
35390327,423,9,414
35390328,598,7,591
35390329,351,15,336
35390330,433,0,433
35390333,933,26,907
35390334,417,0,417
35390335,372,0,372
35390336,637,10,627
35390337,519,4,515
35390338,279,19,260
35390339,439,49,390
35390340,600,1,599
35390341,446,10,436
35390342,406,20,386
35390343,319,1,318
35390344,310,25,285
35390345,623,31,592
35390346,427,0,427
35390347,351,52,299
35390348,950,37,913
35390349,890,20,870
35390350,720,42,678
35390351,617,35,582
35390352,914,34,880
35390353,681,3,678
35390354,437,15,422
35390355,4837,41,4796
35390360,390,2,388
35390361,1018,21,997
35390364,672,9,663
35390365,609,1,608
35390366,452,0,452
35390367,357,1,356
35390368,450,0,450
35390374,461,11,450
35390375,307,0,307
35390376,362,2,360
35390379,583,1,582
35390394,1111,33,1078
35390395,576,5,571
35390396,476,3,473
35390399,466,4,462
35390400,1161,5,1156
35390401,414,8,406
35390402,448,9,439
35390405,512,5,507
35390406,499,0,499
35390407,1066,10,1056
35390408,310,0,310
35390409,490,23,467
35390410,1040,2,1038
35390411,819,4,815
35390412,402,0,402
35390413,583,15,568
35390414,516,5,511
35390415,518,7,511
35390416,456,1,455
35390417,420,3,417
35390418,428,15,413
35390419,392,0,392
35390420,858,3,855
35390421,387,1,386
35390422,474,4,470
35390425,1204,46,1158
35390426,778,29,749
35390429,576,15,561
35390430,1186,15,1171
35390434,854,48,806
35390435,258,11,247
35390437,615,26,589
35390438,772,3,769
35390439,783,0,783
35390440,538,18,520
35390441,766,6,760
35390442,572,1,571
35390443,667,2,665
35390444,305,3,302
35390445,424,0,424
35390446,915,30,885
35390448,388,9,379
35390449,502,5,497
35390451,378,23,355
35390452,447,6,441
35390453,405,35,370
35390454,432,0,432
35390455,544,14,530
35390456,446,1,445
35390457,437,0,437
35390459,954,14,940
35390460,4759,23,4736
35390461,505,9,496
35390462,414,10,404
35390463,406,4,402
35390464,440,0,440
35390465,342,3,339
35390466,639,2,637
35390539,439,3,436
35390540,527,1,526
35390541,661,12,649
35390542,427,0,427
35390543,577,9,568
35390544,443,18,425
35390545,853,10,843
35390546,650,9,641
35390547,541,15,526
35390548,884,24,860
35390549,1495,20,1475
35390550,1180,23,1157
35390551,351,18,333
35390552,402,0,402
35390553,351,0,351
35390554,994,57,937
35390555,599,15,584
35390556,601,0,601
35390557,592,4,588
35390558,576,32,544
35390559,1444,107,1337
35390560,489,24,465
35390561,621,26,595
35390562,539,26,513
35390563,475,13,462
35390564,508,11,497
35390578,659,16,643
35390579,678,14,664
35390580,941,34,907
35390581,343,9,334
35390582,751,59,692
35390584,498,14,484
35390585,681,28,653
35390586,450,45,405
35390587,476,29,447
35390588,389,8,381
35390589,536,50,486
35390590,145,13,132
35390592,629,12,617
35390593,527,46,481
35390595,893,21,872
35390596,593,7,586
35390597,503,7,496
35390598,697,9,688
35390599,465,60,405
35390600,550,21,529
35390601,999,32,967
35390604,770,26,744
35390605,668,12,656
35390606,543,22,521
35390607,450,17,433
35390611,589,27,562
35390616,258,17,241
35390617,298,13,285
35390618,576,47,529
35390619,446,1,445
35390620,424,13,411
35390621,1171,27,1144
35390622,1310,113,1197
35390623,307,3,304
35390624,519,8,511
35390625,545,6,539
35390626,481,15,466
35390627,504,20,484
35390628,510,0,510
35390629,528,37,491
35390630,609,76,533
35390631,531,18,513
35390632,481,16,465
35390633,534,10,524
35390634,593,31,562
35390635,579,42,537
35390636,549,12,537
35390637,856,37,819
35390638,573,5,568
35390639,608,49,559
35390645,412,10,402
35390646,489,1,488
35390648,511,0,511
35390649,422,2,420
35390650,535,25,510
35390651,531,4,527
35390652,1592,6,1586
35390655,707,30,677
35390656,486,28,458
35390657,677,31,646
35390658,431,18,413
35390659,828,73,755
35390660,778,45,733
35390661,793,47,746
35390662,327,1,326
35390663,358,5,353
35390666,388,6,382
35390669,2318,81,2237
35390670,1683,50,1633
35390672,3287,70,3217
35390673,1396,2,1394
35390676,1048,34,1014
35390677,2978,75,2903
35390678,1312,36,1276
35390679,1126,15,1111
35390680,1594,150,1444
35390681,2607,82,2525
35390682,1056,27,1029
35390683,941,17,924
35390684,704,33,671
35390685,1540,99,1441
35390688,1305,37,1268
35390689,1846,57,1789
35390690,1621,20,1601
35390691,1128,129,999
35390692,1319,83,1236
35390693,1306,25,1281
35390694,1591,54,1537
35390696,4048,76,3972
35390697,383,0,383
35390698,924,9,915
35390699,481,0,481
35390700,573,3,570
35390701,810,38,772
35390702,1125,13,1112
35390703,611,3,608
35390704,133,0,133
35390705,848,21,827
35390706,817,18,799
35390707,1064,0,1064
35390708,736,9,727
35390709,1100,13,1087
35390711,596,22,574
35390712,420,9,411
35390713,1044,25,1019
35390714,873,32,841
35390715,531,5,526
35390716,667,8,659
35390717,515,0,515
35390718,572,4,568
35390719,571,8,563
35390720,1565,29,1536
35390721,1314,9,1305
35390722,587,2,585
35390723,615,4,611
35390724,504,6,498
35390725,507,4,503
35390726,470,3,467
35390727,8080,60,8020
35390728,3796,81,3715
35390729,1028,4,1024
35390730,803,7,796
35390731,428,14,414
35390732,486,0,486
35390733,496,2,494
35390734,586,29,557
35390735,1195,20,1175
35390736,945,9,936
35390737,929,9,920
35390738,627,5,622
35390739,908,6,902
35390740,426,11,415
35390741,499,6,493
35390742,594,0,594
35390743,600,16,584
35390744,379,0,379
35390745,785,8,777
35390746,3982,33,3949
35390747,447,8,439
35390748,471,7,464
35390749,1362,1281,81
35390750,0,0,0
35390753,34,34,0
35390754,0,0,0
35390755,0,0,0
35390756,115,114,1
35390757,0,0,0
35390758,5,5,0
35390759,402,15,387
35390760,465,16,449
35390761,10,10,0
35390762,512,0,512
35390763,413,1,412
35390764,517,2,515
35390765,1106,5,1101
35390766,437,2,435
35390767,478,10,468
35390768,476,16,460
35390769,539,11,528
35390770,494,25,469
35390771,665,22,643
35390772,416,8,408
35390773,491,20,471
35390774,533,15,518
35390775,474,24,450
35390776,406,0,406
35390777,456,4,452
35390779,466,6,460
35390780,519,9,510
35390781,641,53,588
35390782,494,11,483
35390783,531,10,521
35390784,625,0,625
35390785,485,22,463
35390786,381,3,378
35390787,598,0,598
35390788,1041,45,996
35390789,766,16,750
35390790,891,26,865
35390791,487,7,480
35390793,505,12,493
35390794,401,0,401
35390795,467,10,457
35390796,463,2,461
35390797,533,7,526
35390798,480,10,470
35390799,532,9,523
35390800,446,12,434
35390801,336,0,336
35390802,392,31,361
35390803,522,7,515
35390804,513,0,513
35390805,450,8,442
35390806,508,0,508
35390807,471,0,471
35390808,445,5,440
35390809,473,0,473
35390810,446,0,446
35390811,525,30,495
35390812,459,13,446
35390813,461,9,452
35390814,466,4,462
35390815,731,66,665
35390816,458,9,449
35390817,570,0,570
35390818,672,6,666
35390819,663,26,637
35390820,332,15,317
35390821,517,4,513
35390822,460,8,452
35390823,336,3,333
35390824,507,35,472
35390825,463,0,463
35390826,637,12,625
35390827,462,28,434
35390828,664,10,654
35390829,637,16,621
35390830,535,11,524
35390831,561,2,559
35390832,328,13,315
35390833,394,4,390
35390834,488,1,487
35390835,477,24,453
35390836,357,0,357
35390837,375,0,375
35390838,868,1,867
35390839,626,0,626
35390840,751,37,714
35390841,653,6,647
35390842,2276,30,2246
35390843,767,2,765
35390844,855,12,843
35390845,1729,55,1674
35390846,490,9,481
35390847,539,10,529
35390848,452,2,450
35390849,510,15,495
35390850,523,3,520
35390851,557,15,542
35390852,440,34,406
35390853,546,5,541
35390854,427,23,404
35390855,844,44,800
35390856,345,8,337
35390857,678,24,654
35390858,426,15,411
35390859,461,13,448
35390860,570,35,535
35390861,468,12,456
35390862,449,0,449
35390863,695,10,685
35390864,292,15,277
35390865,439,0,439
35390866,610,0,610
35390867,545,3,542
35390868,516,4,512
35390869,485,7,478
35390870,439,15,424
35390871,1823,30,1793
35390872,526,4,522
35390873,437,1,436
35390874,499,0,499
35390875,506,1,505
35390876,603,1,602
35390877,545,4,541
35390878,450,0,450
35390879,428,2,426
35390880,473,9,464
35390881,566,1,565
35390882,417,10,407
35390883,942,4,938
35390884,438,1,437
35390885,446,4,442
35390886,570,3,567
35390887,467,0,467
35390888,452,4,448
35390889,302,13,289
35390890,783,24,759
35390891,483,0,483
35390892,865,14,851
35390893,998,68,930
35390894,319,23,296
35390895,324,0,324
35390896,237,14,223
35390897,801,7,794
35390898,1378,26,1352
35390899,1666,20,1646
35390900,1075,10,1065
35390901,1321,6,1315
35390902,2815,16,2799
35390903,820,26,794
35390904,446,10,436
35390905,742,6,736
35390906,451,2,449
35390907,1214,15,1199
35390908,308,13,295
35390909,673,1,672
35390910,781,5,776
35390911,797,0,797
35390912,650,1,649
35390913,607,17,590
35390914,1011,13,998
35390915,871,12,859
35390916,946,28,918
35390917,942,28,914
35390918,1132,10,1122
35390919,420,0,420
35390920,401,15,386
35390921,1140,73,1067
35390922,751,12,739
35390923,1131,7,1124
35390924,1310,1,1309
35390925,971,2,969
35390926,951,17,934
35390927,2524,3,2521
35390928,2238,54,2184
35390929,1240,76,1164
35390930,418,10,408
35390931,449,3,446
35390932,515,0,515
35390933,685,3,682
35390934,817,13,804
35390935,400,1,399
35390936,715,1,714
35390937,656,5,651
35390938,2183,1,2182
35390939,1324,8,1316
35390940,676,0,676
35390941,454,2,452
35390942,2324,5,2319
35390943,2258,24,2234
35390944,631,8,623
35390945,591,0,591
35390946,2789,24,2765
35390947,772,22,750
35390948,606,14,592
35390949,1462,24,1438
35390950,319,2,317
35390951,1276,9,1267
35390952,505,9,496
35390953,874,19,855
35390954,1584,1,1583
35390955,404,0,404
35390956,506,2,504
35390957,5,1,4
35390958,51,13,38
35390961,848,794,54
35400104,409,21,388
35400105,487,0,487
35400106,449,10,439
35400107,444,15,429
35400108,432,3,429
35400109,539,9,530
35400110,449,11,438
35400111,588,26,562
35400112,517,0,517
35400113,477,0,477
35400114,441,3,438
35400115,602,25,577
35400116,431,1,430
35400117,582,30,552
35400118,438,4,434
35400119,480,0,480
35400120,422,13,409
35400121,480,0,480
35400122,376,0,376
35400123,404,0,404
35400124,613,30,583
35400125,525,12,513
35400126,489,0,489
35400127,429,8,421
35400128,414,3,411
35400129,383,15,368
35400130,590,0,590
35400131,449,2,447
35400132,402,18,384
35400133,461,28,433
35400134,437,4,433
35400135,467,0,467
35400136,424,6,418
35400137,443,25,418
35400138,413,0,413
35400139,402,11,391
35400140,550,8,542
35400141,593,12,581
35400142,647,3,644
35400143,514,6,508
35400144,506,8,498
35400145,450,0,450
35400146,367,9,358
35400147,377,6,371
35400148,352,2,350
35400149,400,6,394
35400150,519,4,515
35400151,607,0,607
35400152,640,3,637
35400153,529,9,520
35400154,527,5,522
35400155,494,6,488
35400156,625,0,625
35400157,538,23,515
35400158,604,15,589
35400159,557,8,549
35400160,376,50,326
35400161,439,15,424
35400162,482,19,463
35400163,393,16,377
35400164,420,4,416
35400165,420,1,419
35400166,622,0,622
35400167,465,20,445
35400168,563,0,563
35400169,563,13,550
35400170,382,0,382
35400171,457,0,457
35400172,588,11,577
35400173,303,14,289
35400174,364,0,364
35400175,560,3,557
35400176,415,11,404
35400177,491,2,489
35400178,536,9,527
35400179,537,14,523
35400180,481,17,464
35400181,490,11,479
35400182,498,5,493
35400183,488,3,485
35400184,500,14,486
35400185,484,0,484
35400186,565,10,555
35400187,405,7,398
35400188,493,4,489
35400189,453,2,451
35400190,505,0,505
35400191,524,8,516
35400192,455,0,455
35400193,952,0,952
35400194,617,4,613
35400195,363,1,362
35400196,468,2,466
35400197,360,4,356
35400198,358,7,351
35400199,457,0,457
35400200,537,0,537
35400201,480,2,478
35400202,436,1,435
35400203,324,0,324
35400204,595,0,595
35400205,643,0,643
35400206,877,0,877
35400207,579,1,578
35400208,397,10,387
35400209,681,28,653
35400210,386,0,386
35400211,454,5,449
35400212,409,0,409
35400213,438,0,438
35400214,388,7,381
35400215,356,9,347
35400216,358,21,337
35400217,405,0,405
35400218,439,6,433
35400219,517,0,517
35400220,429,17,412
35400221,402,11,391
35400222,467,0,467
35400223,438,0,438
35410145,576,32,544
35410146,572,47,525
35410147,562,29,533
35410148,698,24,674
35410149,594,29,565
35410150,887,10,877
35410152,797,10,787
35410153,631,49,582
35410154,844,54,790
35410155,728,21,707
35410156,981,48,933
35410157,1002,29,973
35410159,1174,1106,68
35410160,903,33,870
35410161,641,19,622
35410162,541,0,541
35410163,935,6,929
35410164,533,0,533
35410165,22,7,15
35410166,685,12,673
35410167,1057,61,996
35410168,540,21,519
35410169,1890,32,1858
35410170,716,13,703
35410171,946,73,873
35410172,1018,18,1000
35410173,1354,34,1320
35410174,562,5,557
35410175,809,16,793
35410176,1411,18,1393
35410177,722,40,682
35410178,453,9,444
35410179,456,25,431
35410180,591,14,577
35410181,750,20,730
35410182,474,0,474
35410183,424,6,418
35410184,473,17,456
35410185,545,25,520
35410186,622,25,597
35410187,796,36,760
35410188,667,14,653
35410189,816,13,803
35410190,467,19,448
35410191,581,46,535
35410192,347,12,335
35410193,896,26,870
35410194,806,10,796
35410195,515,41,474
35410196,543,16,527
35410197,446,0,446
35410198,970,56,914
35410199,540,11,529
35410200,1123,13,1110
35410201,793,12,781
35410202,431,0,431
35410203,937,5,932
35410204,547,15,532
35410205,530,8,522
35410206,666,24,642
35410207,673,5,668
35410208,707,5,702
35410209,656,3,653
35410210,664,19,645
35410211,659,18,641
35410212,575,0,575
35410213,633,1,632
35410214,583,0,583
35410215,693,6,687
35410216,543,6,537
35410217,645,3,642
35410218,690,3,687
35410219,589,3,586
35410220,611,0,611
35410221,511,0,511
35410222,411,6,405
35410223,827,2,825
35410224,517,11,506
35410225,402,7,395
35410226,587,25,562
35410227,494,4,490
35410228,520,20,500
35410229,809,0,809
35410230,501,7,494
35410231,573,14,559
35410232,418,2,416
35410233,552,3,549
35410234,538,4,534
35410235,504,17,487
35410236,535,18,517
35410237,489,0,489
35410238,608,12,596
35410239,564,7,557
35410240,537,18,519
35410241,617,2,615
35410242,477,2,475
35410243,788,0,788
35410244,821,15,806
35410245,611,584,27
35410246,377,13,364
35410247,403,9,394
35410248,7,6,1
35410249,681,16,665
35420159,662,1,661
35420160,494,0,494
35420161,558,17,541
35420162,570,22,548
35420163,629,9,620
35420164,593,0,593
35420165,527,5,522
35420166,493,16,477
35420167,450,5,445
35420168,405,9,396
35420169,330,9,321
35420170,614,18,596
35420171,471,21,450
35420172,470,35,435
35420173,507,6,501
35420174,492,19,473
35420175,495,7,488
35420176,455,18,437
35420177,417,8,409
35420178,467,15,452
35420179,472,36,436
35420180,552,33,519
35420181,418,38,380
35420182,475,0,475
35420183,565,28,537
35420184,506,1,505
35420185,427,38,389
35420186,472,16,456
35420187,631,67,564
35420188,493,19,474
35420189,405,15,390
35420190,430,7,423
35420191,599,21,578
35420192,389,18,371
35420193,546,8,538
35420194,458,1,457
35420195,562,6,556
35420196,657,14,643
35420197,420,0,420
35420198,477,8,469
35420199,455,38,417
35420200,481,4,477
35420201,364,5,359
35420202,500,0,500
35420203,548,0,548
35420204,491,26,465
35420205,569,66,503
35420206,441,17,424
35420207,469,16,453
35420208,509,34,475
35420209,535,16,519
35420210,496,17,479
35420211,589,38,551
35420212,406,7,399
35420213,627,22,605
35420214,438,19,419
35420215,648,22,626
35420216,543,7,536
35420217,540,2,538
35420218,513,4,509
35420219,641,8,633
35420220,479,0,479
35420221,608,20,588
35420222,655,8,647
35420223,646,1,645
35420224,697,6,691
35420225,486,0,486
35420226,541,2,539
35420227,737,38,699
35420228,620,7,613
35420229,730,2,728
35420230,821,0,821
35420231,533,33,500
35420232,510,11,499
35420233,745,16,729
35420234,661,27,634
35420235,609,5,604
35420236,448,0,448
35420237,562,0,562
35420238,599,9,590
35420239,405,6,399
35420240,537,10,527
35420241,670,28,642
35420242,469,5,464
35420243,492,0,492
35420244,758,25,733
35420245,498,17,481
35420246,588,10,578
35420247,637,0,637
35420248,700,20,680
35420249,412,14,398
35420250,498,10,488
35420251,595,0,595
35420252,537,0,537
35420253,380,0,380
35420254,411,0,411
35420255,578,16,562
35420256,444,15,429
35420257,483,21,462
35420258,761,52,709
35420259,491,29,462
35420260,499,40,459
35420261,505,18,487
35420262,626,62,564
35420263,472,13,459
35420264,405,5,400
35420265,539,12,527
35420266,532,22,510
35420267,674,11,663
35420268,538,0,538
35420269,641,42,599
35420270,562,15,547
35420271,525,0,525
35420272,539,8,531
35420273,554,0,554
35420274,705,16,689
35420275,444,16,428
35420276,589,9,580
35420277,439,11,428
35420278,471,8,463
35420279,551,4,547
35420280,531,11,520
35420281,567,3,564
35420282,783,7,776
35420283,530,14,516
35420284,447,9,438
35420285,604,0,604
35420286,573,2,571
35420287,396,14,382
35420288,477,30,447
35420289,576,31,545
35420290,587,21,566
35420291,561,10,551
35420292,721,14,707
35420293,581,1,580
35420294,551,0,551
35420295,633,21,612
35420296,481,0,481
35420297,575,1,574
35420298,504,0,504
35420299,463,0,463
35420300,558,18,540
35420301,493,13,480
35420302,470,24,446
35420303,439,47,392
35420304,551,26,525
35420305,467,8,459
35420306,458,3,455
35420307,490,9,481
35420308,532,7,525
35420309,986,20,966
35420310,516,10,506
35420311,510,4,506
35420312,533,10,523
35420313,628,12,616
35420314,710,20,690
35420315,624,17,607
35420316,482,19,463
35420317,615,7,608
35420318,478,0,478
35420319,512,0,512
35420320,462,0,462
35420321,461,11,450
35420322,487,17,470
35420323,518,12,506
35420324,567,2,565
35420325,459,14,445
35420326,538,9,529
35420327,828,108,720
35420328,463,14,449
35420329,362,23,339
35420330,549,50,499
35420331,613,8,605
35420332,594,4,590
35420333,523,36,487
35420334,569,13,556
35420335,613,24,589
35420336,428,10,418
35430547,0,0,0
35430548,566,74,492
35430549,0,0,0
35430550,526,514,12
35430551,46,35,11
35430552,621,77,544
35430553,558,126,432
35430554,684,195,489
35430555,696,140,556
35430557,905,187,718
35430558,441,110,331
35430559,448,85,363
35430560,821,98,723
35430561,434,119,315
35430562,424,91,333
35430563,540,112,428
35430564,490,88,402
35430565,586,108,478
35430566,401,60,341
35430567,464,65,399
35430568,547,72,475
35430569,591,119,472
35430570,711,71,640
35430571,507,91,416
35430572,492,82,410
35430573,679,44,635
35430574,769,151,618
35430575,726,74,652
35430576,527,86,441
35430579,506,61,445
35430580,369,37,332
35430581,424,73,351
35430582,376,64,312
35430583,486,136,350
35430584,422,59,363
35430585,507,107,400
35430586,599,72,527
35430587,328,63,265
35430588,463,69,394
35430589,489,41,448
35430590,459,72,387
35430591,454,92,362
35430592,395,44,351
35430593,964,121,843
35430594,368,10,358
35430595,226,33,193
35430596,498,86,412
35430597,427,61,366
35430598,371,39,332
35430599,419,66,353
35430600,477,98,379
35430601,560,67,493
35430602,374,45,329
35430603,505,49,456
35430604,406,28,378
35430605,385,49,336
35430606,399,55,344
35430607,781,79,702
35430608,431,96,335
35430609,625,78,547
35430610,651,77,574
35430611,622,73,549
35430612,1446,152,1294
35430613,604,49,555
35430614,450,63,387
35430615,507,81,426
35430616,492,72,420
35430617,471,66,405
35430618,820,127,693
35430619,546,72,474
35430620,782,19,763
35430621,693,44,649
35430622,502,39,463
35430623,544,59,485
35430624,550,18,532
35430625,586,35,551
35430626,542,8,534
35430627,439,19,420
35430628,547,23,524
35430629,890,3,887
35430630,605,16,589
35430631,485,12,473
35430632,640,5,635
35430633,561,31,530
35430634,819,25,794
35430635,1240,30,1210
35430636,488,10,478
35430637,1197,26,1171
35430638,500,18,482
35430639,528,22,506
35430640,545,9,536
35430641,488,1,487
35430642,568,1,567
35430643,537,2,535
35430644,539,18,521
35430645,788,0,788
35430646,814,24,790
35430647,903,50,853
35430648,602,21,581
35430649,425,21,404
35430650,704,6,698
35430651,473,15,458
35430652,552,29,523
35430653,539,17,522
35430654,541,5,536
35430655,667,42,625
35430656,484,40,444
35430657,1290,56,1234
35430658,366,21,345
35430659,593,13,580
35430660,620,32,588
35430661,814,10,804
35430662,589,13,576
35430663,378,13,365
35430664,688,23,665
35430665,374,24,350
35430666,516,8,508
35430667,449,26,423
35430668,563,8,555
35430669,1281,51,1230
35430670,1239,43,1196
35430671,401,5,396
35430672,690,21,669
35430673,411,50,361
35430674,426,32,394
35430675,471,5,466
35430676,368,6,362
35430677,460,11,449
35430678,579,33,546
35430679,367,1,366
35430680,435,18,417
35430681,466,15,451
35430682,659,17,642
35430683,618,40,578
35430684,415,13,402
35430685,647,11,636
35430686,946,20,926
35430687,817,8,809
35430688,638,11,627
35430689,575,14,561
35430690,1204,45,1159
35430691,520,27,493
35430693,638,56,582
35430694,563,10,553
35430696,512,17,495
35430698,602,14,588
35430699,712,23,689
35430700,601,32,569
35430701,589,12,577
35430702,557,36,521
35430703,471,28,443
35430704,474,20,454
35430705,566,0,566
35430706,714,7,707
35430707,764,8,756
35430708,542,12,530
35430709,381,27,354
35430710,442,31,411
35430711,523,13,510
35430712,560,27,533
35430713,554,64,490
35430714,672,28,644
35430715,612,31,581
35430716,626,14,612
35430717,836,6,830
35430718,3977,188,3789
35430719,755,62,693
35430720,696,25,671
35430721,499,6,493
35430722,1544,75,1469
35430723,586,38,548
35430724,587,16,571
35430725,472,58,414
35430726,873,39,834
35430727,610,32,578
35430728,561,16,545
35430729,749,65,684
35430730,240,20,220
35430731,272,0,272
35430732,253,26,227
35430733,322,28,294
35430734,261,12,249
35430735,252,3,249
35430736,0,0,0
35430737,0,0,0
35430738,8,0,8
35430739,0,0,0
35430740,661,17,644
35430741,482,0,482
35430742,516,0,516
35430743,837,28,809
35430744,938,8,930
35430745,838,10,828
35430746,524,12,512
35430747,996,17,979
35430748,611,6,605
35430749,420,11,409
35430750,491,0,491
35430751,3337,70,3267
35430752,5897,55,5842
35430753,1049,18,1031
35430754,421,36,385
35430755,476,27,449
35430756,494,14,480
35430757,489,42,447
35430758,386,0,386
35430759,834,3,831
35430760,355,15,340
35430761,700,52,648
35430762,446,11,435
35430763,427,27,400
35430764,1037,6,1031
35430765,1055,3,1052
35430766,573,14,559
35430767,469,7,462
35430768,692,37,655
35430769,848,13,835
35430770,656,21,635
35430771,288,1,287
35430772,336,1,335
35430773,579,10,569
35430774,440,0,440
35430775,479,18,461
35430776,433,12,421
35430777,1640,36,1604
35430778,781,16,765
35430779,863,31,832
35430780,8888,67,8821
35430781,774,4,770
35430782,762,0,762
35430783,525,7,518
35430784,657,0,657
35430785,629,11,618
35430786,616,12,604
35430787,1029,2,1027
35430788,506,6,500
35430789,525,11,514
35430790,484,0,484
35430791,446,0,446
35430792,458,0,458
35430793,447,0,447
35430794,462,65,397
35430795,420,18,402
35430796,590,2,588
35430797,1473,20,1453
35430798,476,1,475
35430799,322,21,301
35430800,553,17,536
35430801,624,19,605
35430802,420,0,420
35430803,559,11,548
35430804,557,0,557
35430805,523,13,510
35430806,460,30,430
35430807,628,26,602
35430808,510,18,492
35430809,681,19,662
35430810,540,3,537
35430811,497,5,492
35430812,564,13,551
35430813,595,39,556
35430814,526,7,519
35430815,446,0,446
35430816,568,15,553
35430817,495,4,491
35430818,438,20,418
35430819,482,1,481
35430821,1719,4,1715
35430822,500,6,494
35430824,435,0,435
35430825,2734,45,2689
35430826,486,0,486
35430827,420,0,420
35430828,423,0,423
35430829,490,5,485
35430830,509,13,496
35430831,577,67,510
35430832,364,0,364
35430833,571,22,549
35430834,4013,101,3912
35430835,568,10,558
35430836,503,39,464
35430837,679,3,676
35430838,552,13,539
35430839,1081,16,1065
35430840,475,43,432
35430841,689,2,687
35430842,2046,95,1951
35430843,472,36,436
35430844,408,9,399
35430845,772,6,766
35430846,552,15,537
35430847,685,5,680
35430848,538,27,511
35430849,763,15,748
35430850,648,12,636
35430851,614,6,608
35430852,559,18,541
35430853,620,7,613
35430854,561,0,561
35430855,480,2,478
35430856,601,0,601
35430857,463,13,450
35430858,547,2,545
35430859,413,1,412
35430860,340,10,330
35430861,430,4,426
35430862,426,0,426
35430863,553,14,539
35430864,490,21,469
35430865,690,13,677
35430866,867,2,865
35430867,1241,40,1201
35430868,718,44,674
35430869,918,42,876
35430870,1402,28,1374
35430871,484,52,432
35430872,510,0,510
35430873,1692,62,1630
35430874,432,4,428
35430875,432,10,422
35430876,511,0,511
35430877,526,20,506
35430878,500,1,499
35430879,537,20,517
35430880,456,24,432
35430881,532,29,503
35430882,555,24,531
35430883,462,11,451
35430884,509,15,494
35430885,501,21,480
35430886,391,7,384
35430887,506,14,492
35430888,592,19,573
35430889,431,23,408
35430890,463,11,452
35430891,497,16,481
35430892,395,31,364
35430893,458,54,404
35430894,516,27,489
35430895,417,10,407
35430896,511,13,498
35430897,1124,11,1113
35430898,632,17,615
35430899,1864,8,1856
35430900,3166,146,3020
35430901,507,7,500
35430902,1388,3,1385
35430903,629,17,612
35430904,547,17,530
35430905,709,2,707
35430906,551,0,551
35430907,482,0,482
35430908,490,4,486
35430909,397,8,389
35430910,324,12,312
35430911,499,3,496
35430912,447,2,445
35430913,714,84,630
35430914,912,117,795
35430915,617,76,541
35430917,774,36,738
35430919,911,44,867
35430920,499,48,451
35430921,550,21,529
35430922,631,30,601
35430923,742,82,660
35430924,993,61,932
35430925,534,13,521
35430926,498,5,493
35430927,595,63,532
35430928,414,63,351
35430929,456,0,456
35430930,841,28,813
35430931,1063,5,1058
35430932,901,38,863
35430933,655,2,653
35430934,807,32,775
35430935,596,4,592
35430936,556,8,548
35430937,649,20,629
35430938,1738,45,1693
35430939,1419,41,1378
35430940,639,15,624
35430941,398,28,370
35430942,745,10,735
35430943,728,10,718
35430944,338,15,323
35430945,725,25,700
35430946,1443,34,1409
35430947,640,11,629
35430948,1278,43,1235
35430949,642,43,599
35430950,1194,35,1159
35430951,421,2,419
35430952,484,33,451
35430953,1876,84,1792
35430954,538,23,515
35430955,835,27,808
35430956,1039,21,1018
35430957,446,22,424
35430958,1131,42,1089
35430959,725,9,716
35430960,1075,16,1059
35430961,479,0,479
35430962,669,31,638
35430963,544,34,510
35430964,707,7,700
35430965,745,0,745
35430966,738,31,707
35430967,702,6,696
35430968,494,78,416
35430969,870,0,870
35430970,764,49,715
35430971,544,10,534
35430972,934,19,915
35430973,529,7,522
35430974,560,3,557
35430975,442,0,442
35430976,643,4,639
35430977,450,1,449
35430978,520,25,495
35430979,502,1,501
35430980,519,20,499
35430981,651,17,634
35430982,422,3,419
35430983,580,19,561
35430984,532,4,528
35430985,445,21,424
35430986,545,2,543
35430988,2032,27,2005
35430989,1099,57,1042
35430992,767,26,741
35430993,495,11,484
35430994,565,0,565
35430995,625,17,608
35430996,441,38,403
35430997,391,3,388
35430998,884,5,879
35430999,411,6,405
35431000,399,32,367
35431001,393,25,368
35431002,433,24,409
35431003,871,9,862
35431004,505,9,496
35431005,394,14,380
35431006,451,11,440
35431007,548,35,513
35431008,422,13,409
35431009,553,13,540
35431010,538,8,530
35431011,415,8,407
35431012,399,10,389
35431013,453,12,441
35431014,457,52,405
35431015,350,6,344
35431016,376,11,365
35431017,458,42,416
35431018,481,31,450
35431019,1168,27,1141
35431020,473,27,446
35431021,535,16,519
35431022,481,40,441
35431023,598,50,548
35431024,552,57,495
35431025,744,18,726
35431026,446,7,439
35431027,527,20,507
35431028,377,19,358
35431029,363,15,348
35431030,589,44,545
35431031,591,70,521
35431032,456,1,455
35431033,421,5,416
35431034,370,2,368
35431035,471,9,462
35431036,468,8,460
35431037,414,8,406
35431038,502,20,482
35431039,539,8,531
35431040,616,43,573
35431041,364,27,337
35431042,367,26,341
35431043,402,21,381
35431044,736,31,705
35431045,502,4,498
35431046,476,30,446
35431047,419,3,416
35431048,445,9,436
35431049,377,8,369
35431050,420,40,380
35431051,405,8,397
35431052,464,4,460
35431053,445,7,438
35431054,673,12,661
35431055,440,15,425
35431056,592,45,547
35431057,359,21,338
35431058,448,24,424
35431059,748,22,726
35431060,473,19,454
35431061,461,15,446
35431062,479,2,477
35431063,542,6,536
35431064,517,8,509
35431065,431,25,406
35431066,430,7,423
35431067,497,1,496
35431068,275,8,267
35431069,547,63,484
35431070,447,0,447
35431071,486,25,461
35431072,614,64,550
35431073,681,11,670
35431074,257,3,254
35431075,1321,76,1245
35431076,405,0,405
35431077,606,33,573
35431078,450,19,431
35431079,623,8,615
35431080,680,20,660
35431081,622,25,597
35431082,450,23,427
35431083,385,14,371
35431084,406,11,395
35431085,458,21,437
35431086,477,31,446
35431087,476,43,433
35431089,1028,63,965
35431090,1853,53,1800
35431091,982,63,919
35431092,493,28,465
35431099,544,33,511
35431101,497,57,440
35431102,449,17,432
35431103,401,21,380
35431104,670,42,628
35431105,414,12,402
35431108,673,9,664
35431109,521,16,505
35431110,548,10,538
35431111,410,17,393
35431112,527,36,491
35431113,523,4,519
35431114,515,41,474
35431115,537,7,530
35431116,603,30,573
35431117,355,15,340
35431118,501,59,442
35431119,2023,24,1999
35431120,702,72,630
35431121,532,11,521
35431122,500,14,486
35431123,480,3,477
35431124,408,25,383
35431125,325,0,325
35431126,522,18,504
35431127,1383,35,1348
35431128,193,12,181
35431129,452,2,450
35431131,682,13,669
35431132,1123,12,1111
35431133,450,0,450
35431135,2874,62,2812
35431136,545,10,535
35431137,591,17,574
35431139,394,16,378
35431140,373,20,353
35431141,395,6,389
35431142,537,3,534
35431143,711,6,705
35431144,523,0,523
35431145,541,5,536
35431146,353,5,348
35431147,947,10,937
35431148,531,4,527
35431150,537,26,511
35431151,670,14,656
35431152,590,4,586
35431153,934,14,920
35431154,530,38,492
35431155,508,8,500
35431156,483,13,470
35431157,805,42,763
35431158,508,13,495
35431159,834,0,834
35431160,678,63,615
35431161,442,13,429
35431162,468,27,441
35431163,790,32,758
35431164,455,11,444
35431165,44,19,25
35431166,1124,98,1026
35431167,416,3,413
35431168,413,26,387
35431169,597,9,588
35431170,1006,37,969
35431171,359,47,312
35431172,386,47,339
35431173,383,42,341
35431174,395,34,361
35431175,387,26,361
35431176,423,0,423
35431177,414,39,375
35431178,438,10,428
35431179,431,48,383
35431180,489,30,459
35431181,458,26,432
35431182,440,16,424
35431183,473,9,464
35431184,391,37,354
35431185,382,17,365
35431186,547,32,515
35431187,924,60,864
35431188,437,38,399
35431189,609,71,538
35431190,474,8,466
35431191,394,68,326
35431192,438,31,407
35431193,443,17,426
35431194,497,53,444
35431195,478,30,448
35431196,451,36,415
35431197,413,18,395
35431198,453,5,448
35431199,380,17,363
35431200,720,36,684
35431201,706,39,667
35431202,654,19,635
35431203,377,20,357
35431204,406,8,398
35431205,535,47,488
35431206,427,17,410
35431207,564,6,558
35431208,529,30,499
35431209,441,1,440
35431210,484,15,469
35431211,553,18,535
35431212,551,34,517
35431213,614,17,597
35431214,146,12,134
35431215,602,60,542
35431216,458,46,412
35431217,532,39,493
35431218,398,16,382
35431219,321,10,311
35431220,392,21,371
35431221,315,2,313
35431222,438,17,421
35431223,504,4,500
35431224,553,33,520
35431225,792,15,777
35431226,640,38,602
35431227,731,5,726
35431228,765,85,680
35431229,860,19,841
35431230,566,0,566
35431231,478,44,434
35431232,11,11,0
35431233,9,8,1
35431234,455,26,429
35431235,2,2,0
35431236,2,1,1
35431237,51,39,12
35431238,807,689,118
35431239,581,40,541
35431240,578,22,556
35431241,1010,65,945
35431242,698,11,687
35431243,424,35,389
35431244,410,13,397
35431245,384,11,373
35431246,779,25,754
35431247,528,11,517
35431248,649,25,624
35431249,401,5,396
35431250,640,3,637
35431251,431,5,426
35431252,542,24,518
35431253,10,9,1
35431254,763,30,733
35431255,0,0,0
35431256,8,8,0
35431257,3,3,0
35431258,781,27,754
35431259,561,18,543
35431260,664,28,636
35431261,670,15,655
35431262,760,14,746
35431263,783,18,765
35431264,830,33,797
35431265,599,3,596
35431266,584,6,578
35431267,499,16,483
35431268,1492,82,1410
35431269,566,11,555
35431270,336,1,335
35431271,593,4,589
35431272,481,12,469
35431273,655,5,650
35431274,474,20,454
35431275,623,26,597
35431276,808,1,807
35431277,574,8,566
35431278,529,0,529
35431279,610,27,583
35431280,478,15,463
35431281,502,17,485
35431282,583,3,580
35431283,480,11,469
35431284,348,20,328
35431285,413,0,413
35431286,392,0,392
35431287,386,8,378
35431288,326,29,297
35431289,422,7,415
35431290,579,42,537
35431291,469,17,452
35431292,1290,34,1256
35431293,464,5,459
35431294,665,68,597
35431295,660,20,640
35431296,1000,14,986
35431297,539,23,516
35431298,675,5,670
35431299,585,15,570
35431300,476,15,461
35431301,773,2,771
35431302,5782,85,5697
35431303,709,38,671
35431304,2583,61,2522
35431305,587,10,577
35431306,610,8,602
35431307,586,47,539
35431308,637,22,615
35431309,542,11,531
35431310,642,6,636
35431311,452,1,451
35431312,641,15,626
35431313,366,21,345
35431314,281,11,270
35431315,447,50,397
35431316,428,29,399
35431317,418,14,404
35431318,467,9,458
35431319,458,10,448
35431320,261,24,237
35431321,960,47,913
35431322,708,20,688
35431323,427,36,391
35431324,563,14,549
35431325,284,26,258
35431327,1926,10,1916
35431328,403,8,395
35431329,897,68,829
35431330,383,74,309
35431331,166,50,116
35431332,492,101,391
35431333,470,61,409
35431334,175,13,162
35431335,429,93,336
35431336,621,92,529
35431337,301,9,292
35431338,354,10,344
35431339,624,20,604
35431340,330,16,314
35431342,635,25,610
35431346,841,66,775
35431347,743,30,713
35431348,593,6,587
35431349,546,10,536
35431350,601,18,583
35431352,894,11,883
35431353,1203,54,1149
35431354,450,1,449
35431355,6575,186,6389
35431357,796,85,711
35431358,498,76,422
35431359,645,152,493
35431360,920,81,839
35431361,665,55,610
35431364,931,72,859
35431365,527,16,511
35431366,1013,102,911
35431367,514,0,514
35431368,1050,69,981
35431369,1866,59,1807
35431370,1081,33,1048
35431371,684,12,672
35431372,418,4,414
35431373,196,16,180
35431375,734,7,727
35431377,305,11,294
35431379,436,33,403
35431380,123,0,123
35431381,660,8,652
35431382,263,4,259
35431383,1425,3,1422
35431384,238,7,231
35440163,850,19,831
35440164,459,24,435
35440165,516,15,501
35440166,1235,32,1203
35440167,790,27,763
35440168,556,26,530
35440169,515,24,491
35440170,433,8,425
35440171,580,8,572
35440172,567,16,551
35440173,504,19,485
35440174,554,18,536
35440175,707,3,704
35440176,710,22,688
35440177,734,32,702
35440178,776,1,775
35440179,747,21,726
35440180,521,12,509
35440181,887,51,836
35440182,709,16,693
35440183,411,26,385
35440184,810,39,771
35440185,639,24,615
35440186,271,5,266
35440187,597,10,587
35440188,460,0,460
35440189,541,7,534
35440190,392,4,388
35440191,758,4,754
35440192,297,13,284
35440193,631,47,584
35440194,489,17,472
35440195,751,6,745
35440196,890,31,859
35440197,681,16,665
35440198,502,12,490
35440199,469,17,452
35440200,545,15,530
35440201,414,24,390
35440202,152,14,138
35440203,546,28,518
35440205,560,23,537
35440207,677,5,672
35440208,623,15,608
35440209,660,2,658
35440210,1100,41,1059
35440211,945,27,918
35440212,723,6,717
35440213,852,38,814
35440214,617,13,604
35440215,569,16,553
35440216,592,1,591
35440217,582,5,577
35440218,619,1,618
35440219,519,0,519
35440220,624,6,618
35440221,432,4,428
35440222,455,13,442
35440223,477,22,455
35440224,739,11,728
35440225,720,14,706
35440226,459,5,454
35440227,684,0,684
35440228,523,16,507
35440229,535,5,530
35440230,428,24,404
35440231,424,43,381
35440232,592,8,584
35440233,256,18,238
35440234,689,0,689
35440235,559,24,535
35440236,550,25,525
35440237,545,44,501
35440238,54,54,0
35440239,312,5,307
35440240,544,3,541
35440241,760,50,710
35440242,592,14,578
35440243,453,0,453
35440244,441,31,410
35440245,539,11,528
35440247,498,0,498
35440248,441,13,428
35440249,594,20,574
35440250,541,26,515
35440251,502,7,495
35440252,536,42,494
35440253,915,49,866
35440254,718,21,697
35440255,228,214,14
35440256,338,1,337
35440257,103,82,21
35440258,2,2,0
35440259,119,98,21
35440260,633,40,593
35440261,661,0,661
35440262,861,137,724
35440263,857,195,662
35440264,654,39,615
35440265,633,19,614
35440266,805,37,768
35440267,633,5,628
35440268,855,18,837
35440269,799,8,791
35440270,488,0,488
35440272,469,32,437
35440274,646,20,626
35460071,1159,3,1156
35460072,815,10,805
35460073,675,7,668
35460074,1007,3,1004
35460075,616,38,578
35460076,555,23,532
35460077,593,5,588
35460078,275,32,243
35460079,618,63,555
35460080,751,60,691
35460081,925,19,906
35460082,706,36,670
35460083,1025,5,1020
35460084,660,23,637
35460085,693,9,684
35460086,580,2,578
35460087,743,11,732
35460088,682,1,681
35460089,500,10,490
35460090,478,15,463
35460091,868,18,850
35460092,624,10,614
35460093,672,0,672
35460094,540,26,514
35460095,616,45,571
35460272,937,5,932
35470162,865,96,769
35470163,243,59,184
35470164,606,34,572
35470165,699,17,682
35470166,486,14,472
35470167,579,93,486
35470168,562,2,560
35470169,568,8,560
35470170,619,67,552
35470171,603,47,556
35470172,671,109,562
35470173,840,57,783
35470174,1088,56,1032
35470175,544,69,475
35470176,1042,23,1019
35470177,536,28,508
35470178,684,73,611
35470179,579,75,504
35470180,626,38,588
35470181,702,36,666
35470182,928,99,829
35470183,391,18,373
35470184,2997,254,2743
35470185,664,2,662
35470186,948,67,881
35470187,735,82,653
35470188,1800,200,1600
35470189,563,5,558
35470190,695,94,601
35470191,630,46,584
35470192,523,87,436
35470193,624,60,564
35470194,719,53,666
35470195,383,17,366
35470196,820,91,729
35470197,693,85,608
35470198,548,74,474
35470199,552,56,496
35470200,529,110,419
35470201,859,115,744
35470202,763,110,653
35470203,653,91,562
35470204,928,82,846
35470205,481,74,407
35470206,536,65,471
35470207,602,97,505
35470208,453,86,367
35470209,454,39,415
35470210,618,51,567
35470211,131,12,119
35470212,535,87,448
35470213,521,43,478
35470214,652,13,639
35470215,504,35,469
35470216,402,8,394
35470217,452,47,405
35470218,471,42,429
35470219,492,80,412
35470220,480,26,454
35470221,391,0,391
35470222,576,44,532
35470223,654,46,608
35470224,759,136,623
35470225,525,134,391
35470226,701,107,594
35470227,577,45,532
35470228,418,52,366
35470229,739,84,655
35470230,699,117,582
35470231,563,37,526
35470232,530,56,474
35470233,661,95,566
35470234,445,389,56
35470235,679,13,666
35470236,580,56,524
35470237,612,53,559
35470238,666,86,580
35470239,825,76,749
35470240,582,81,501
35470241,574,18,556
35470242,578,48,530
35470243,453,38,415
35470244,531,42,489
35470245,633,61,572
35470246,724,54,670
35470247,669,50,619
35470248,589,32,557
35470249,512,33,479
35470250,614,90,524
35470251,444,46,398
35470252,944,95,849
35470253,647,82,565
35470254,498,13,485
35470255,473,23,450
35470256,676,69,607
35470257,516,14,502
35470258,549,52,497
35470259,653,39,614
35470260,472,47,425
35470261,545,21,524
35470262,400,48,352
35470263,559,26,533
35470264,612,66,546
35470265,798,70,728
35470266,947,71,876
35470267,655,67,588
35470268,572,47,525
35470269,632,11,621
35470270,880,36,844
35470271,605,16,589
35470272,984,51,933
35470273,551,22,529
35470274,995,51,944
35470275,501,47,454
35470276,840,63,777
35470277,528,21,507
35470278,870,3,867
35470279,575,41,534
35470280,591,36,555
35470281,555,36,519
35470282,584,44,540
35470283,474,9,465
35470284,1530,67,1463
35470285,1063,23,1040
35470286,631,34,597
35470287,1095,65,1030
35470288,433,52,381
35470289,853,49,804
35470290,502,22,480
35470291,609,11,598
35470292,688,15,673
35470293,676,34,642
35470294,476,38,438
35470295,578,29,549
35470296,729,35,694
35470297,703,43,660
35470298,533,12,521
35470299,478,11,467
35470300,374,12,362
35470301,468,22,446
35470302,481,4,477
35470303,521,7,514
35470304,502,55,447
35470305,522,26,496
35470306,602,54,548
35470307,503,18,485
35470308,523,25,498
35470309,292,26,266
35470310,749,56,693
35470311,560,23,537
35470312,640,78,562
35470313,455,40,415
35470314,634,29,605
35470315,649,108,541
35470316,635,29,606
35470317,559,37,522
35470318,571,64,507
35470319,992,76,916
35470320,280,15,265
35470321,428,47,381
35480017,490,30,460
35480019,423,30,393
35480020,469,32,437
35480021,904,65,839
35480022,452,59,393
35480023,443,55,388
35480024,519,31,488
35480025,503,60,443
35480026,507,31,476
35480027,504,86,418
35480028,671,69,602
35480029,845,33,812
35480030,545,19,526
35480032,541,52,489
35480033,316,12,304
35480034,550,73,477
35480035,530,81,449
35480036,409,22,387
35480037,490,49,441
35480038,411,66,345
35480039,462,122,340
35480040,482,43,439
35480041,399,47,352
35480042,581,46,535
35480043,432,47,385
35480045,433,61,372
35480046,375,60,315
35480047,414,54,360
35480048,513,116,397
35480049,499,59,440
35480050,421,33,388
35480051,440,15,425
35480052,354,45,309
35480053,403,22,381
35480054,378,25,353
35480055,393,37,356
35480056,554,59,495
35480057,498,8,490
35480058,486,49,437
35480059,436,76,360
35480060,410,100,310
35480061,452,61,391
35480062,411,20,391
35480063,513,49,464
35480064,499,55,444
35480065,484,68,416
35480066,481,92,389
35480067,439,68,371
35480068,419,75,344
35480069,546,41,505
35480070,367,34,333
35480071,385,39,346
35480072,438,73,365
35480073,523,110,413
35480074,486,35,451
35480075,510,1,509
35480076,594,20,574
35480077,350,79,271
35480078,310,27,283
35480079,481,140,341
35480080,623,44,579
35480081,658,86,572
35480082,643,84,559
35480084,409,44,365
35480085,637,86,551
35480086,358,28,330
35480088,508,60,448
35480089,662,45,617
35480090,498,53,445
35480091,461,38,423
35480092,359,0,359
35480095,808,152,656
35480096,729,112,617
35480097,439,28,411
35480098,356,25,331
35480099,405,71,334
35480100,537,62,475
35480101,573,73,500
35480132,449,39,410
35480133,407,40,367
35480136,1317,185,1132
35480137,450,53,397
35480138,310,71,239
35480139,323,8,315
35480140,361,30,331
35480142,392,17,375
35480143,762,45,717
35480144,757,56,701
35480145,1299,130,1169
35480146,273,9,264
35480175,1664,242,1422
35480176,960,101,859
35480178,794,35,759
35480179,160,141,19
35480180,729,72,657
35480181,775,149,626
35480182,1041,108,933
35480183,767,79,688
35480184,751,118,633
35480185,667,103,564
35480186,1031,238,793
35480187,736,158,578
35480188,563,130,433
35480189,675,99,576
35480190,606,81,525
35480191,522,90,432
35480192,551,177,374
35480193,669,128,541
35480194,932,226,706
35480195,527,47,480
35480196,512,52,460
35480197,552,44,508
35480198,637,128,509
35480199,694,179,515
35480200,1408,852,556
35480201,11,11,0
35480202,120,47,73
35480203,553,26,527
35480204,462,29,433
35480205,505,69,436
35480206,787,81,706
35480207,700,45,655
35480208,637,75,562
35480209,800,96,704
35480210,300,14,286
35480211,947,85,862
35480212,775,157,618
35480213,1404,105,1299
35480214,572,48,524
35480215,395,79,316
35480216,633,136,497
35480217,511,72,439
35480218,530,88,442
35480219,680,70,610
35480220,164,46,118
35480221,318,46,272
35480222,456,194,262
35480223,615,206,409
35480224,537,223,314
35480225,397,147,250
35480226,371,116,255
35480227,690,256,434
35480228,96,13,83
35480229,673,52,621
35480230,682,60,622
35480231,599,97,502
35480232,327,69,258
35480233,416,84,332
35480234,368,75,293
35480235,743,47,696
35480236,943,119,824
35480237,815,35,780
35480238,1205,64,1141
35490146,448,48,400
35490147,1192,118,1074
35490148,743,38,705
35490149,553,26,527
35490150,447,37,410
35490151,409,14,395
35490152,555,51,504
35490153,645,7,638
35490154,457,22,435
35490155,606,34,572
35490156,609,39,570
35490157,528,44,484
35490158,554,15,539
35490159,617,23,594
35490160,413,26,387
35490161,172,9,163
35490162,350,30,320
35490163,652,75,577
35490164,524,54,470
35490165,443,5,438
35490166,495,7,488
35490167,446,5,441
35490168,458,7,451
35490169,536,26,510
35490170,487,13,474
35490171,462,24,438
35490172,522,26,496
35490173,397,7,390
35490174,489,13,476
35490175,498,5,493
35490176,576,2,574
35490177,690,36,654
35490178,694,32,662
35490179,870,1,869
35490180,307,14,293
35490181,420,0,420
35490182,406,0,406
35490183,645,6,639
35490184,531,26,505
35490185,341,0,341
35490186,475,2,473
35490187,483,16,467
35490188,430,18,412
35490189,439,15,424
35490190,477,27,450
35490191,626,35,591
35490192,554,7,547
35490193,511,20,491
35490194,439,20,419
35490195,722,13,709
35490196,709,108,601
35490197,543,42,501
35490198,542,40,502
35490199,426,80,346
35490200,391,47,344
35490201,462,35,427
35490202,492,36,456
35490203,524,43,481
35490204,429,32,397
35490205,601,37,564
35490206,516,5,511
35490207,293,264,29
35490208,13,0,13
35490209,594,19,575
35490210,478,64,414
35490211,0,0,0
35490212,5,3,2
35490213,192,169,23
35490214,0,0,0
35490215,337,72,265
35490216,103,93,10
35490217,457,0,457
35490218,115,104,11
35490219,0,0,0
35490220,0,0,0
35490221,399,361,38
35490222,728,31,697
35490223,528,13,515
35490224,480,9,471
35490225,565,65,500
35490226,623,9,614
35490227,620,9,611
35490228,803,6,797
35490229,634,17,617
35490230,598,0,598
35490231,487,32,455
35490232,605,58,547
35490233,594,32,562
35510070,516,86,430
35510071,461,424,37
35510072,529,99,430
35510073,595,84,511
35510074,366,78,288
35510075,526,66,460
35510076,378,353,25
35510077,136,135,1
35510078,451,102,349
35510079,577,139,438
35510080,361,348,13
35510081,476,476,0
35510082,656,644,12
35510083,548,548,0
35510084,449,449,0
35510085,447,63,384
35510086,507,18,489
35510087,603,41,562
35510088,523,30,493
35510089,537,33,504
35510090,0,0,0
35510091,351,5,346
35510093,304,9,295
35510094,522,35,487
35510095,623,41,582
35510096,901,840,61
35510097,0,0,0
35510099,167,17,150
35510100,141,138,3
35510101,0,0,0
35510102,56,54,2
35510103,10,4,6
35510104,0,0,0
35510106,486,33,453
35520082,0,0,0
35520083,375,40,335
35520084,175,159,16
35520085,291,57,234
35520086,430,93,337
35520087,393,115,278
35520088,74,73,1
35520089,0,0,0
35520090,59,55,4
35520091,284,37,247
35520092,291,31,260
35520093,251,33,218
35520094,285,65,220
35520095,323,51,272
35520096,317,32,285
35520097,18,15,3
35520098,524,67,457
35520099,428,108,320
35520100,587,124,463
35520101,546,53,493
35520102,454,64,390
35520103,374,90,284
35520104,471,49,422
35520105,378,40,338
35520106,411,36,375
35520107,403,48,355
35520108,398,61,337
35520109,431,62,369
35520110,397,59,338
35520111,382,40,342
35520112,448,42,406
35520113,444,45,399
35520114,304,49,255
35520115,292,33,259
35520116,0,0,0
35520117,286,26,260
35520118,554,64,490
35520119,457,40,417
35520120,706,85,621
35520121,348,316,32
35520122,357,96,261
35520123,424,97,327
35520124,393,38,355
35520125,365,52,313
35520126,492,90,402
35520127,417,67,350
35520128,374,54,320
35520129,312,26,286
35520130,448,58,390
35520131,601,73,528
35520132,443,42,401
35520133,500,51,449
35520134,470,60,410
35520135,312,185,127
35530032,396,27,369
35530034,537,41,496
35530036,839,79,760
35530037,450,19,431
35530038,379,48,331
35530039,308,49,259
35530040,438,36,402
35530041,424,60,364
35530042,364,42,322
35530043,443,47,396
35530044,454,88,366
35530045,435,31,404
35530046,678,44,634
35530047,390,37,353
35530049,456,32,424
35530050,392,33,359
35530051,335,25,310
35530052,1084,82,1002
35530053,384,10,374
35530054,489,107,382
35530055,381,21,360
35530056,419,46,373
35530057,561,40,521
35530058,773,66,707
35530062,247,47,200
35530063,701,103,598
35530064,395,48,347
35530065,319,28,291
35530066,547,62,485
35530067,309,12,297
35530068,381,82,299
35530069,840,140,700
35530072,410,99,311
35530075,307,35,272
35530076,494,79,415
35530077,603,139,464
35530079,593,75,518
35530081,447,62,385
35530082,497,49,448
35530083,562,69,493
35530084,430,99,331
35530085,309,22,287
35530086,377,14,363
35530087,582,102,480
35530088,444,125,319
35530089,440,87,353
35530090,418,63,355
35530091,508,66,442
35530092,309,45,264
35530093,683,114,569
35530094,328,54,274
35530095,290,79,211
35530096,655,147,508
35530097,853,127,726
35530099,529,60,469
35530102,453,19,434
35530103,427,26,401
35530104,430,81,349
35530105,780,41,739
35530106,684,72,612
35530107,452,14,438
35530108,377,31,346
35530109,731,48,683
35530110,354,50,304
35530111,403,48,355
35530114,548,61,487
35530115,403,65,338
35530116,452,19,433
35530117,417,35,382
35530118,470,23,447
35530119,336,16,320
35530121,576,39,537
35530123,326,9,317
35530124,539,7,532
35530125,1434,113,1321
35530126,447,46,401
35530127,533,89,444
35530129,510,101,409
35530134,488,113,375
35530135,510,42,468
35530137,674,108,566
35530138,371,4,367
35530139,720,55,665
35530140,635,79,556
35530141,750,69,681
35530142,547,2,545
35530143,482,5,477
35530144,419,2,417
35530145,525,62,463
35530146,611,34,577
35530147,381,26,355
35530148,730,19,711
35530151,422,36,386
35530152,368,29,339
35530153,311,46,265
35530154,386,26,360
35530155,476,19,457
35530156,323,25,298
35530158,433,6,427
35530159,460,38,422
35530160,551,32,519
35530162,343,4,339
35530163,469,46,423
35530164,458,32,426
35530165,1051,37,1014
35530166,379,12,367
35530167,425,17,408
35530168,321,34,287
35530170,696,34,662
35530173,433,12,421
35530174,522,21,501
35530175,567,4,563
35530176,1132,48,1084
35530177,422,23,399
35530178,538,44,494
35530179,616,54,562
35530180,903,82,821
35530184,516,1,515
35530185,427,25,402
35530188,620,27,593
35530191,702,23,679
35530192,1264,47,1217
35530193,720,49,671
35530194,382,37,345
35530201,381,0,381
35530202,1100,43,1057
35530203,784,54,730
35530243,343,63,280
35530244,414,45,369
35530245,1723,126,1597
35530246,1459,122,1337
35530247,1099,175,924
35530249,1623,249,1374
35530250,2282,301,1981
35530251,1158,169,989
35530252,956,111,845
35530253,964,30,934
35530254,994,64,930
35530256,880,76,804
35530257,287,21,266
35530258,796,107,689
35530259,464,22,442
35530260,122,102,20
35530261,523,47,476
35530262,478,44,434
35530263,996,108,888
35530264,786,65,721
35530265,453,54,399
35530266,573,46,527
35530267,459,55,404
35530268,470,46,424
35530269,1003,98,905
35530270,588,69,519
35530271,523,92,431
35530272,538,47,491
35530273,526,91,435
35530274,493,107,386
35530275,459,54,405
35530276,452,39,413
35530277,507,48,459
35530278,627,53,574
35530279,609,4,605
35530280,525,20,505
35530281,846,64,782
35530282,2119,158,1961
35530283,470,23,447
35530284,524,85,439
35530285,521,57,464
35530286,535,52,483
35530287,383,86,297
35530288,804,109,695
35530289,1040,23,1017
35530290,479,29,450
35530291,386,52,334
35530292,1066,82,984
35530293,769,36,733
35530294,892,63,829
35530295,503,72,431
35530296,734,69,665
35530297,766,33,733
35530298,802,73,729
35530299,503,69,434
35530300,765,106,659
35530301,679,92,587
35530302,454,85,369
35530303,430,11,419
35530304,631,48,583
35530305,1047,115,932
35530306,855,113,742
35530307,796,73,723
35530308,703,37,666
35530309,681,92,589
35530310,767,70,697
35530311,683,66,617
35530312,703,122,581
35530313,546,63,483
35530314,915,105,810
35530315,703,56,647
35530316,542,43,499
35530317,672,91,581
35530318,608,35,573
35530319,548,89,459
35530320,494,89,405
35530321,512,76,436
35530322,774,39,735
35530323,594,76,518
35530324,504,20,484
35530325,494,5,489
35530326,543,49,494
35530327,783,36,747
35530328,690,86,604
35530329,706,92,614
35530330,655,60,595
35530331,945,66,879
35530332,790,105,685
35530333,475,80,395
35530334,617,75,542
35530335,620,29,591
35530336,949,83,866
35530337,759,59,700
35530338,841,36,805
35530339,974,47,927
35530340,1365,51,1314
35530341,688,38,650
35530342,503,35,468
35530343,462,19,443
35530344,662,48,614
35530345,543,55,488
35530346,759,38,721
35530347,8,3,5
35530348,754,57,697
35530349,570,36,534
35530350,662,73,589
35530351,435,11,424
35530352,736,39,697
35530353,1211,80,1131
35530354,439,44,395
35530355,447,66,381
35530356,1362,124,1238
35530357,755,106,649
35530358,571,82,489
35530359,509,9,500
35530360,517,66,451
35530361,658,140,518
35530362,384,67,317
35530363,497,53,444
35530364,552,53,499
35530365,566,63,503
35530366,429,74,355
35530367,425,17,408
35530368,615,70,545
35530369,641,49,592
35530370,614,54,560
35530371,440,69,371
35530372,600,33,567
35530373,469,47,422
35530374,553,37,516
35530375,752,38,714
35530376,1415,97,1318
35530377,1315,82,1233
35530378,496,74,422
35530380,92,4,88
35530381,2220,198,2022
35540073,4,4,0
35540074,318,13,305
35540075,305,3,302
35540076,400,49,351
35540077,349,32,317
35540078,144,29,115
35540079,564,128,436
35540080,373,23,350
35540081,578,65,513
35540082,463,26,437
35540083,546,36,510
35540084,565,53,512
35540085,556,69,487
35540086,539,44,495
35540087,413,35,378
35540088,454,41,413
35540089,528,46,482
35540090,578,26,552
35540091,423,69,354
35540092,582,39,543
35540093,575,58,517
35540094,601,39,562
35540095,488,58,430
35540096,379,49,330
35540097,347,7,340
35540098,699,54,645
35540099,470,21,449
35540100,515,33,482
35540101,511,83,428
35540102,436,21,415
35540103,661,49,612
35540104,510,0,510
35540105,116,0,116
35540106,203,22,181
35540107,562,83,479
35540108,353,25,328
35540109,517,4,513
35540110,618,37,581
35540111,581,20,561
35540112,454,35,419
35540113,464,25,439
35540114,451,19,432
35540115,510,39,471
35540116,429,23,406
35540117,479,57,422
35540118,511,56,455
35540119,445,55,390
35540120,449,49,400
35540121,409,13,396
35540122,377,7,370
35540123,537,16,521
35540124,444,9,435
35540125,483,3,480
35540126,350,0,350
35540127,434,34,400
35540128,391,9,382
35540129,376,32,344
35540130,147,35,112
35540131,305,8,297
35540132,589,5,584
35540133,496,64,432
35540134,652,88,564
35540135,441,40,401
35540136,426,64,362
35540137,560,5,555
35540138,562,42,520
35540139,375,8,367
35540140,120,0,120
35540141,401,22,379
35540142,200,32,168
35540143,703,47,656
35540144,59,50,9
35560182,0,0,0
35560184,150,143,7
35560185,0,0,0
35560186,0,0,0
35560187,690,663,27
35560188,155,129,26
35560189,0,0,0
35560190,101,101,0
35560191,338,14,324
35560192,619,78,541
35560193,620,41,579
35560194,476,128,348
35560195,563,187,376
35560196,473,66,407
35560197,461,117,344
35560198,528,117,411
35560199,504,96,408
35560200,706,225,481
35560201,411,35,376
35560202,40,37,3
35560203,977,81,896
35560204,571,52,519
35560205,266,17,249
35560206,531,64,467
35560207,568,74,494
35560208,528,54,474
35560209,477,68,409
35560210,436,81,355
35560211,954,107,847
35560212,487,117,370
35560213,485,67,418
35560214,469,62,407
35560215,468,28,440
35560216,749,138,611
35560217,481,103,378
35560218,793,185,608
35560219,730,54,676
35560220,1829,141,1688
35560221,496,60,436
35560222,591,87,504
35560223,477,5,472
35560224,446,6,440
35560225,468,85,383
35560226,517,142,375
35560227,517,109,408
35560228,351,15,336
35560229,551,53,498
35560230,459,9,450
35560231,362,2,360
35560232,423,79,344
35560233,457,33,424
35560234,474,48,426
35560235,486,43,443
35560236,486,35,451
35560237,460,18,442
35560238,527,29,498
35560239,633,77,556
35560240,554,76,478
35560241,373,7,366
35560242,476,78,398
35560243,561,88,473
35560244,699,82,617
35560245,490,43,447
35560246,512,33,479
35560247,638,57,581
35560248,578,123,455
35560249,543,53,490
35560250,618,137,481
35560251,774,38,736
35560252,707,57,650
35560253,378,46,332
35560254,397,28,369
35560255,567,48,519
35560256,383,6,377
35560257,416,44,372
35560258,405,23,382
35560259,458,62,396
35560260,729,100,629
35560261,853,123,730
35560262,617,98,519
35560263,462,61,401
35560264,485,65,420
35560265,536,66,470
35560266,628,11,617
35560267,437,74,363
35560268,586,70,516
35560269,650,109,541
35560270,533,53,480
35560271,642,114,528
35560272,538,24,514
35560273,505,45,460
35560274,456,58,398
35560275,553,74,479
35560276,438,7,431
35560277,604,24,580
35560278,0,0,0
35560279,318,25,293
35560280,9,9,0
35560281,784,93,691
35560282,518,50,468
35560283,547,34,513
35560284,432,50,382
35560285,1231,86,1145
35560286,396,31,365
35560287,548,96,452
35560288,518,48,470
35560289,461,114,347
35560290,488,68,420
35560291,536,27,509
35560292,697,25,672
35560293,558,20,538
35560294,401,16,385
35560295,410,46,364
35560296,420,30,390
35560297,444,32,412
35560298,443,10,433
35560299,342,32,310
35560300,460,53,407
35560301,475,66,409
35560302,400,98,302
35560303,503,6,497
35560304,349,21,328
35560305,668,141,527
35560306,482,62,420
35560307,873,62,811
35560308,516,58,458
35560309,480,73,407
35560310,535,33,502
35560311,394,10,384
35560312,352,22,330
35560313,231,19,212
35560314,484,28,456
35560315,568,563,5
35560316,599,40,559
35560317,595,24,571
35560318,458,15,443
35560319,494,36,458
35560320,490,63,427
35560321,439,45,394
35560322,441,34,407
35560323,528,44,484
35560324,369,32,337
35560325,341,10,331
35560326,306,9,297
35560327,623,34,589
35560328,342,12,330
35560329,175,0,175
35560330,365,2,363
35560331,354,64,290
35560332,401,31,370
35560333,639,559,80
35560334,809,786,23
35560335,698,683,15
35560336,106,104,2
35560337,858,647,211
35560338,566,456,110
35560339,275,35,240
35560340,345,39,306
35570037,405,31,374
35570038,536,66,470
35570039,443,11,432
35570041,607,59,548
35570042,379,28,351
35570044,479,61,418
35570045,402,43,359
35570047,563,87,476
35570050,405,76,329
35570051,458,38,420
35570052,427,51,376
35570053,536,0,536
35570056,482,63,419
35570057,672,58,614
35570058,465,64,401
35570061,492,45,447
35570062,552,9,543
35570063,410,72,338
35570064,352,19,333
35570065,332,14,318
35570066,306,22,284
35570067,311,46,265
35570068,370,22,348
35570070,594,85,509
35570073,536,43,493
35570074,383,15,368
35570075,452,21,431
35570076,358,61,297
35570077,674,22,652
35570078,731,121,610
35570079,347,43,304
35570080,242,59,183
35570081,477,70,407
35570082,368,57,311
35570083,500,43,457
35570084,346,105,241
35570085,391,82,309
35570086,397,110,287
35570087,375,32,343
35570088,521,57,464
35570089,382,111,271
35570090,351,26,325
35570091,397,83,314
35570092,816,81,735
35570093,405,42,363
35570094,524,17,507
35570095,455,27,428
35570096,381,25,356
35570097,428,17,411
35570099,364,25,339
35570100,348,15,333
35570101,749,5,744
35570103,586,142,444
35570104,2,2,0
35570105,453,22,431
35570106,1181,205,976
35570107,443,20,423
35570109,384,4,380
35570111,454,14,440
35570112,519,22,497
35570113,482,15,467
35570114,454,16,438
35570116,577,86,491
35570117,380,55,325
35570118,298,9,289
35570119,432,77,355
35570121,585,77,508
35570123,458,84,374
35570124,375,72,303
35570125,536,44,492
35570127,421,99,322
35570128,383,86,297
35570129,391,66,325
35570130,479,50,429
35570131,496,65,431
35570132,418,20,398
35570133,359,91,268
35570134,428,67,361
35570135,407,153,254
35570136,371,64,307
35570137,399,124,275
35570138,447,72,375
35570140,419,69,350
35570141,319,58,261
35570142,462,93,369
35570143,494,47,447
35570144,542,56,486
35570145,524,78,446
35570146,386,84,302
35570147,705,66,639
35570148,371,34,337
35570149,457,73,384
35570150,388,34,354
35570151,485,128,357
35570152,384,8,376
35570153,457,54,403
35570154,595,56,539
35570155,725,71,654
35570156,747,47,700
35570157,402,39,363
35570158,439,37,402
35570159,415,25,390
35570160,575,102,473
35570161,335,25,310
35570163,270,11,259
35570164,320,15,305
35570166,372,28,344
35570167,455,13,442
35570168,437,24,413
35570169,425,80,345
35570170,369,101,268
35570171,379,75,304
35570172,388,47,341
35570173,529,63,466
35570174,412,39,373
35570175,470,52,418
35570176,525,31,494
35570177,830,82,748
35570178,986,140,846
35570179,662,82,580
35570180,627,65,562
35570182,492,47,445
35570184,343,68,275
35570185,582,40,542
35570186,723,72,651
35570188,1048,90,958
35570279,1375,155,1220
35570283,478,84,394
35570284,483,30,453
35570286,0,0,0
35570287,270,30,240
35570288,337,21,316
35570289,498,83,415
35570290,460,49,411
35570291,466,89,377
35570292,542,59,483
35570293,461,52,409
35570294,428,32,396
35570295,80,75,5
35570296,282,68,214
35570297,408,111,297
35570298,1106,115,991
35570299,896,157,739
35570300,886,133,753
35570301,36,34,2
35570302,48,45,3
35570303,997,83,914
35570304,435,55,380
35570305,485,57,428
35570308,631,22,609
35570309,551,91,460
35570310,474,71,403
35570311,7,1,6
35570313,599,565,34
35570314,662,86,576
35570315,439,52,387
35570316,555,33,522
35570317,758,26,732
35570318,529,50,479
35570319,178,8,170
35570320,321,24,297
35570321,338,10,328
35570322,717,4,713
35570323,659,31,628
35570324,563,23,540
35570325,565,28,537
35570326,408,74,334
35570327,428,32,396
35570328,369,47,322
35570329,578,20,558
35570330,130,115,15
35570331,500,6,494
35570332,481,98,383
35570333,0,0,0
35570334,6,6,0
35570335,0,0,0
35570336,417,382,35
35570337,829,65,764
35570338,588,166,422
35570339,401,16,385
35570340,464,92,372
35570341,643,90,553
35570342,492,53,439
35570343,356,341,15
35570344,336,73,263
35570345,363,110,253
35570346,1176,1170,6
35570347,0,0,0
35570348,760,53,707
35570349,798,111,687
35570350,401,21,380
35570351,512,51,461
35570352,834,35,799
35570353,623,93,530
35570354,486,35,451
35570355,426,19,407
35570356,448,9,439
35570357,451,57,394
35570358,525,41,484
35570359,458,47,411
35570360,497,41,456
35570361,478,101,377
35570362,722,91,631
35570363,668,41,627
35570364,699,72,627
35570365,691,71,620
35570367,0,0,0
35570370,0,0,0
35570371,0,0,0
35570372,0,0,0
35570373,0,0,0
35570375,1138,1047,91
35570377,280,9,271
35570378,246,22,224
35570379,122,41,81
35570380,179,48,131
35570381,187,86,101
35570382,485,72,413
35570383,989,105,884
35570384,456,26,430
35570386,348,30,318
35570387,397,34,363
35570388,487,13,474
35570389,508,15,493
35570390,885,160,725
35570392,432,30,402
35570393,1082,33,1049
35570395,442,120,322
35570396,441,47,394
35570397,659,40,619
35570399,635,12,623
35570400,596,74,522
35570402,595,23,572
35570403,402,42,360
35570405,242,38,204
35570408,563,31,532
35570409,148,9,139
35570411,424,91,333
35570414,213,12,201
35570415,302,36,266
35570416,500,47,453
35570417,106,7,99
35580029,351,18,333
35580030,589,26,563
35580031,1113,28,1085
35580032,721,12,709
35580033,642,31,611
35580038,426,17,409
35580039,478,49,429
35580040,406,22,384
35580041,422,23,399
35580042,409,103,306
35580043,364,98,266
35580044,458,29,429
35580045,495,58,437
35580046,427,91,336
35580047,483,82,401
35580048,446,56,390
35580049,553,104,449
35580050,551,69,482
35580051,395,47,348
35580052,537,83,454
35580053,466,81,385
35580054,605,102,503
35580055,371,41,330
35580056,459,42,417
35580057,469,51,418
35580058,504,104,400
35580059,451,51,400
35580060,412,15,397
35580061,348,39,309
35580062,485,168,317
35580063,430,39,391
35580064,428,50,378
35580065,453,29,424
35580066,405,120,285
35580068,267,40,227
35580069,398,67,331
35580070,422,182,240
35580071,357,118,239
35580072,367,73,294
35580073,451,85,366
35580074,440,96,344
35580075,531,131,400
35580076,480,191,289
35580077,454,100,354
35580078,543,162,381
35580079,406,74,332
35580080,435,96,339
35580081,429,65,364
35580082,426,62,364
35580083,500,58,442
35580084,422,132,290
35580085,542,142,400
35580086,439,105,334
35580087,487,65,422
35580088,659,58,601
35580089,711,36,675
35580090,432,32,400
35580091,447,4,443
35580092,321,70,251
35580093,391,36,355
35580094,474,64,410
35580095,525,57,468
35580096,1136,136,1000
35580097,409,61,348
35580098,579,30,549
35580100,317,47,270
35580101,639,418,221
35580102,763,146,617
35580103,534,29,505
35580104,484,73,411
35580105,648,45,603
35580106,685,41,644
35580107,359,0,359
35580108,200,11,189
35580109,381,14,367
35580114,568,17,551
35580115,450,30,420
35580116,476,53,423
35580117,430,63,367
35580118,380,10,370
35580119,437,23,414
35580120,425,73,352
35580121,519,64,455
35580122,583,341,242
35580123,618,249,369
35580124,522,50,472
35580125,453,26,427
35580126,424,66,358
35580127,235,4,231
35580128,456,43,413
35580129,401,4,397
35580130,506,13,493
35580131,424,91,333
35580132,427,51,376
35580133,439,9,430
35580134,500,93,407
35580135,435,45,390
35580136,479,9,470
35580137,472,50,422
35580138,462,56,406
35580139,495,49,446
35580140,458,16,442
35580141,566,126,440
35580142,526,29,497
35580143,592,72,520
35580144,411,54,357
35580145,444,54,390
35580146,391,30,361
35580147,403,58,345
35580148,331,36,295
35580149,569,36,533
35580150,430,113,317
35580151,365,111,254
35580152,457,144,313
35580153,752,160,592
35580154,354,74,280
35580155,357,100,257
35580156,522,142,380
35580157,244,32,212
35580158,305,2,303
35580159,505,74,431
35580160,432,27,405
35580161,456,40,416
35580162,415,52,363
35580163,344,52,292
35580164,554,19,535
35580165,417,42,375
35580166,474,11,463
35580167,275,23,252
35580168,388,7,381
35580169,901,209,692
35580170,339,190,149
35580171,633,109,524
35580172,536,17,519
35580173,570,96,474
35580174,1031,68,963
35580175,363,69,294
35580176,355,14,341
35580177,490,20,470
35580178,580,64,516
35580179,1223,71,1152
35580180,2213,189,2024
35580181,628,47,581
35580184,1008,91,917
35580186,462,21,441
35580194,452,68,384
35580195,461,16,445
35580196,392,22,370
35580197,386,52,334
35580198,382,57,325
35580199,327,36,291
35580200,427,65,362
35580201,673,28,645
35580202,335,60,275
35580203,340,32,308
35580204,371,51,320
35580286,0,0,0
35580316,408,31,377
35580317,453,99,354
35580318,583,97,486
35580319,775,192,583
35580322,297,48,249
35580323,420,58,362
35580324,435,26,409
35580325,340,83,257
35580326,482,17,465
35580327,466,79,387
35580328,462,24,438
35580329,420,13,407
35580330,487,37,450
35580331,402,61,341
35580335,519,67,452
35580336,416,21,395
35580337,412,99,313
35580338,558,87,471
35580339,365,41,324
35580340,409,79,330
35580341,464,18,446
35580342,478,72,406
35580343,442,93,349
35580345,364,27,337
35580346,483,20,463
35580347,340,53,287
35580348,501,84,417
35580349,486,40,446
35580350,400,11,389
35580351,429,67,362
35580352,445,62,383
35580353,526,56,470
35580354,514,33,481
35580355,235,2,233
35580356,923,70,853
35580357,1223,76,1147
35580358,742,218,524
35580359,878,119,759
35580362,265,265,0
35580363,297,172,125
35580364,372,372,0
35580365,88,85,3
35580366,0,0,0
35580367,314,129,185
35580368,348,348,0
35580369,260,260,0
35580370,215,28,187
35580371,0,0,0
35580372,21,20,1
35580373,678,35,643
35580374,608,51,557
35580375,688,28,660
35580376,690,41,649
35580377,666,57,609
35580378,565,15,550
35580379,579,36,543
35580380,615,39,576
35580381,451,17,434
35580382,603,36,567
35580383,309,50,259
35580384,226,33,193
35580385,453,50,403
35580386,62,62,0
35580387,71,71,0
35580388,0,0,0
35580389,200,197,3
35580390,460,444,16
35580391,49,21,28
35580392,94,84,10
35580393,397,42,355
35580394,345,27,318
35580395,304,18,286
35580396,335,21,314
35580397,293,32,261
35580398,279,33,246
35580399,735,59,676
35580400,229,32,197
35580401,264,59,205
35580402,316,25,291
35580403,301,46,255
35580404,307,32,275
35580405,1488,164,1324
35580406,394,34,360
35580407,388,32,356
35580408,256,10,246
35580409,294,14,280
35580410,295,38,257
35580411,313,40,273
35580412,367,91,276
35580413,227,226,1
35580414,450,114,336
35580415,453,130,323
35580416,413,174,239
35580417,369,163,206
35580418,394,383,11
35580419,446,195,251
35580420,421,92,329
35580421,366,106,260
35580422,425,90,335
35580424,321,158,163
35580425,188,188,0
35580426,295,267,28
35580427,274,45,229
35580428,365,80,285
35580429,590,169,421
35580430,380,141,239
35580431,514,56,458
35580432,374,100,274
35580433,556,4,552
35580434,1025,861,164
35580435,495,67,428
35580436,427,19,408
35580437,482,37,445
35580438,444,20,424
35580439,567,61,506
35580440,706,26,680
35580441,784,43,741
35580442,436,35,401
35580443,591,29,562
35580444,514,59,455
35580445,441,76,365
35580446,453,34,419
35580447,413,28,385
35580448,511,33,478
35580450,453,26,427
35580451,585,43,542
35580452,447,11,436
35580453,524,21,503
35580454,481,29,452
35580455,699,2,697
35580456,816,41,775
35580458,539,65,474
35580459,486,17,469
35580460,418,35,383
35580461,460,28,432
35580462,272,16,256
35580463,601,67,534
35580465,590,27,563
35580466,565,63,502
35580467,1115,107,1008
35580468,972,86,886
35580470,408,61,347
35580471,474,31,443
35580472,1095,4,1091
35580473,462,18,444
35580474,930,174,756
35580476,564,25,539
35580477,306,44,262
35580478,590,101,489
35580479,8,8,0
35590060,0,0,0
35590061,204,41,163
35590062,93,93,0
35590063,231,231,0
35590064,11,10,1
35590065,94,9,85
35590066,461,61,400
35590067,339,23,316
35590068,439,44,395
35590072,304,27,277
35590073,270,259,11
35590074,551,50,501
35590075,410,55,355
35590076,396,12,384
35590077,456,38,418
35590078,455,38,417
35590079,453,48,405
35590080,505,52,453
35590081,535,94,441
35590082,525,157,368
35590083,470,99,371
35590084,353,118,235
35590085,415,175,240
35590086,435,115,320
35590087,464,126,338
35590088,325,104,221
35590089,426,25,401
35590090,426,78,348
35590091,470,96,374
35590092,462,140,322
35590093,453,106,347
35590094,391,109,282
35590095,475,134,341
35590096,399,124,275
35590097,0,0,0
35590098,803,740,63
35590099,500,146,354
35590100,245,16,229
35590101,207,198,9
35590102,5,4,1
35590103,0,0,0
35590104,0,0,0
35590105,118,118,0
35590106,0,0,0
35590107,538,70,468
35590108,155,155,0
35590109,505,76,429
35590110,0,0,0
35590111,259,259,0
35590112,173,170,3
35590113,242,25,217
35590114,338,57,281
35590115,341,38,303
35590116,527,85,442
35590117,477,86,391
35590118,286,25,261
35590119,439,54,385
35590122,471,154,317
35590124,5,4,1
35590125,246,23,223
35600206,0,0,0
35600207,393,390,3
35600209,0,0,0
35600210,70,70,0
35600211,0,0,0
35600212,0,0,0
35600213,0,0,0
35600214,494,494,0
35600215,2,2,0
35600216,0,0,0
35600217,368,365,3
35600218,23,23,0
35600219,0,0,0
35600220,0,0,0
35600221,0,0,0
35600222,936,925,11
35600223,0,0,0
35600224,19,17,2
35600225,198,198,0
35600226,0,0,0
35600227,1471,1471,0
35600228,482,467,15
35600229,1069,1060,9
35600230,0,0,0
35600231,0,0,0
35600232,288,287,1
35600233,0,0,0
35600234,0,0,0
35600235,953,952,1
35600236,677,651,26
35600237,287,287,0
35600238,472,472,0
35600239,506,503,3
35600240,306,306,0
35600241,0,0,0
35600242,557,557,0
35600243,2219,2185,34
35600244,0,0,0
35600245,0,0,0
35600246,200,200,0
35600247,0,0,0
35600248,649,646,3
35600249,420,204,216
35600250,974,967,7
35600251,408,408,0
35600253,0,0,0
35600254,0,0,0
35600255,244,241,3
35600256,553,553,0
35600257,847,847,0
35600258,0,0,0
35600259,0,0,0
35600260,625,618,7
35600261,0,0,0
35600262,1608,1565,43
35600264,1128,1126,2
35600265,0,0,0
35600266,2226,2072,154
35600267,465,49,416
35600268,0,0,0
35600269,875,865,10
35600270,205,198,7
35600271,649,122,527
35600272,520,60,460
35600273,425,95,330
35600274,1069,428,641
35600275,676,336,340
35600276,446,122,324
35600277,713,349,364
35600278,444,110,334
35600279,499,157,342
35600280,555,248,307
35600281,362,125,237
35600282,332,76,256
35600283,465,91,374
35600284,465,68,397
35600285,551,116,435
35600286,526,81,445
35600287,320,82,238
35600288,604,70,534
35600289,525,190,335
35600290,474,78,396
35600291,483,227,256
35600292,784,191,593
35600293,406,72,334
35600294,505,112,393
35600295,454,446,8
35600296,445,65,380
35600297,0,0,0
35600298,617,32,585
35600299,0,0,0
35600300,0,0,0
35600301,5,4,1
35600302,0,0,0
35600303,0,0,0
35600304,0,0,0
35600305,5,5,0
35600306,0,0,0
35600307,0,0,0
35600308,66,66,0
35600309,121,109,12
35600310,10,10,0
35600311,414,411,3
35600312,2,2,0
35600313,103,101,2
35600314,171,162,9
35600315,67,66,1
35600316,311,87,224
35600317,488,75,413
35600318,416,68,348
35600319,642,145,497
35600320,494,133,361
35600321,465,77,388
35600322,701,181,520
35600323,487,73,414
35600324,5,5,0
35600325,0,0,0
35600326,0,0,0
35600327,0,0,0
35600328,0,0,0
35600329,132,132,0
35600330,107,107,0
35600331,585,585,0
35600333,392,385,7
35600334,0,0,0
35600335,0,0,0
35600336,0,0,0
35600337,0,0,0
35600338,0,0,0
35600339,170,169,1
35600340,0,0,0
35600341,0,0,0
35600342,0,0,0
35600343,236,234,2
35600344,562,123,439
35600345,440,119,321
35600346,464,77,387
35600348,0,0,0
35600349,0,0,0
35600350,423,118,305
35600351,507,27,480
35600352,354,97,257
35600353,353,104,249
35600354,538,143,395
35600355,491,113,378
35600356,615,243,372
35600357,467,148,319
35600358,469,121,348
35600359,508,199,309
35600360,718,290,428
35600361,551,116,435
35600362,652,101,551
35600363,559,50,509
35600364,533,53,480
35600365,516,136,380
35600366,490,99,391
35600367,441,114,327
35600368,231,35,196
35600369,604,62,542
35600370,268,61,207
35600371,343,240,103
35600372,464,133,331
35600373,441,170,271
35600374,1065,1037,28
35600375,547,114,433
35600376,1329,606,723
35600377,288,152,136
35600378,593,337,256
35600379,440,306,134
35600380,367,233,134
35600381,677,410,267
35600382,206,73,133
35600383,602,376,226
35600384,618,188,430
35600385,391,101,290
35600386,416,82,334
35600387,445,117,328
35600388,520,131,389
35600389,491,175,316
35600390,392,195,197
35600391,640,158,482
35600392,627,261,366
35600393,482,189,293
35600394,658,181,477
35600395,345,69,276
35600396,569,76,493
35600397,437,111,326
35600398,0,0,0
35600399,0,0,0
35600400,0,0,0
35600401,381,38,343
35600402,458,77,381
35600403,0,0,0
46010069,377,74,303
46010070,735,209,526
46010071,0,0,0
46010072,706,202,504
46010073,408,107,301
46010074,370,177,193
46010075,400,165,235
46010076,431,223,208
46010077,408,159,249
46010078,835,257,578
46010079,515,68,447
46010080,506,147,359
46010081,577,143,434
46010082,419,83,336
46010083,459,74,385
46010084,184,20,164
46010085,596,40,556
46010086,0,0,0
46010087,495,52,443
46010088,0,0,0
46010089,363,24,339
46010090,0,0,0
46010091,873,87,786
46010092,0,0,0
46010093,0,0,0
46010094,0,0,0
46010095,0,0,0
46010096,0,0,0
46010097,1037,102,935
46010098,371,34,337
46010099,469,37,432
46010100,474,65,409
46010101,392,69,323
46010102,585,159,426
46010103,372,80,292
46010104,510,27,483
46010105,457,28,429
46010106,545,52,493
46010107,572,223,349
46010108,0,0,0
46010109,161,47,114
46010110,432,35,397
46010111,352,10,342
46020066,913,18,895
46020067,837,111,726
46020068,534,95,439
46020069,678,169,509
46020070,1087,261,826
46020071,644,123,521
46020072,544,108,436
46020073,1015,150,865
46020074,513,91,422
46020075,633,32,601
46020076,521,53,468
46020077,999,159,840
46020078,1117,168,949
46020079,599,68,531
46020080,568,52,516
46020081,2731,358,2373
46020082,447,28,419
46020083,714,99,615
46020084,839,33,806
46020085,535,13,522
46020086,868,86,782
46020087,667,68,599
46020088,804,73,731
46020089,608,20,588
46020090,1216,115,1101
46020091,477,165,312
46020092,472,100,372
46020093,717,220,497
46020094,351,110,241
46020095,276,36,240
46020096,516,68,448
46020097,671,297,374
46020098,922,159,763
46020099,725,130,595
46020100,120,120,0
46020101,330,29,301
46020102,314,42,272
46020103,568,568,0
46020104,454,59,395
46020105,629,44,585
46020106,597,25,572
46020107,564,23,541
46020108,693,62,631
46020109,798,30,768
46020110,1069,18,1051
46020111,847,18,829
46020112,1389,128,1261
46020113,689,23,666
46020114,687,57,630
46020115,1106,75,1031
46020116,301,35,266
46020117,832,64,768
46020118,774,47,727
46020119,488,43,445
46020120,414,41,373
46020121,719,14,705
46020122,2007,71,1936
46020123,2426,219,2207
46020124,677,39,638
46020125,595,17,578
46020126,775,25,750
46020127,730,137,593
46020128,655,33,622
46020129,594,35,559
46020130,549,12,537
46020131,501,37,464
46020132,2333,220,2113
46020133,532,39,493
46020134,633,39,594
46020135,2027,53,1974
46020136,1199,128,1071
46020137,500,62,438
46020138,1025,141,884
46020139,528,135,393
46020140,573,135,438
46020141,593,147,446
46020142,513,106,407
46020143,590,105,485
46020144,433,51,382
46020145,680,145,535
46020146,674,87,587
46020147,741,176,565
46020148,1061,318,743
46020149,611,88,523
46020150,725,178,547
46020151,492,33,459
46020152,539,42,497
46020153,596,56,540
46020154,724,89,635
46020155,591,17,574
46020156,668,85,583
46020157,755,52,703
46020158,611,61,550
46020159,612,138,474
46020160,1619,423,1196
46020161,728,123,605
46020162,588,123,465
46020163,937,190,747
46020164,851,77,774
46020165,1025,194,831
46020166,1171,199,972
46020167,1247,227,1020
46020168,655,86,569
46020169,663,57,606
46030060,576,0,576
46030061,463,27,436
46030062,486,44,442
46030063,484,20,464
46030064,581,38,543
46030065,576,32,544
46030066,677,23,654
46030067,421,32,389
46030068,625,46,579
46030069,530,18,512
46030070,696,23,673
46030071,824,26,798
46030072,1509,31,1478
46030073,689,39,650
46030074,729,16,713
46030075,790,1,789
46030076,704,10,694
46030077,711,41,670
46030078,581,80,501
46030079,1161,66,1095
46030080,712,51,661
46030081,732,47,685
46030082,1800,2,1798
46030083,958,16,942
46030084,5,5,0
46030085,2120,137,1983
46030086,819,41,778
46030087,766,11,755
46030088,607,0,607
46030089,611,14,597
46030090,623,0,623
46030091,711,20,691
46030092,598,25,573
46030093,2895,64,2831
46030094,668,16,652
46030095,793,12,781
46030096,587,19,568
46030097,788,25,763
46030098,589,13,576
46030099,2328,27,2301
46030100,787,20,767
46030101,1634,0,1634
46030102,1030,9,1021
46030103,790,0,790
46030104,533,11,522
46030105,703,7,696
46030106,434,11,423
46030107,513,17,496
46030108,674,23,651
46030109,627,9,618
46030110,933,7,926
46030111,659,5,654
46030112,600,14,586
46030113,609,4,605
46030114,888,40,848
46030115,538,10,528
46030116,523,17,506
46030117,537,9,528
46030118,612,3,609
46030119,929,25,904
46030120,563,13,550
46030121,662,18,644
46030122,698,17,681
46030123,475,56,419
46030124,789,36,753
46030125,630,102,528
46030126,555,105,450
46030127,633,55,578
46030128,779,130,649
46030129,369,60,309
46030130,441,127,314
46030131,406,3,403
46030133,520,1,519
46030134,553,4,549
46030135,528,19,509
46030136,651,21,630
46040028,393,30,363
46040029,518,24,494
46040030,515,0,515
46040031,371,344,27
46040032,414,3,411
46040033,384,54,330
46040034,469,82,387
46040035,382,41,341
46040036,473,45,428
46040037,865,101,764
46040038,564,15,549
46040039,383,19,364
46040040,377,1,376
46040041,632,4,628
46040042,393,13,380
46040043,406,7,399
46040044,416,16,400
46040045,357,6,351
46040046,323,3,320
46040057,755,35,720
46050041,254,8,246
46050042,510,19,491
46050043,355,6,349
46050044,390,36,354
46050045,647,76,571
46050046,536,6,530
46050047,170,5,165
46050048,528,42,486
46050049,426,26,400
46050050,518,40,478
46050052,579,10,569
46050053,529,66,463
46050054,547,59,488
46050055,554,18,536
46050056,595,45,550
46050057,576,34,542
46050058,500,22,478
46050059,639,16,623
46050060,475,8,467
46050061,353,25,328
46050062,271,14,257
46050064,566,43,523
46050065,348,17,331
46050066,459,62,397
46050067,373,12,361
46050068,342,41,301
46050069,306,12,294
46050070,370,43,327
46060025,451,9,442
46060026,390,14,376
46060027,475,15,460
46060028,475,18,457
46060029,688,51,637
46060030,577,39,538
46060031,692,43,649
46060032,540,12,528
46060033,503,20,483
46060034,405,12,393
46060035,460,31,429
46060036,309,306,3
46060037,500,29,471
46060038,455,14,441
46060040,429,62,367
46060041,498,496,2
46060042,5,4,1
46060043,506,506,0
46060044,491,44,447
46060045,385,78,307
46060046,484,32,452
46060047,400,61,339
46070100,637,103,534
46070101,730,129,601
46070102,502,6,496
46070103,273,33,240
46070104,522,33,489
46070105,590,8,582
46070106,669,47,622
46070107,614,14,600
46070108,1741,173,1568
46070109,606,11,595
46070110,896,82,814
46070111,691,77,614
46070112,601,125,476
46070113,593,5,588
46070114,964,66,898
46070115,1779,145,1634
46070116,596,63,533
46070117,402,13,389
46070118,775,148,627
46070119,439,51,388
46070120,903,74,829
46070121,554,6,548
46070122,178,17,161
46070123,536,145,391
46070124,567,178,389
46070125,548,101,447
46070126,454,48,406
46070127,443,31,412
46070128,489,90,399
46070129,468,115,353
46070130,456,21,435
46070131,563,283,280
46070132,1136,166,970
46070133,549,45,504
46070134,3797,145,3652
46070135,899,145,754
46070136,513,14,499
46070137,480,94,386
46070138,455,10,445
46070139,611,66,545
46070140,470,48,422
46070141,441,39,402
46070142,338,40,298
46070143,467,101,366
46070144,477,11,466
46070145,440,45,395
46070146,463,97,366
46070147,557,184,373
46070148,824,111,713
46070149,507,62,445
46070150,533,119,414
46070151,596,176,420
46070152,578,119,459
46070153,315,38,277
46070154,456,154,302
46070155,503,95,408
46070156,423,101,322
46070157,532,131,401
46070158,556,95,461
46070159,547,38,509
46070160,540,133,407
46070161,641,105,536
46070162,538,24,514
46070163,649,55,594
46070164,535,57,478
46070165,574,6,568
46070166,536,58,478
46070167,1032,116,916
46070168,519,31,488
46070169,484,89,395
46070170,434,8,426
46070171,886,342,544
46070172,864,127,737
46070173,489,54,435
46070174,622,159,463
46070175,719,173,546
46070176,465,38,427
46070177,409,97,312
46070178,1015,62,953
46070179,516,37,479
46070180,394,54,340
46070181,385,8,377
46070182,669,64,605
46070183,578,33,545
46070184,0,0,0
46070185,327,10,317
46070186,1731,144,1587
46070187,391,18,373
46070188,728,88,640
46070189,745,42,703
46070190,874,40,834
46070191,650,23,627
46070192,495,26,469
46070193,640,54,586
46070194,528,74,454
46070195,600,79,521
46070196,263,17,246
46070197,447,16,431
46070198,365,49,316
46070199,264,2,262
46070200,330,62,268
46070201,611,44,567
46070202,466,24,442
46070203,601,41,560
46070204,564,50,514
46070205,458,11,447
46070206,607,14,593
46070207,652,112,540
46070208,735,25,710
46070209,597,129,468
46070210,586,108,478
46070211,604,146,458
46070212,356,3,353
46070213,406,1,405
46070214,0,0,0
46080032,344,10,334
46080033,458,30,428
46080034,351,1,350
46080035,297,21,276
46080036,249,51,198
46080037,433,26,407
46080038,447,36,411
46080039,462,24,438
46080040,344,37,307
46080041,312,143,169
46080042,1015,1013,2
46080043,346,344,2
46080044,402,402,0
46080045,890,888,2
46080046,398,31,367
46080047,445,77,368
46080048,572,6,566
46080049,383,14,369
46080050,520,31,489
46080051,538,6,532
46080052,362,43,319
46080053,445,8,437
46080054,424,2,422
46080055,642,10,632
46080056,516,53,463
46080058,618,78,540
46080059,445,48,397
46080060,10,10,0
46080061,0,0,0
46090042,405,199,206
46090043,464,76,388
46090044,327,72,255
46090045,689,137,552
46090046,168,0,168
46090047,398,61,337
46090048,499,75,424
46090049,485,80,405
46090051,108,108,0
46090052,50,50,0
46090053,603,114,489
46090054,576,145,431
46090055,531,177,354
46090056,651,245,406
46090057,532,152,380
46090058,529,210,319
46090059,523,116,407
46090060,538,237,301
46090061,639,183,456
46090062,530,139,391
46090063,253,20,233
46090064,557,273,284
46090065,488,225,263
46090066,611,354,257
46090067,468,216,252
46090068,528,194,334
46090069,55,11,44
46090070,441,167,274
46090071,444,85,359
46090072,515,242,273
46090073,507,159,348
46090074,559,107,452
46090075,618,88,530
46090076,555,90,465
46090077,530,117,413
46090078,411,51,360
46090079,438,55,383
46090080,418,129,289
46090081,1286,1273,13
46090082,367,84,283
46090083,226,51,175
46090084,70,56,14
46090085,0,0,0
46090086,0,0,0
46090087,432,39,393
46090088,576,82,494
46090089,458,19,439
46090090,497,30,467
46090091,531,18,513
46090092,411,28,383
46090093,308,32,276
46100015,432,63,369
46100016,523,206,317
46100017,829,96,733
46100018,105,4,101
46100019,586,35,551
46100020,590,22,568
46100021,455,6,449
46100022,359,27,332
46100023,1061,61,1000
46100024,721,22,699
46100025,1702,211,1491
46100026,767,34,733
46100027,654,112,542
46100028,1287,96,1191
46100029,1052,172,880
46100030,257,49,208
46110001,2138,267,1871
46110002,1961,109,1852
46110003,667,9,658
46110004,426,27,399
46110005,1080,133,947
46110006,585,18,567
46110007,671,129,542
46110008,526,29,497
46110009,359,23,336
46110010,805,34,771
46110011,658,116,542
46110012,631,49,582
46110013,576,39,537
46110014,727,149,578
46110015,632,122,510
46110016,530,109,421
46110017,590,114,476
46110018,829,103,726
46110019,659,65,594
46110020,716,96,620
46110021,782,89,693
46110022,519,133,386
46110023,614,33,581
46110024,606,156,450
46110025,609,71,538
46110026,601,38,563
46110027,566,85,481
46110028,644,18,626
46110029,664,116,548
46110030,541,71,470
46110031,993,72,921
46110032,691,53,638
46110033,657,103,554
46110034,598,52,546
46110035,455,48,407
46110036,484,45,439
46110037,538,17,521
46110038,554,32,522
46110039,788,9,779
46110040,494,243,251
46110041,889,90,799
46110042,734,47,687
46110043,738,46,692
46110044,782,126,656
46110045,633,97,536
46110046,698,107,591
46110047,640,71,569
46110048,494,106,388
46110049,615,125,490
46110050,551,82,469
46110051,603,284,319
46110052,519,246,273
46110053,497,229,268
46110054,405,184,221
46110055,484,200,284
46110056,593,179,414
46110057,683,212,471
46110058,537,256,281
46110059,776,250,526
46110060,577,284,293
46110061,560,338,222
46110062,569,193,376
46110063,638,404,234
46110064,614,348,266
46110065,548,224,324
46110066,696,287,409
46110067,522,188,334
46110068,638,387,251
46110069,1049,728,321
46110070,617,220,397
46110071,948,314,634
46110072,587,190,397
46110073,577,95,482
46110074,757,202,555
46110075,754,151,603
46110076,462,122,340
46110077,566,198,368
46110078,565,30,535
46110079,1063,36,1027
46110080,817,214,603
46110081,842,277,565
46110082,616,176,440
46110083,724,177,547
46110084,945,180,765
46110085,578,183,395
46110086,710,178,532
46110087,708,38,670
46110088,593,90,503
46110089,503,71,432
46110090,538,18,520
46110091,635,63,572
46110092,556,59,497
46110093,466,64,402
46110094,663,73,590
46110095,506,72,434
46110096,528,69,459
46110097,514,116,398
46110098,601,157,444
46110099,417,82,335
46110100,800,139,661
46110101,450,107,343
46110102,428,163,265
46110103,264,94,170
46110104,687,59,628
46110105,513,68,445
46110106,671,70,601
46110107,501,116,385
46110108,603,56,547
46110109,647,95,552
46110110,480,86,394
46110111,759,81,678
46110112,559,32,527
46110113,876,205,671
46110114,507,61,446
46110115,504,106,398
46110116,577,73,504
46110117,581,43,538
46110118,741,54,687
46110119,479,18,461
46110120,668,69,599
46110121,831,75,756
46110122,487,21,466
46110123,716,65,651
46110124,516,46,470
46110125,518,80,438
46110126,685,173,512
46110127,602,81,521
46110128,342,70,272
46110129,683,205,478
46110130,823,74,749
46110131,372,113,259
46110132,665,255,410
46110133,312,76,236
46110134,549,153,396
46110135,437,82,355
46110136,499,138,361
46110137,567,65,502
46110138,687,92,595
46110139,411,62,349
46110140,391,88,303
46110141,666,68,598
46110142,760,62,698
46110143,553,32,521
46110144,762,294,468
46110145,548,140,408
46110146,797,114,683
46110147,645,274,371
46110148,708,173,535
46110149,634,267,367
46110150,586,132,454
46110152,652,238,414
46110153,693,107,586
46110155,563,121,442
46110156,354,46,308
46110157,547,159,388
46110158,553,81,472
46110160,551,433,118
46110162,492,82,410
46110163,1056,67,989
46110164,653,64,589
46110165,669,81,588
46110166,680,51,629
46110167,657,93,564
46110168,612,124,488
46110169,848,177,671
46110170,767,145,622
46110171,712,237,475
46110172,638,101,537
46110173,878,52,826
46110174,406,129,277
46110175,682,228,454
46110176,775,261,514
46110177,887,347,540
46110178,534,63,471
46110179,519,41,478
46110180,577,12,565
46110181,891,157,734
46110182,665,75,590
46110183,490,97,393
46110184,836,36,800
46110185,463,64,399
46110186,647,42,605
46110187,614,15,599
46110188,656,25,631
46110189,564,50,514
46110190,757,40,717
46110191,543,106,437
46110192,301,40,261
46110193,1971,124,1847
46110194,679,18,661
46110195,391,0,391
46110196,516,24,492
46110197,713,15,698
46110198,478,9,469
46110199,302,43,259
46110200,655,19,636
46110201,772,113,659
46110202,662,63,599
46110203,545,18,527
46110204,445,96,349
46110205,516,77,439
46110206,542,51,491
46110207,483,72,411
46110208,415,10,405
46110209,628,63,565
46110210,540,16,524
46110211,627,59,568
46110212,552,9,543
46110213,374,5,369
46110214,461,34,427
46110215,427,87,340
46110216,443,13,430
46110217,437,9,428
46110218,604,32,572
46110219,769,47,722
46110220,730,252,478
46110221,596,15,581
46110222,468,15,453
46110223,665,57,608
46110224,568,73,495
46110225,488,27,461
46110226,654,16,638
46110227,469,97,372
46110228,560,165,395
46110229,645,84,561
46110230,621,146,475
46110231,663,235,428
46110238,482,48,434
46110239,733,160,573
46110240,659,138,521
46110241,495,81,414
46110242,452,61,391
46110243,537,36,501
46110244,584,119,465
46110245,419,54,365
46110246,563,91,472
46110247,667,19,648
46110248,552,63,489
46110249,406,35,371
46110250,494,48,446
46110251,634,97,537
46110252,484,34,450
46110253,569,37,532
46110254,606,41,565
46110255,518,54,464
46110256,526,17,509
46110257,620,88,532
46110258,637,43,594
46110259,335,47,288
46110260,583,93,490
46110261,600,75,525
46110262,605,79,526
46110263,399,87,312
46110264,637,44,593
46110265,661,52,609
46110266,659,21,638
46110267,480,15,465
46110272,465,17,448
46110273,602,101,501
46110274,714,66,648
46110275,301,14,287
46110276,606,49,557
46110277,442,54,388
46110278,385,10,375
46110279,521,53,468
46110280,583,23,560
46110281,552,54,498
46110282,751,212,539
46110283,416,4,412
46110284,449,67,382
46110285,420,96,324
46110286,386,25,361
46110287,252,17,235
46110288,935,183,752
46110289,412,40,372
46110291,414,60,354
46110292,621,110,511
46110293,629,135,494
46110294,548,8,540
46110295,675,73,602
46110296,413,31,382
46110297,588,75,513
46110298,514,23,491
46110299,692,38,654
46110300,628,88,540
46110301,1372,152,1220
46110302,822,94,728
46110303,950,221,729
46110306,389,7,382
46110307,442,30,412
46110308,397,83,314
46110309,537,158,379
46110310,564,49,515
46110312,767,142,625
46110313,855,125,730
46110314,550,39,511
46110315,665,46,619
46110316,656,68,588
46110317,483,68,415
46110318,430,12,418
46110319,648,60,588
46110320,547,18,529
46110321,500,50,450
46110322,562,23,539
46110323,507,16,491
46110324,574,33,541
46110325,642,20,622
46110326,604,52,552
46110327,719,18,701
46110328,509,34,475
46110329,953,164,789
46110330,924,136,788
46110331,158,16,142
46110332,887,46,841
46110333,455,96,359
46110334,391,58,333
46110335,319,40,279
46110336,489,73,416
46110337,674,32,642
46110338,376,56,320
46110339,492,3,489
46110340,1127,139,988
46110341,583,59,524
46110342,534,40,494
46110343,890,77,813
46110344,616,53,563
46110345,446,27,419
46110346,515,69,446
46110347,481,3,478
46110348,429,18,411
46110349,484,58,426
46110350,804,65,739
46110351,211,0,211
46110352,661,1,660
46110353,613,18,595
46110354,523,63,460
46110355,307,36,271
46110356,502,10,492
46110357,489,17,472
46110358,486,21,465
46110359,781,59,722
46110360,450,63,387
46110361,1057,2,1055
46110362,524,30,494
46110363,416,0,416
46110364,388,2,386
46110365,468,30,438
46110366,927,25,902
46110367,126,45,81
46110368,1443,61,1382
46110370,448,15,433
46110371,715,81,634
46110373,540,49,491
46110374,541,57,484
46110375,530,33,497
46110376,515,23,492
46110377,451,32,419
46110378,573,55,518
46110379,515,60,455
46110380,513,9,504
46110381,468,21,447
46110382,617,9,608
46110383,583,3,580
46110384,472,19,453
46110385,536,40,496
46110386,550,10,540
46110387,563,51,512
46110388,475,62,413
46110389,635,56,579
46110390,541,67,474
46110391,580,86,494
46110392,563,46,517
46110393,542,84,458
46110394,368,49,319
46110395,508,48,460
46110396,463,38,425
46110397,1138,49,1089
46110398,523,19,504
46110399,574,67,507
46110402,985,22,963
46110403,604,54,550
46110404,1152,201,951
46110405,897,97,800
46110406,744,144,600
46110407,616,50,566
46110408,1052,88,964
46110409,589,70,519
46110410,371,55,316
46110411,434,41,393
46110412,399,60,339
46110413,433,30,403
46110414,548,94,454
46110415,638,174,464
46110416,585,84,501
46110417,535,64,471
46110418,652,38,614
46110419,534,95,439
46110420,792,52,740
46110421,442,20,422
46110422,646,69,577
46110423,625,64,561
46110424,690,53,637
46110425,564,13,551
46110426,486,25,461
46110427,672,60,612
46110428,594,12,582
46110429,750,93,657
46110430,581,81,500
46110431,636,73,563
46110432,586,65,521
46110433,625,95,530
46110434,498,62,436
46110435,408,63,345
46110436,667,75,592
46110437,453,11,442
46110438,496,11,485
46110439,554,19,535
46110440,542,59,483
46110441,662,44,618
46110442,438,20,418
46110443,416,13,403
46110444,632,49,583
46110445,510,61,449
46110446,511,82,429
46110447,530,103,427
46110448,590,67,523
46110449,540,124,416
46110450,729,226,503
46110451,557,68,489
46110452,683,77,606
46110453,496,40,456
46110454,527,36,491
46110455,587,64,523
46110456,428,1,427
46110457,597,12,585
46110458,514,44,470
46110459,495,21,474
46110460,428,60,368
46110461,391,48,343
46110462,509,78,431
46110463,463,50,413
46110464,858,38,820
46110465,461,29,432
46110466,887,73,814
46110467,504,25,479
46110468,481,42,439
46110469,440,35,405
46110470,625,75,550
46110471,692,54,638
46110472,707,102,605
46110473,603,131,472
46110474,752,92,660
46110477,543,140,403
46110478,564,63,501
46110479,440,26,414
46110480,463,65,398
46110481,560,87,473
46110482,493,59,434
46110483,503,43,460
46110484,513,43,470
46110485,330,24,306
46110486,881,103,778
46110487,513,75,438
46110488,469,51,418
46110489,521,0,521
46110491,501,37,464
46110492,566,51,515
46110493,339,9,330
46110494,585,49,536
46110495,595,5,590
46110496,533,44,489
46110497,351,5,346
46110500,1047,138,909
46110501,1240,115,1125
46110502,424,18,406
46110503,3583,256,3327
46110504,607,45,562
46110505,639,76,563
46110506,460,0,460
46110509,725,81,644
46110514,939,5,934
46110515,1191,67,1124
46110516,293,15,278
46110517,1159,63,1096
46110519,534,5,529
46110521,651,52,599
46110522,551,42,509
46110523,268,36,232
46110524,669,80,589
46110525,594,30,564
46110526,412,84,328
46110527,568,70,498
46110528,609,118,491
46110529,519,99,420
46110530,686,129,557
46110531,374,72,302
46110532,407,56,351
46110533,614,86,528
46110534,739,159,580
46110535,500,91,409
46110536,725,182,543
46110538,604,74,530
46110539,716,109,607
46110540,678,136,542
46110541,574,100,474
46110542,491,63,428
46110543,516,93,423
46110544,480,117,363
46110545,664,64,600
46110546,501,39,462
46110547,490,73,417
46110548,470,89,381
46110549,508,87,421
46110550,329,38,291
46110551,475,151,324
46110552,376,63,313
46110553,522,119,403
46110554,717,187,530
46110555,576,22,554
46110556,517,63,454
46110557,582,93,489
46110558,609,74,535
46110559,521,54,467
46110560,414,52,362
46110561,515,10,505
46110562,524,107,417
46110563,430,68,362
46110564,619,94,525
46110565,527,63,464
46110566,547,53,494
46110567,476,107,369
46110568,440,35,405
46110569,637,67,570
46110570,1023,78,945
46110571,740,89,651
46110572,1184,242,942
46110573,955,78,877
46110574,571,40,531
46110575,428,88,340
46110576,487,50,437
46110577,498,108,390
46110578,768,60,708
46110580,640,233,407
46110581,480,65,415
46110584,680,50,630
46110585,471,71,400
46110586,824,107,717
46110587,849,56,793
46110588,271,23,248
46110589,905,117,788
46110591,927,119,808
46110592,511,67,444
46110594,300,35,265
46110595,644,125,519
46110596,421,160,261
46110597,828,52,776
46110598,555,41,514
46110599,739,38,701
46110600,578,52,526
46110601,647,27,620
46110602,458,71,387
46110603,526,74,452
46110604,504,64,440
46110605,593,102,491
46110606,470,55,415
46110607,301,27,274
46110608,333,65,268
46110609,463,51,412
46110610,346,45,301
46110611,453,68,385
46110612,468,78,390
46110613,497,124,373
46110614,456,43,413
46110615,669,111,558
46110616,367,39,328
46110617,611,35,576
46110618,432,120,312
46110630,649,73,576
46110631,999,68,931
46110632,839,144,695
46110633,515,30,485
46110634,1118,277,841
46110635,761,99,662
46110636,697,184,513
46110637,554,150,404
46110638,680,87,593
46110639,693,124,569
46110640,654,124,530
46110641,601,180,421
46110642,635,130,505
46110643,370,136,234
46110644,472,117,355
46110645,567,104,463
46110646,467,35,432
46110647,524,54,470
46110648,550,111,439
46110649,524,70,454
46110650,592,79,513
46110651,429,15,414
46110652,388,11,377
46110653,502,78,424
46110654,430,5,425
46110655,618,144,474
46110656,502,22,480
46110657,439,15,424
46110658,466,111,355
46110659,646,16,630
46110660,559,0,559
46110661,473,84,389
46110662,553,64,489
46110663,450,18,432
46110664,530,23,507
46110665,626,0,626
46110666,858,156,702
46110667,764,72,692
46110668,462,0,462
46110669,1157,286,871
46110670,421,244,177
46110671,689,203,486
46110672,503,276,227
46110674,461,31,430
46110676,559,183,376
46110677,459,76,383
46110678,575,70,505
46110679,663,137,526
46110680,473,92,381
46110681,480,192,288
46110682,613,171,442
46110683,607,95,512
46110684,578,158,420
46110685,309,102,207
46110686,481,172,309
46110687,656,143,513
46110688,668,193,475
46110689,713,101,612
46110690,662,125,537
46110691,738,127,611
46110692,634,55,579
46110693,599,94,505
46110694,397,59,338
46110695,667,60,607
46110696,481,102,379
46110697,617,71,546
46110698,553,61,492
46110699,774,119,655
46110700,567,46,521
46110701,512,22,490
46110702,718,38,680
46110703,724,16,708
46110704,696,70,626
46110705,447,67,380
46110706,601,82,519
46110707,587,46,541
46110708,634,42,592
46110709,542,59,483
46110710,525,12,513
46110711,624,132,492
46110712,702,123,579
46110713,730,57,673
46110714,594,100,494
46110715,522,80,442
46110716,508,19,489
46110717,830,180,650
46110718,875,97,778
46110719,529,57,472
46110720,556,106,450
46110721,809,55,754
46110722,778,29,749
46110723,471,34,437
46110724,565,42,523
46110727,479,32,447
46110728,546,119,427
46110729,487,110,377
46110730,653,38,615
46110731,461,95,366
46110732,662,24,638
46110733,578,232,346
46110734,686,85,601
46110735,251,24,227
46110736,490,106,384
46110737,518,44,474
46110738,503,38,465
46110739,766,8,758
46110740,767,88,679
46110741,588,46,542
46110742,618,75,543
46110743,626,44,582
46110744,630,82,548
46110746,569,53,516
46110751,324,17,307
46110752,893,286,607
46110753,389,75,314
46110756,2486,231,2255
46110757,587,18,569
46110758,514,24,490
46110759,992,107,885
46110760,1151,57,1094
46110761,794,153,641
46110762,2165,182,1983
46110763,551,51,500
46110765,380,47,333
46110766,658,43,615
46110767,537,45,492
46110768,409,41,368
46110769,470,7,463
46110770,344,19,325
46110771,507,22,485
46110772,381,15,366
46110773,1882,165,1717
46110774,644,24,620
46110775,863,104,759
46110776,417,27,390
46110777,648,106,542
46110778,267,11,256
46110779,605,50,555
46110780,623,44,579
46110781,708,59,649
46110782,367,26,341
46110783,457,61,396
46110784,655,56,599
46110785,505,67,438
46110786,646,114,532
46110787,470,138,332
46110788,324,46,278
46110789,433,128,305
46110790,446,58,388
46110791,456,206,250
46110792,557,59,498
46110795,605,58,547
46110798,484,29,455
46110799,339,51,288
46110800,484,115,369
46110801,664,211,453
46110802,710,62,648
46110803,945,235,710
46110804,655,52,603
46110805,742,152,590
46110806,482,209,273
46110807,568,134,434
46110808,640,90,550
46110809,605,100,505
46110810,180,16,164
46110811,443,43,400
46110812,907,141,766
46110813,576,113,463
46110814,330,111,219
46110815,3189,502,2687
46110816,494,78,416
46110817,506,72,434
46110818,312,32,280
46110819,971,107,864
46110820,558,52,506
46110821,1123,96,1027
46110822,824,30,794
46110823,620,102,518
46110824,517,92,425
46110825,460,58,402
46110826,708,113,595
46110827,441,38,403
46110828,582,50,532
46110829,551,42,509
46110830,544,62,482
46110831,735,101,634
46110832,553,85,468
46110833,749,113,636
46110834,766,243,523
46110835,559,97,462
46110836,566,70,496
46110837,460,56,404
46110838,563,64,499
46110839,408,43,365
46110840,516,35,481
46110841,452,84,368
46110842,459,21,438
46110843,512,94,418
46110844,446,68,378
46110845,683,124,559
46110846,425,83,342
46110847,415,82,333
46110848,484,24,460
46110849,443,42,401
46110850,456,54,402
46110851,824,95,729
46110852,578,105,473
46110853,486,50,436
46110855,611,24,587
46110856,557,92,465
46110857,692,138,554
46110858,557,27,530
46110859,495,97,398
46110861,497,70,427
46110862,667,96,571
46110863,564,61,503
46110864,562,75,487
46110865,641,70,571
46110866,603,33,570
46110867,410,40,370
46110869,637,38,599
46110870,651,94,557
46110871,635,35,600
46110873,329,18,311
46110874,510,75,435
46110875,1500,88,1412
46110876,3199,34,3165
46110877,1041,142,899
46110878,925,79,846
46110879,325,11,314
46110881,593,126,467
46110882,524,34,490
46110883,423,51,372
46110884,690,73,617
46110885,573,35,538
46110886,650,48,602
46110887,522,62,460
46110888,654,66,588
46110889,377,77,300
46110890,542,31,511
46110891,443,62,381
46110892,470,64,406
46110893,628,131,497
46110894,551,84,467
46110895,752,128,624
46110896,588,173,415
46110897,665,82,583
46110898,586,80,506
46110899,459,116,343
46110900,529,238,291
46110901,640,97,543
46110902,560,203,357
46110903,691,158,533
46110904,565,67,498
46110905,657,92,565
46110906,614,49,565
46110907,529,95,434
46110908,677,158,519
46110909,623,163,460
46110910,640,140,500
46110911,613,209,404
46110912,661,230,431
46110913,710,291,419
46110914,708,230,478
46110915,560,224,336
46110916,521,223,298
46110917,550,92,458
46110918,550,288,262
46110919,576,120,456
46110920,571,204,367
46110921,706,117,589
46110922,640,170,470
46110923,502,86,416
46110924,629,72,557
46110925,483,55,428
46110926,766,143,623
46110927,608,52,556
46110928,635,47,588
46110929,558,32,526
46110930,942,179,763
46110931,762,235,527
46110933,823,239,584
46110934,606,138,468
46110935,566,121,445
46110936,628,55,573
46110937,683,53,630
46110938,535,2,533
46110939,2087,116,1971
46110940,428,27,401
46110941,248,20,228
46110942,405,18,387
46110943,328,28,300
46110944,442,38,404
46110945,1004,53,951
46110947,615,71,544
46110948,739,59,680
46110949,638,32,606
46110950,603,17,586
46110952,458,54,404
46110953,558,16,542
46110954,779,41,738
46110955,1247,156,1091
46110956,536,88,448
46110957,914,162,752
46110958,284,25,259
46110959,929,82,847
46110960,479,50,429
46110961,458,100,358
46110962,368,83,285
46110963,522,33,489
46110964,399,63,336
46110965,639,32,607
46110966,659,12,647
46110967,522,76,446
46110968,814,138,676
46110973,632,80,552
46110974,440,46,394
46110975,372,18,354
46110976,590,41,549
46110977,467,26,441
46110978,855,84,771
46110979,751,65,686
46110980,629,47,582
46110983,725,127,598
46110984,1594,54,1540
46110985,490,16,474
46110992,678,11,667
46110993,476,64,412
46110994,407,15,392
46110995,395,35,360
46110996,402,23,379
46110997,420,4,416
46110998,441,28,413
46110999,607,6,601
46111000,418,31,387
46111001,442,46,396
46111002,488,48,440
46111003,556,118,438
46111004,426,24,402
46111005,413,37,376
46111006,589,46,543
46111007,736,68,668
46111008,731,69,662
46111009,1451,326,1125
46111010,780,21,759
46111011,505,38,467
46111012,804,18,786
46111013,595,3,592
46111014,618,73,545
46111015,957,68,889
46111016,593,18,575
46111017,486,11,475
46111018,484,9,475
46111019,1202,143,1059
46111020,657,34,623
46111021,1004,162,842
46111022,418,25,393
46111024,855,61,794
46111025,480,10,470
46111027,718,23,695
46111028,621,16,605
46111029,449,7,442
46111030,403,4,399
46111032,433,15,418
46111033,459,28,431
46111034,532,18,514
46111035,576,11,565
46111036,546,70,476
46111037,449,0,449
46111038,629,37,592
46111039,552,7,545
46111040,596,3,593
46111041,517,31,486
46111042,688,46,642
46111043,442,17,425
46111044,414,31,383
46111045,612,50,562
46111046,486,39,447
46111047,532,10,522
46111048,472,47,425
46111049,653,14,639
46111050,478,29,449
46111051,525,68,457
46111052,874,7,867
46111053,643,125,518
46111055,446,24,422
46111057,605,24,581
46111058,1368,128,1240
46111061,750,49,701
46111062,785,51,734
46111063,522,59,463
46111064,612,19,593
46111065,524,37,487
46111066,457,0,457
46111067,401,7,394
46111068,654,59,595
46111069,478,60,418
46111070,514,55,459
46111071,390,9,381
46111072,578,20,558
46111073,469,41,428
46111074,466,10,456
46111076,373,0,373
46111077,511,232,279
46111078,461,97,364
46111079,671,97,574
46111080,589,58,531
46111081,579,23,556
46111082,510,9,501
46111083,626,45,581
46111084,634,41,593
46111085,533,102,431
46111086,1718,109,1609
46111087,514,90,424
46111088,482,3,479
46111089,521,55,466
46111090,1242,30,1212
46111091,525,63,462
46111092,529,96,433
46111093,1369,182,1187
46111094,1193,79,1114
46111095,562,66,496
46111096,419,27,392
46111098,585,75,510
46111099,1294,168,1126
46111100,511,37,474
46111101,522,59,463
46111102,417,12,405
46111103,667,55,612
46111104,374,0,374
46111105,364,14,350
46111106,319,82,237
46111107,561,24,537
46111108,368,18,350
46111109,519,12,507
46111110,860,195,665
46111111,382,60,322
46111112,297,12,285
46111113,270,17,253
46111114,391,9,382
46111115,466,0,466
46111116,476,12,464
46111117,442,14,428
46111118,2260,126,2134
46111119,1697,122,1575
46111121,798,73,725
46111122,444,47,397
46111123,1058,57,1001
46111124,586,30,556
46111125,880,51,829
46111126,980,88,892
46111127,617,23,594
46111128,797,54,743
46111129,613,57,556
46111130,1295,221,1074
46111131,576,27,549
46111132,627,53,574
46111133,511,114,397
46111134,1537,84,1453
46111135,2543,82,2461
46111136,1498,58,1440
46111138,1512,63,1449
46111139,2611,246,2365
46111140,1022,32,990
46111141,1132,103,1029
46111143,1472,87,1385
46111144,1062,198,864
46111145,1927,429,1498
46111146,1361,435,926
46111147,345,118,227
46111148,1172,350,822
46111149,961,66,895
46111150,1907,148,1759
46111151,6351,524,5827
46111153,1036,24,1012
46111154,3009,247,2762
46111155,1110,102,1008
46111157,615,0,615
46111158,470,6,464
46111159,1160,53,1107
46111160,445,65,380
46111161,707,77,630
46111162,418,44,374
46111163,388,33,355
46111164,444,30,414
46111165,604,64,540
46111167,572,66,506
46111168,571,0,571
46111169,1425,31,1394
46111170,1311,112,1199
46111171,690,19,671
46111172,368,12,356
46111173,5214,417,4797
46111174,721,122,599
46111175,774,97,677
46111176,0,0,0
46111177,185,13,172
46111178,837,117,720
46111179,673,59,614
46111180,1248,137,1111
46111181,694,111,583
46111182,505,30,475
46111183,790,202,588
46111184,693,146,547
46111185,608,41,567
46111186,474,52,422
46111187,224,10,214
46111188,146,0,146
46111189,1486,62,1424
46111190,16243,466,15777
46111191,482,15,467
46111192,2482,95,2387
46111193,1354,47,1307
46111194,722,25,697
46111195,1308,46,1262
46111196,730,39,691
46111197,746,75,671
46111198,348,38,310
46111199,2096,149,1947
46111202,869,57,812
46111203,1693,99,1594
46111204,1753,115,1638
46111205,2001,143,1858
46111206,2296,219,2077
46111207,24,2,22
46111210,5666,578,5088
46111211,122,49,73
46111212,504,74,430
46111213,938,0,938
46111214,487,10,477
46111215,923,5,918
46111217,541,12,529
46111218,2848,205,2643
46111219,525,40,485
46111220,3720,129,3591
46111221,2461,84,2377
46111222,1755,18,1737
46111223,913,50,863
46111224,791,29,762
46111225,897,11,886
46111226,1218,56,1162
46111227,1045,75,970
46111228,987,36,951
46111229,1069,7,1062
46120028,523,84,439
46120029,545,76,469
46120030,725,95,630
46120031,728,92,636
46120032,1022,142,880
46120033,518,34,484
46120034,496,41,455
46120035,433,35,398
46120036,697,48,649
46120037,532,39,493
46120038,610,50,560
46120040,468,24,444
46120041,573,16,557
46120045,510,37,473
46120046,1766,192,1574
46120047,501,27,474
46120048,1653,180,1473
46120049,570,90,480
46120050,512,70,442
46120051,473,41,432
46120052,583,46,537
46120053,424,50,374
46120054,485,51,434
46120055,386,88,298
46120056,546,76,470
46120057,739,153,586
46120058,511,91,420
46120059,493,67,426
46120060,868,53,815
46120061,439,48,391
46120062,374,45,329
46120063,615,76,539
46120064,743,130,613
46120065,472,25,447
46120066,335,42,293
46120068,779,27,752
46120069,442,13,429
46120070,604,53,551
46120071,376,50,326
46130049,1199,33,1166
46130050,531,75,456
46130051,1682,221,1461
46130052,981,71,910
46130053,906,42,864
46130054,416,44,372
46130055,782,25,757
46130056,380,11,369
46130058,1081,57,1024
46130059,919,24,895
46130060,643,34,609
46130061,562,46,516
46130062,438,28,410
46130063,525,45,480
46130064,411,10,401
46130065,949,26,923
46130066,1003,151,852
46130068,669,129,540
46130069,842,67,775
46130070,491,103,388
46130071,550,86,464
46130072,617,137,480
46130073,379,134,245
46130074,493,133,360
46130075,573,114,459
46130076,538,121,417
46130077,390,112,278
46130078,345,213,132
46130079,617,227,390
46130080,755,294,461
46130081,831,246,585
46130082,522,182,340
46130083,648,201,447
46130084,568,222,346
46130085,455,145,310
46130086,421,101,320
46130087,613,247,366
46130088,482,92,390
46130089,606,150,456
46130090,547,143,404
46130091,598,170,428
46130092,485,190,295
46130093,487,166,321
46130094,466,255,211
46130095,517,271,246
46130096,580,100,480
46130097,517,114,403
46130098,446,98,348
46130099,642,130,512
46130100,830,113,717
46130101,454,85,369
46130102,566,69,497
46130103,741,80,661
46130105,446,33,413
46130106,453,59,394
46130107,513,24,489
46130108,392,51,341
46130109,593,97,496
46130110,649,70,579
46130111,776,67,709
46130112,766,106,660
46130113,501,55,446
46130114,655,28,627
46130115,599,63,536
46130116,770,117,653
46130117,1001,52,949
46130118,559,60,499
46130119,710,103,607
46130120,606,79,527
46130121,495,56,439
46130122,572,103,469
46130123,617,82,535
46130124,637,166,471
46130125,549,532,17
46130126,20,5,15
46130127,27,6,21
46130128,434,53,381
46130129,769,237,532
46130130,10,10,0
46130131,1191,25,1166
46130132,1022,31,991
46130133,738,32,706
46130134,133,0,133
46140029,525,110,415
46140030,558,70,488
46140031,738,182,556
46140032,392,45,347
46140033,684,75,609
46140034,861,110,751
46140035,468,70,398
46140036,524,66,458
46140037,1217,258,959
46140038,742,54,688
46140039,519,90,429
46140040,530,47,483
46140041,652,66,586
46140042,630,116,514
46140043,717,132,585
46140044,682,94,588
46140045,950,104,846
46140046,728,84,644
46140047,331,32,299
46140048,804,153,651
46140049,159,14,145
46140050,351,37,314
46140051,475,47,428
46140052,381,45,336
46140053,422,47,375
46140054,528,107,421
46140055,680,132,548
46140056,382,122,260
46140057,426,40,386
46140058,529,120,409
46140059,509,122,387
46140060,365,92,273
46150063,0,0,0
46150064,317,121,196
46150065,5,2,3
46150066,0,0,0
46150067,240,64,176
46150068,578,39,539
46150069,604,151,453
46150070,533,30,503
46150071,332,9,323
46150072,320,19,301
46150073,289,22,267
46150074,366,362,4
46150075,414,24,390
46150076,342,6,336
46150077,335,334,1
46150078,294,19,275
46150079,6,6,0
46150080,436,48,388
46150081,476,18,458
46150083,431,60,371
46150084,498,25,473
46150085,534,54,480
46150086,454,25,429
46150087,462,11,451
46150088,417,50,367
46150089,481,73,408
46150090,425,33,392
46150091,540,68,472
46150092,480,20,460
46150093,479,17,462
46150094,378,7,371
46150095,382,17,365
46150096,387,6,381
46150097,299,8,291
46150098,413,26,387
46150099,412,398,14
46150100,281,13,268
46150102,926,43,883
46150104,491,20,471
46150105,632,36,596
46150106,591,63,528
46150107,551,24,527
46150108,644,9,635
46150109,643,11,632
46150111,438,3,435
46150112,523,12,511
46150113,355,23,332
46150114,408,44,364
46150115,5,5,0
46150116,50,50,0
46160032,277,131,146
46160033,408,60,348
46160034,417,160,257
46160035,442,55,387
46160036,388,63,325
46160037,325,106,219
46160038,462,66,396
46160039,385,61,324
46160040,341,333,8
46160041,392,25,367
46160042,543,23,520
46160043,423,32,391
46160044,403,18,385
46160045,3,3,0
46160046,73,73,0
46160047,431,42,389
46160048,656,119,537
46160049,454,22,432
46160050,352,35,317
46160051,631,620,11
46160052,694,694,0
46160053,447,50,397
46160054,464,19,445
46170057,508,46,462
46170058,548,241,307
46170059,319,9,310
46170060,266,42,224
46170061,475,57,418
46170062,407,73,334
46170063,557,173,384
46170064,661,127,534
46170065,451,156,295
46170066,481,191,290
46170067,519,166,353
46170068,476,68,408
46170069,504,94,410
46170070,458,165,293
46170071,447,142,305
46170072,410,108,302
46170073,461,127,334
46170074,461,106,355
46170075,420,145,275
46170076,526,200,326
46170077,325,67,258
46170078,580,108,472
46170079,487,131,356
46170080,395,59,336
46170081,439,60,379
46170082,300,130,170
46170083,571,141,430
46170084,337,159,178
46170085,481,131,350
46170086,383,163,220
46170087,325,153,172
46170088,357,44,313
46170089,467,99,368
46170090,368,195,173
46170091,548,543,5
46170092,775,770,5
46170093,383,194,189
46170094,398,72,326
46170095,440,303,137
46170096,96,11,85
46170097,328,30,298
46170098,714,85,629
46170099,322,30,292
46170100,309,74,235
46170101,280,8,272
46170102,356,59,297
46170103,402,37,365
46180076,298,103,195
46180077,261,258,3
46180078,21,21,0
46180079,0,0,0
46180080,0,0,0
46180081,0,0,0
46180082,1191,1189,2
46180083,596,123,473
46180084,475,130,345
46180085,431,154,277
46180086,370,71,299
46180087,365,45,320
46180088,922,905,17
46180089,0,0,0
46180090,0,0,0
46180091,0,0,0
46180092,0,0,0
46180093,377,95,282
46180094,449,147,302
46180095,394,183,211
46180096,409,173,236
46180097,380,62,318
46180098,515,332,183
46180099,806,531,275
46180100,297,55,242
46180101,479,28,451
46180102,484,47,437
46180103,480,46,434
46180104,453,72,381
46180105,867,116,751
46180106,474,67,407
46180107,515,75,440
46180108,772,78,694
46180109,660,82,578
46180110,484,41,443
46180111,616,65,551
46180112,544,30,514
46180113,618,89,529
46180114,472,29,443
46180115,741,64,677
46180116,539,114,425
46180117,376,66,310
46180118,550,70,480
46180119,622,69,553
46180120,414,13,401
46180121,497,28,469
46180122,383,113,270
46180123,158,17,141
46180124,538,191,347
46180125,394,33,361
46180126,366,13,353
46180127,553,180,373
46180128,436,56,380
46180129,309,133,176
46190098,20,20,0
46190099,613,397,216
46190100,451,448,3
46190101,923,908,15
46190102,209,203,6
46190103,923,917,6
46190104,579,274,305
46190105,320,320,0
46190106,847,825,22
46190107,780,770,10
46190108,0,0,0
46190109,224,221,3
46190110,0,0,0
46190111,0,0,0
46190112,0,0,0
46190113,0,0,0
46190114,0,0,0
46190115,95,94,1
46190116,4,2,2
46190117,880,874,6
46190118,755,752,3
46190119,78,78,0
46190120,675,655,20
46190121,593,588,5
46190122,685,683,2
46190123,0,0,0
46190124,427,419,8
46190125,518,518,0
46190126,0,0,0
46190127,0,0,0
46190128,440,263,177
46190129,826,815,11
46190130,667,660,7
46190131,883,872,11
46190132,199,199,0
46190133,1022,1015,7
46190134,331,215,116
46190135,397,397,0
46190136,439,355,84
46190137,688,648,40
46190138,669,519,150
46190139,883,882,1
46190140,22,22,0
46200029,52,51,1
46200030,289,165,124
46200031,233,82,151
46200032,494,56,438
46200033,238,26,212
46200034,395,47,348
46200035,553,88,465
46200036,400,58,342
46200037,430,123,307
46200038,494,121,373
46200039,402,91,311
46200040,446,121,325
46200041,575,136,439
46200042,423,61,362
46200043,402,29,373
46200044,400,19,381
46200045,323,34,289
46200046,500,173,327
46200047,272,9,263
46200048,312,29,283
46200049,78,12,66
46200050,372,70,302
46200051,401,71,330
46200052,432,95,337
46210058,447,64,383
46210059,442,35,407
46210060,379,186,193
46210061,410,70,340
46210062,404,68,336
46210063,411,51,360
46210064,351,88,263
46210065,373,102,271
46210066,366,95,271
46210067,349,99,250
46210068,439,60,379
46210069,352,110,242
46210070,253,71,182
46210071,0,0,0
46210072,594,291,303
46210073,612,46,566
46210074,103,17,86
46210075,481,53,428
46210076,0,0,0
46210077,0,0,0
46210078,582,143,439
46210079,41,31,10
46210080,557,160,397
46210081,381,264,117
46210082,393,167,226
46210083,377,164,213
46210084,490,221,269
46210085,515,293,222
46210086,379,164,215
46210087,195,94,101
46210088,310,127,183
46210089,18,13,5
46210090,549,278,271
46210091,342,188,154
46210092,292,46,246
46210093,2031,2008,23
46210094,253,253,0
46210095,57,56,1
46210096,42,42,0
46210097,142,142,0
46210098,374,123,251
46210099,217,185,32
46210100,498,222,276
46210101,584,209,375
46210104,266,202,64
46210105,918,913,5
46210106,328,314,14
46210107,952,951,1
46210108,575,61,514
46210109,334,92,242
46210110,518,466,52
46210112,1228,1206,22
46220082,0,0,0
46220083,539,261,278
46220084,0,0,0
46220085,481,477,4
46220086,0,0,0
46220088,2287,2274,13
46220089,0,0,0
46220090,11,4,7
46220091,0,0,0
46220092,323,99,224
46220093,554,295,259
46220094,881,495,386
46220095,588,322,266
46220096,450,159,291
46220097,385,114,271
46220098,650,311,339
46220099,867,160,707
46220100,550,168,382
46220101,589,154,435
46220102,466,192,274
46220103,588,265,323
46220104,623,294,329
46220105,522,196,326
46220106,601,227,374
46220107,434,120,314
46220108,466,118,348
46220109,668,289,379
46220110,654,178,476
46220111,540,181,359
46220112,846,329,517
46220113,657,134,523
46220114,374,203,171
46220115,451,116,335
46220116,371,174,197
46220117,681,232,449
46220118,644,261,383
46220119,0,0,0
46220120,0,0,0
46220121,0,0,0
46220124,560,557,3
46220125,452,323,129
46220126,760,760,0
46220127,0,0,0
46220128,33,31,2
46220129,27,22,5
46220130,0,0,0
46220131,0,0,0
46220132,28,27,1
46220133,547,547,0
46220134,0,0,0
46220135,2349,2308,41
46220136,611,600,11
46220137,992,992,0
46220138,0,0,0
46220139,0,0,0
46220140,0,0,0
46220141,942,864,78
46220143,972,957,15
46220144,0,0,0
46220145,684,682,2
46220146,0,0,0
46220147,278,277,1
46220148,186,186,0
46220149,785,785,0
46220150,2148,2144,4
46220151,367,356,11
46220152,1332,1329,3
46220153,1247,1236,11
46220154,856,856,0
46220155,1525,1525,0
46220156,5,5,0
46220157,2124,2118,6
46220158,1531,1522,9
46220159,749,749,0
46220160,2031,1996,35
46220162,1152,1100,52
46220163,1120,1117,3
46220164,0,0,0
46220165,1010,997,13
46220166,38,37,1
46220167,52,51,1
46220168,25,25,0
46230029,741,729,12
46230031,0,0,0
46230032,342,339,3
46230033,0,0,0
46230034,9,8,1
46230035,0,0,0
46230036,0,0,0
46230037,470,259,211
46230039,0,0,0
46230040,0,0,0
46230041,1076,1052,24
46230043,0,0,0
46230044,283,179,104
46230045,351,278,73
46230046,1044,1016,28
46230047,23,23,0
46230048,0,0,0
46230049,0,0,0
46230050,854,66,788
46230051,155,153,2
46230052,0,0,0
46230053,498,250,248
46230054,537,331,206
46230055,392,229,163
46230056,485,466,19
46230057,1436,1425,11
46230060,572,561,11
46230061,328,320,8
46230062,0,0,0
47010137,216,10,206
47010138,609,28,581
47010139,240,0,240
47010140,539,35,504
47010141,338,14,324
47010142,41,2,39
47010143,342,27,315
47010144,342,4,338
47010145,529,26,503
47010146,39,0,39
47010147,427,22,405
47010148,660,43,617
47010149,352,9,343
47010150,125,15,110
47010151,320,2,318
47010152,115,6,109
47010153,311,0,311
47010154,240,0,240
47010155,253,0,253
47010156,445,2,443
47010157,562,26,536
47010158,508,9,499
47010159,168,18,150
47010160,485,48,437
47010161,590,27,563
47010162,806,5,801
47010163,399,18,381
47010164,399,0,399
47010165,386,6,380
47010166,679,58,621
47010167,492,23,469
47010168,870,49,821
47010169,383,8,375
47010170,1444,35,1409
47010171,425,28,397
47010172,493,48,445
47010173,475,13,462
47010174,720,39,681
47010175,257,7,250
47010176,572,12,560
47010177,460,37,423
47010178,510,47,463
47010179,541,27,514
47010180,453,36,417
47010181,490,1,489
47010182,1006,54,952
47010183,431,15,416
47010184,499,36,463
47010185,480,67,413
47010186,635,37,598
47010187,578,27,551
47010188,686,13,673
47010189,642,63,579
47010190,651,34,617
47010191,416,31,385
47010192,403,58,345
47010193,385,14,371
47010194,165,13,152
47010195,108,11,97
47010196,114,7,107
47010197,287,1,286
47010198,66,15,51
47010199,48,2,46
47010200,642,15,627
47010202,5,4,1
47010204,17,15,2
47010205,175,175,0
47010206,0,0,0
47010207,5,5,0
47010208,5,4,1
47010209,5,1,4
47010210,16,15,1
47010211,10,10,0
47010212,5,2,3
47010213,13,12,1
47010214,5,2,3
47010218,147,57,90
47010219,700,10,690
47010221,307,2,305
47010222,715,512,203
47010223,531,26,505
47010226,239,0,239
47010227,0,0,0
47010228,0,0,0
47010229,0,0,0
47010231,0,0,0
47010232,289,6,283
47010234,0,0,0
47010235,57,54,3
47010238,355,28,327
47010240,525,13,512
47010241,698,25,673
47010242,300,1,299
47020103,394,2,392
47020104,238,0,238
47020105,0,0,0
47020106,256,2,254
47020107,0,0,0
47020108,772,65,707
47020109,0,0,0
47020110,0,0,0
47020111,0,0,0
47020112,0,0,0
47020113,0,0,0
47020114,223,0,223
47020115,520,26,494
47020116,202,17,185
47020117,335,18,317
47020118,242,0,242
47020119,228,8,220
47020120,208,0,208
47020121,120,4,116
47020124,317,4,313
47020125,32,0,32
47020126,467,13,454
47020127,379,15,364
47020128,725,25,700
47020129,362,6,356
47020130,520,7,513
47020131,559,20,539
47020132,479,62,417
47020133,601,4,597
47020134,631,20,611
47020135,347,0,347
47020136,448,0,448
47020137,520,4,516
47020138,1218,40,1178
47020139,528,30,498
47020140,464,28,436
47020141,582,4,578
47020142,653,28,625
47020143,127,8,119
47020144,1061,46,1015
47020145,840,17,823
47020146,575,17,558
47020147,641,36,605
47020148,403,1,402
47020149,231,0,231
47020150,22,0,22
47020151,121,1,120
47020152,324,23,301
47020153,483,32,451
47020154,598,26,572
47020155,294,20,274
47020156,637,12,625
47020157,132,0,132
47020158,334,22,312
47020159,279,15,264
47020160,265,12,253
47020161,55,0,55
47020162,253,9,244
47020163,33,2,31
47020164,155,5,150
47020165,61,12,49
47020166,65,3,62
47020167,145,9,136
47020168,265,0,265
47020169,349,0,349
47020170,267,4,263
47020171,0,0,0
47020172,435,11,424
47020174,314,0,314
47020176,814,73,741
47030078,89,11,78
47030079,292,7,285
47030080,127,13,114
47030081,178,0,178
47030082,228,2,226
47030083,62,21,41
47030084,74,0,74
47030085,112,2,110
47030086,466,33,433
47030087,356,0,356
47030088,384,7,377
47030089,461,26,435
47030090,538,3,535
47030091,233,5,228
47030092,374,22,352
47030093,113,12,101
47030094,269,0,269
47030095,402,19,383
47030096,484,6,478
47030097,457,10,447
47030098,424,46,378
47030099,512,2,510
47030100,172,1,171
47030101,353,9,344
47030102,244,3,241
47030103,302,17,285
47030104,293,5,288
47030105,269,27,242
47030106,190,7,183
47030107,430,64,366
47030108,365,44,321
47030109,19,1,18
47030110,22,3,19
47030111,326,28,298
47030112,278,2,276
47030113,192,12,180
47030114,70,5,65
47030115,265,10,255
47030116,507,22,485
47030117,73,0,73
47030118,245,0,245
47030119,292,18,274
47030120,316,26,290
47040055,323,0,323
47040056,363,15,348
47040057,519,73,446
47040058,415,15,400
47040059,338,6,332
47040060,514,27,487
47040061,500,7,493
47040062,55,55,0
47040063,7,7,0
47040064,311,0,311
47040065,126,126,0
47040066,242,0,242
47040067,70,3,67
47040068,297,36,261
47040069,233,1,232
47040070,407,7,400
47040071,360,47,313
47040072,428,15,413
47040073,477,0,477
47040074,422,23,399
47040075,188,0,188
47040076,99,11,88
47040077,410,9,401
47040078,35,16,19
47040079,254,24,230
47040080,131,4,127
47040081,156,2,154
47040082,20,1,19
47040083,210,2,208
47040084,234,3,231
47040085,396,11,385
47040086,403,0,403
47040087,496,20,476
47040088,394,10,384
47040089,75,5,70
47050148,39,6,33
47050149,512,42,470
47050150,29,1,28
47050151,28,1,27
47050152,355,10,345
47050153,575,29,546
47050154,526,33,493
47050155,492,0,492
47050156,615,10,605
47050157,391,47,344
47050158,449,41,408
47050159,515,23,492
47050160,593,60,533
47050161,460,10,450
47050162,439,57,382
47050163,0,0,0
47050164,22,0,22
47050165,0,0,0
47050166,333,34,299
47050167,459,40,419
47050168,410,7,403
47050169,367,36,331
47050170,358,3,355
47050171,492,42,450
47050172,468,22,446
47050173,300,15,285
47050174,65,15,50
47050175,569,39,530
47050176,63,13,50
47050177,526,9,517
47050178,620,7,613
47050179,320,35,285
47050180,167,15,152
47050181,150,12,138
47050182,92,0,92
47050183,513,5,508
47050184,369,71,298
47050185,518,71,447
47050186,134,19,115
47050188,89,12,77
47050190,503,97,406
47050192,552,24,528
47050193,508,28,480
47050195,288,14,274
47050196,329,8,321
47050197,0,0,0
47050198,411,28,383
47050199,0,0,0
47050200,307,23,284
47050201,0,0,0
47050202,5,4,1
47050203,0,0,0
47050204,382,50,332
47050205,444,29,415
47050206,414,412,2
47050207,2,2,0
47050208,413,12,401
47050209,118,16,102
47050210,0,0,0
47050211,47,2,45
47050212,537,34,503
47050213,14,0,14
47050214,215,5,210
47050215,60,0,60
47050216,18,2,16
47050217,107,7,100
47050218,127,119,8
47050219,527,512,15
47050220,503,0,503
47050221,517,507,10
47050222,0,0,0
47050223,0,0,0
47050224,0,0,0
47050225,0,0,0
47050226,0,0,0
47050227,0,0,0
47050228,0,0,0
47050229,0,0,0
47050230,0,0,0
47050231,497,55,442
47050232,518,26,492
47050233,554,42,512
47050234,300,12,288
47050235,364,56,308
47050236,426,78,348
47050237,388,2,386
47050238,188,11,177
47050239,212,8,204
47050240,460,19,441
47050241,457,27,430
47050242,586,15,571
47050243,357,0,357
47050244,67,11,56
47050245,265,5,260
47050246,325,15,310
47050247,391,27,364
47050248,36,0,36
47050249,30,6,24
47050250,365,38,327
47050251,0,0,0
47050252,0,0,0
47050253,0,0,0
47050254,0,0,0
47050255,0,0,0
47050256,0,0,0
47050257,0,0,0
47050258,0,0,0
47050259,0,0,0
47050260,512,20,492
47050261,427,24,403
47050262,504,43,461
47050263,503,47,456
47050264,549,16,533
47050266,526,10,516
47050267,675,7,668
47050268,478,7,471
47060129,328,0,328
47060130,561,53,508
47060131,513,93,420
47060132,581,67,514
47060133,506,0,506
47060134,502,34,468
47060135,514,35,479
47060136,510,26,484
47060137,648,31,617
47060138,514,38,476
47060139,477,77,400
47060140,589,34,555
47060141,576,36,540
47060142,762,61,701
47060143,744,29,715
47060144,970,15,955
47060145,952,25,927
47060146,341,1,340
47060147,561,11,550
47060148,508,22,486
47060149,398,13,385
47060150,393,76,317
47060151,896,51,845
47060152,1084,92,992
47060153,587,30,557
47060154,535,10,525
47060155,823,11,812
47060156,727,42,685
47060157,498,4,494
47060160,477,1,476
47060161,698,79,619
47060162,379,4,375
47060163,537,16,521
47060164,566,26,540
47060165,456,0,456
47060166,630,63,567
47060176,560,37,523
47060177,545,30,515
47060178,477,71,406
47060179,559,60,499
47060180,524,75,449
47060181,640,87,553
47060182,566,67,499
47060183,582,122,460
47060184,581,101,480
47060185,629,52,577
47060186,465,80,385
47060187,770,99,671
47060188,871,214,657
47060189,599,85,514
47060190,720,67,653
47060191,572,46,526
47060192,575,27,548
47060193,606,108,498
47060194,649,62,587
47060195,506,34,472
47060197,469,24,445
47060200,369,28,341
47060205,477,0,477
47060206,478,29,449
47060207,491,16,475
47060208,485,37,448
47060209,302,8,294
47060210,436,36,400
47060211,414,8,406
47060212,507,5,502
47060213,1494,35,1459
47060214,706,12,694
47060215,1389,93,1296
47060216,410,29,381
47060217,505,12,493
47060218,522,66,456
47060219,489,106,383
47060220,559,114,445
47060221,527,28,499
47060222,558,93,465
47060223,434,8,426
47060224,293,5,288
47060225,532,4,528
47060226,651,35,616
47060227,423,34,389
47060228,1045,16,1029
47060229,1447,76,1371
47060231,507,99,408
47060232,476,32,444
47060233,415,108,307
47060234,399,76,323
47060235,633,65,568
47060236,468,15,453
47060237,425,81,344
47060238,1854,281,1573
47060239,1861,19,1842
47060240,682,24,658
47060241,721,67,654
47060248,593,18,575
47060249,623,21,602
47060252,867,257,610
47060253,682,100,582
47060254,687,96,591
47060255,474,72,402
47060256,466,75,391
47060257,632,94,538
47060258,502,36,466
47060259,489,80,409
47060260,600,137,463
47060261,651,159,492
47060262,480,100,380
47060263,570,181,389
47060264,854,220,634
47060265,593,78,515
47060266,619,90,529
47060267,680,118,562
47060268,615,44,571
47060269,817,19,798
47060270,620,140,480
47060271,407,86,321
47060273,496,43,453
47060276,454,42,412
47060277,484,30,454
47060278,409,54,355
47060279,566,53,513
47060280,464,37,427
47060281,586,78,508
47060282,640,120,520
47060283,533,57,476
47060284,540,45,495
47060285,561,16,545
47060286,510,48,462
47060287,462,75,387
47060288,468,71,397
47060289,641,168,473
47060290,443,114,329
47060291,443,207,236
47060292,416,281,135
47060293,376,140,236
47060294,387,234,153
47060295,542,215,327
47060296,396,104,292
47060297,722,131,591
47060298,692,231,461
47060299,701,179,522
47060300,545,168,377
47060301,593,153,440
47060302,506,258,248
47060303,448,79,369
47060304,514,126,388
47060305,466,131,335
47060306,538,187,351
47060307,679,94,585
47060308,600,125,475
47060309,760,101,659
47060310,508,112,396
47060311,604,43,561
47060312,537,56,481
47060313,431,39,392
47060314,440,55,385
47060315,490,32,458
47060316,472,75,397
47060317,409,93,316
47060318,536,85,451
47060319,577,25,552
47060320,853,136,717
47060321,553,180,373
47060322,504,18,486
47060323,577,104,473
47060324,458,44,414
47060325,429,70,359
47060326,562,52,510
47060327,499,13,486
47060328,412,25,387
47060329,462,40,422
47060330,444,3,441
47060331,322,69,253
47060332,415,23,392
47060333,558,58,500
47060334,546,75,471
47060335,932,64,868
47060336,553,105,448
47060337,597,80,517
47060339,784,134,650
47060340,564,71,493
47060341,595,54,541
47060342,469,59,410
47060343,477,76,401
47060345,744,46,698
47060346,807,52,755
47060347,396,30,366
47060348,442,30,412
47060349,417,10,407
47060350,676,148,528
47060351,699,62,637
47060352,551,71,480
47060353,451,65,386
47060354,523,18,505
47060355,402,62,340
47060356,704,80,624
47060357,493,39,454
47060358,686,4,682
47060359,737,32,705
47060360,624,86,538
47060361,524,51,473
47060362,642,46,596
47060363,430,36,394
47060364,572,111,461
47060365,575,47,528
47060366,802,33,769
47060367,251,11,240
47060368,438,83,355
47060369,357,32,325
47060370,523,73,450
47060371,612,110,502
47060372,506,41,465
47060380,366,19,347
47060381,520,92,428
47060382,429,60,369
47060383,561,56,505
47060384,669,77,592
47060386,522,155,367
47060388,437,6,431
47060389,402,25,377
47060391,318,4,314
47060392,376,14,362
47060393,534,57,477
47060394,486,5,481
47060397,836,16,820
47060398,437,34,403
47060399,694,69,625
47060401,712,49,663
47060402,635,71,564
47060403,519,101,418
47060404,622,107,515
47060405,711,55,656
47060406,552,17,535
47060407,561,92,469
47060408,1008,390,618
47060409,589,135,454
47060410,540,201,339
47060411,504,161,343
47060412,484,177,307
47060413,742,334,408
47060414,512,318,194
47060415,583,123,460
47060416,602,61,541
47060417,556,104,452
47060418,399,46,353
47060419,598,8,590
47060420,990,27,963
47060421,371,13,358
47060423,503,93,410
47060424,462,21,441
47060425,473,1,472
47060426,419,62,357
47060427,462,17,445
47060428,431,21,410
47060429,452,28,424
47060430,963,117,846
47060432,463,40,423
47060433,371,32,339
47060434,317,3,314
47060435,482,47,435
47060436,603,102,501
47060437,606,98,508
47060438,535,103,432
47060439,476,98,378
47060440,522,122,400
47060441,564,142,422
47060442,516,40,476
47060443,662,198,464
47060444,703,68,635
47060445,763,15,748
47060446,580,84,496
47060448,639,131,508
47060449,536,7,529
47060450,893,169,724
47060451,290,16,274
47060452,321,24,297
47060453,661,52,609
47060454,850,57,793
47060455,789,35,754
47060456,728,14,714
47060486,390,6,384
47060487,845,31,814
47060488,571,20,551
47060489,889,13,876
47060490,576,24,552
47060491,625,25,600
47060492,609,24,585
47060493,713,26,687
47060494,560,19,541
47060495,681,46,635
47060503,1168,53,1115
47060504,845,0,845
47060505,1199,1,1198
47060506,1176,87,1089
47060507,873,45,828
47060509,555,65,490
47060510,33,17,16
47060511,322,22,300
47060512,42,2,40
47060513,99,18,81
47060514,295,0,295
47060515,111,4,107
47060516,57,1,56
47060517,107,1,106
47060518,825,46,779
47060519,829,64,765
47060520,82,6,76
47060521,126,15,111
47060522,35,2,33
47060523,71,14,57
47060524,18,1,17
47060525,292,36,256
47060526,88,2,86
47060527,707,31,676
47060528,73,1,72
47060529,225,18,207
47060530,505,27,478
47060531,10,1,9
47060532,686,34,652
47060533,630,0,630
47060534,630,51,579
47060535,578,9,569
47060536,541,53,488
47060537,881,48,833
47060538,799,5,794
47060539,71,0,71
47060541,48,1,47
47060544,480,10,470
47060545,656,32,624
47060546,98,21,77
47060547,283,2,281
47060548,611,59,552
47060549,77,0,77
47060550,191,7,184
47060551,284,23,261
47060552,248,18,230
47060556,469,23,446
47060557,357,31,326
47060558,272,1,271
47060560,820,12,808
47060563,254,7,247
47060566,587,23,564
47060570,495,6,489
47060571,454,23,431
47060572,730,43,687
47060573,497,25,472
47060574,519,5,514
47060575,561,11,550
47060576,897,13,884
47060577,806,22,784
47060578,509,37,472
47060579,726,10,716
47060580,395,22,373
47060581,246,22,224
47060582,214,2,212
47060583,420,34,386
47060584,690,34,656
47060585,477,50,427
47060586,736,76,660
47060587,688,76,612
47060588,520,14,506
47060589,580,568,12
47060590,440,8,432
47060591,564,557,7
47060592,398,83,315
47060593,364,70,294
47060594,209,16,193
47060596,277,254,23
47060597,554,11,543
47060598,60,0,60
47060599,867,45,822
47060600,407,23,384
47060601,260,12,248
47060602,219,0,219
47060603,2,2,0
47060604,1,1,0
47060605,179,179,0
47060606,157,157,0
47060607,141,141,0
47060608,532,524,8
47060609,383,15,368
47060610,556,110,446
47060611,224,27,197
47060612,309,11,298
47060613,0,0,0
47060614,351,25,326
47060615,129,12,117
47060616,622,36,586
47060617,380,98,282
47060618,490,37,453
47060619,531,98,433
47060620,453,453,0
47060621,521,81,440
47060622,509,48,461
47060623,92,8,84
47060624,158,14,144
47060625,353,39,314
47060626,232,18,214
47060627,517,377,140
47060628,618,151,467
47060629,0,0,0
47060630,596,59,537
47060631,19,0,19
47060632,60,60,0
47060635,10,7,3
47060637,747,12,735
47060638,391,34,357
47060639,379,21,358
47060640,872,20,852
47060641,623,0,623
47060643,538,28,510
47060644,402,39,363
47060645,569,11,558
47060646,671,32,639
47060647,310,0,310
47060648,334,10,324
47060649,394,1,393
47060650,483,1,482
47060651,680,21,659
47060652,842,10,832
47060653,632,11,621
47060654,502,8,494
47060655,512,7,505
47060656,474,5,469
47060657,424,6,418
47060658,618,12,606
47060659,605,13,592
47060660,698,30,668
47060661,390,16,374
47060662,1115,185,930
47060663,565,29,536
47060664,789,45,744
47060668,1231,81,1150
47060669,1161,81,1080
47060671,1031,28,1003
47060672,614,25,589
47060673,1214,48,1166
47060674,501,30,471
47060675,1351,54,1297
47060676,838,5,833
47060677,904,56,848
47060678,7083,625,6458
47060680,440,26,414
47060681,301,12,289
47060682,518,18,500
47060685,734,59,675
47060688,435,37,398
47060689,385,31,354
47060694,0,0,0
47060695,4422,158,4264
47060696,1958,104,1854
47060698,3373,179,3194
47060699,441,0,441
47060703,3882,76,3806
47060704,7303,150,7153
47062470,10964,377,10587
47062471,492,14,478
47062473,174,9,165
47062479,562,14,548
47062481,1393,7,1386
47062483,531,27,504
47062484,2,2,0
47062485,565,556,9
47062486,0,0,0
47062487,717,14,703
47062488,0,0,0
47062489,0,0,0
47062490,5,0,5
47062491,739,26,713
47062493,688,26,662
47062495,3231,103,3128
47062496,19,19,0
47062498,237,198,39
47070122,247,2,245
47070123,503,4,499
47070124,48,1,47
47070125,206,2,204
47070126,133,8,125
47070127,80,1,79
47070128,124,1,123
47070129,73,7,66
47070130,193,11,182
47070131,120,13,107
47070132,58,20,38
47070134,101,2,99
47070135,14,1,13
47070137,136,0,136
47070138,122,5,117
47070139,455,1,454
47070140,1094,16,1078
47070141,896,4,892
47070142,486,17,469
47070143,489,43,446
47070144,480,28,452
47070145,509,32,477
47070146,218,14,204
47070147,477,34,443
47070148,461,26,435
47070149,539,9,530
47070150,445,46,399
47070151,530,27,503
47070152,338,6,332
47070153,461,18,443
47070154,395,37,358
47070155,436,47,389
47070156,439,24,415
47070157,794,113,681
47070158,540,45,495
47070159,570,25,545
47070160,547,43,504
47070161,466,50,416
47070162,471,35,436
47070163,403,5,398
47070164,600,46,554
47070165,783,42,741
47070166,683,93,590
47070167,749,26,723
47070168,2100,24,2076
47070169,426,8,418
47070170,519,26,493
47070171,649,18,631
47070172,381,18,363
47070173,377,63,314
47070174,401,17,384
47070175,525,36,489
47070176,464,24,440
47070177,581,57,524
47070178,572,61,511
47070179,365,10,355
47070180,659,62,597
47070181,365,10,355
47070182,515,39,476
47070183,533,48,485
47070184,503,7,496
47070185,258,54,204
47070186,538,37,501
47070187,460,49,411
47070188,505,22,483
47070189,386,19,367
47070190,434,46,388
47070191,462,34,428
47070192,814,111,703
47070193,400,25,375
47070194,551,25,526
47070195,1078,61,1017
47070196,450,28,422
47070197,204,17,187
47070198,397,8,389
47070199,558,49,509
47070200,644,80,564
47070201,466,25,441
47070202,361,39,322
47070203,590,36,554
47070204,538,42,496
47070205,528,52,476
47070206,100,3,97
47070207,602,20,582
47070208,446,17,429
47070209,551,2,549
47070210,153,0,153
47070211,262,4,258
47070212,86,2,84
47070213,30,1,29
47070214,206,16,190
47070215,21,1,20
47070216,254,1,253
47070217,178,12,166
47070218,508,8,500
47070219,426,20,406
47070220,52,17,35
47070221,282,39,243
47070222,183,0,183
47070223,87,9,78
47070224,283,0,283
47070225,227,14,213
47070226,143,12,131
47070227,278,1,277
47070228,223,3,220
47070229,343,25,318
47070230,109,0,109
47070231,238,0,238
47070232,363,39,324
47070233,14,2,12
47070234,249,13,236
47070235,364,36,328
47070236,451,31,420
47070237,266,1,265
47070238,43,3,40
47070239,377,16,361
47070240,337,0,337
47070244,223,9,214
47080100,5,0,5
47080101,356,10,346
47080102,517,7,510
47080103,250,5,245
47080104,385,4,381
47080105,511,6,505
47080106,514,14,500
47080107,212,0,212
47080108,133,0,133
47080109,12,0,12
47080110,69,3,66
47080111,143,3,140
47080112,93,1,92
47080113,240,4,236
47080114,144,4,140
47080115,29,0,29
47080116,403,26,377
47080117,431,83,348
47080118,202,0,202
47080119,200,16,184
47080120,102,0,102
47080121,145,0,145
47080122,188,0,188
47080123,245,0,245
47080124,133,9,124
47080125,29,0,29
47080126,208,0,208
47080127,108,0,108
47080128,200,0,200
47080129,148,10,138
47080130,451,17,434
47080131,531,17,514
47080132,364,12,352
47080133,47,0,47
47080135,656,21,635
47080136,393,5,388
47080137,409,17,392
47080138,353,56,297
47080139,444,1,443
47080140,523,45,478
47080141,542,19,523
47080142,610,52,558
47080143,502,36,466
47080144,413,10,403
47080145,346,0,346
47080146,397,17,380
47080147,472,39,433
47080148,415,37,378
47080149,641,31,610
47080150,501,23,478
47080151,581,18,563
47080152,504,53,451
47080154,670,35,635
47080156,615,10,605
47080157,521,1,520
47080158,483,36,447
47080159,482,49,433
47080160,563,53,510
47080161,517,34,483
47080162,498,17,481
47080166,584,24,560
47080167,321,12,309
47080168,95,13,82
47080169,45,2,43
47080170,421,25,396
47080171,366,10,356
47080172,131,0,131
47080173,525,18,507
47080174,433,5,428
47080175,306,6,300
47080176,481,0,481
47080180,1365,8,1357
47080181,772,14,758
47080182,669,16,653
47080184,545,10,535
47080186,644,18,626
47080187,556,12,544
47090138,429,22,407
47090139,60,0,60
47090140,517,23,494
47090141,654,39,615
47090142,461,5,456
47090143,644,49,595
47090144,285,4,281
47090145,225,12,213
47090146,426,57,369
47090147,455,17,438
47090148,424,0,424
47090149,591,42,549
47090150,351,12,339
47090151,54,0,54
47090152,393,0,393
47090153,0,0,0
47090154,152,150,2
47090155,5,0,5
47090156,1,1,0
47090157,1,1,0
47090158,421,8,413
47090159,301,14,287
47090160,93,4,89
47090161,64,0,64
47090162,271,11,260
47090163,278,30,248
47090164,23,0,23
47090165,220,59,161
47090166,294,25,269
47090167,0,0,0
47090168,5,0,5
47090169,523,522,1
47090170,761,758,3
47090171,532,32,500
47090172,89,3,86
47090173,514,55,459
47090174,420,73,347
47090175,450,136,314
47090176,479,97,382
47090177,392,34,358
47090178,0,0,0
47090179,0,0,0
47090180,0,0,0
47090181,0,0,0
47090182,0,0,0
47090183,0,0,0
47090184,0,0,0
47090185,0,0,0
47090186,0,0,0
47090187,0,0,0
47090188,90,6,84
47090189,441,32,409
47090190,434,32,402
47090191,31,1,30
47090192,178,16,162
47090193,1656,157,1499
47090194,447,10,437
47090195,447,35,412
47090196,631,3,628
47090197,776,124,652
47090198,492,59,433
47090199,444,94,350
47090200,460,77,383
47090201,564,180,384
47090202,406,72,334
47090203,459,64,395
47090204,607,154,453
47090205,526,118,408
47090206,639,33,606
47090207,677,115,562
47090208,484,24,460
47090209,755,120,635
47090210,519,51,468
47090211,543,37,506
47090212,493,46,447
47090213,393,98,295
47090214,460,54,406
47090215,478,54,424
47090218,461,2,459
47090219,95,3,92
47090221,195,12,183
47090222,508,91,417
47090224,317,7,310
47090225,101,16,85
47090226,347,2,345
47090227,306,29,277
47090228,333,30,303
47090229,86,16,70
47090230,265,6,259
47090231,529,13,516
47090232,177,14,163
47090234,446,115,331
47090235,444,29,415
47090237,456,53,403
47090238,446,68,378
47090239,403,59,344
47090240,566,31,535
47090241,206,0,206
47090243,0,0,0
47090246,392,28,364
47090247,503,89,414
47090248,823,16,807
47090250,462,38,424
47090251,484,49,435
47090252,5,1,4
47100133,287,36,251
47100134,302,34,268
47100135,342,5,337
47100136,378,18,360
47100137,383,1,382
47100138,416,0,416
47100139,423,16,407
47100140,371,10,361
47100141,415,1,414
47100142,2,1,1
47100143,0,0,0
47100144,4,3,1
47100145,11,10,1
47100146,0,0,0
47100147,379,378,1
47100148,362,34,328
47100149,85,4,81
47100150,15,1,14
47100151,551,5,546
47100152,0,0,0
47100153,488,5,483
47100154,617,16,601
47100155,29,1,28
47100156,49,4,45
47100157,324,10,314
47100158,81,6,75
47100159,404,16,388
47100160,0,0,0
47100161,0,0,0
47100162,5,0,5
47100163,4,1,3
47100164,24,18,6
47100165,411,410,1
47100166,79,67,12
47100167,272,4,268
47100168,5,5,0
47100169,0,0,0
47100170,0,0,0
47100171,0,0,0
47100172,0,0,0
47100173,4,0,4
47100174,0,0,0
47100175,218,33,185
47100176,49,1,48
47100177,0,0,0
47100178,0,0,0
47100179,0,0,0
47100180,0,0,0
47100181,0,0,0
47100182,1,1,0
47100183,1,1,0
47100184,5,5,0
47100185,0,0,0
47100186,0,0,0
47100187,5,0,5
47100188,0,0,0
47100189,221,90,131
47100190,813,806,7
47100191,0,0,0
47100192,99,89,10
47100193,48,46,2
47100194,203,5,198
47100195,99,72,27
47100196,208,128,80
47100197,557,95,462
47100198,743,741,2
47100199,502,56,446
47100200,16,1,15
47100201,0,0,0
47100202,0,0,0
47100203,0,0,0
47100204,0,0,0
47100205,0,0,0
47100206,0,0,0
47100207,0,0,0
47100208,0,0,0
47100209,0,0,0
47100210,0,0,0
47100211,0,0,0
47100212,0,0,0
47100213,0,0,0
47100214,0,0,0
47100215,0,0,0
47100216,0,0,0
47100217,146,146,0
47100218,0,0,0
47100219,0,0,0
47100220,4,0,4
47100221,0,0,0
47100222,0,0,0
47100223,0,0,0
47100224,491,46,445
47100225,401,0,401
47100226,442,33,409
47100227,392,17,375
47100228,221,8,213
47100229,87,1,86
47100232,236,3,233
47100233,194,19,175
47100234,356,7,349
47100235,657,65,592
47100236,34,2,32
47100237,544,0,544
47100239,443,45,398
47110021,781,19,762
47110022,384,78,306
47110027,597,15,582
47110028,448,90,358
47110029,428,33,395
47110030,694,60,634
47110031,567,68,499
47110032,281,3,278
47110033,488,14,474
47110035,476,31,445
47110038,873,3,870
47110039,830,13,817
47110040,248,25,223
47110041,612,25,587
47110042,765,95,670
47110043,310,29,281
47110044,397,11,386
47110045,689,90,599
47110046,339,16,323
47110047,554,109,445
47110048,619,100,519
47110049,567,126,441
47110050,564,45,519
47110051,659,54,605
47110052,478,67,411
47110053,649,127,522
47110054,453,116,337
47110055,577,57,520
47110056,529,51,478
47110057,591,0,591
47110058,578,57,521
47110059,694,91,603
47110060,513,40,473
47110061,525,87,438
47110062,691,40,651
47110063,444,32,412
47110064,531,47,484
47110065,546,31,515
47110066,788,84,704
47110067,262,45,217
47110068,377,71,306
47110069,516,239,277
47110070,611,134,477
47110074,749,57,692
47110075,518,60,458
47110076,584,106,478
47110077,724,49,675
47110078,481,51,430
47110079,707,76,631
47110080,592,120,472
47110081,613,2,611
47110082,571,27,544
47110083,638,39,599
47110084,575,74,501
47110085,481,25,456
47110086,564,51,513
47110087,540,13,527
47110088,617,26,591
47110089,532,63,469
47110090,454,19,435
47110091,947,48,899
47110092,650,69,581
47110093,500,55,445
47110094,691,75,616
47110095,797,159,638
47110096,422,0,422
47110097,511,14,497
47110098,487,11,476
47110099,546,54,492
47110100,762,54,708
47110101,571,67,504
47110102,768,65,703
47110103,548,19,529
47110104,510,7,503
47110105,576,25,551
47110106,499,33,466
47110107,180,33,147
47110108,959,120,839
47110109,726,63,663
47110110,596,71,525
47110111,494,27,467
47110112,859,76,783
47110113,274,39,235
47110114,317,11,306
47110116,478,72,406
47110123,977,49,928
47110126,433,33,400
47110127,528,22,506
47110128,570,34,536
47110129,691,6,685
47110130,1021,139,882
47110131,306,3,303
47110132,1016,64,952
47110133,271,25,246
47110134,1235,63,1172
47110143,306,14,292
47110144,848,61,787
47110145,579,72,507
47110146,403,16,387
47110147,759,11,748
47110148,660,35,625
47110149,440,28,412
47110151,530,117,413
47110152,437,49,388
47110153,638,98,540
47110154,436,4,432
47110155,330,78,252
47110157,665,20,645
47110160,736,29,707
47110161,611,33,578
47110162,398,26,372
47110163,613,13,600
47110164,515,25,490
47110165,470,59,411
47110166,302,6,296
47110167,420,18,402
47110168,456,56,400
47110169,618,65,553
47110170,470,4,466
47110179,666,44,622
47110180,563,58,505
47110181,553,66,487
47110182,671,114,557
47110183,533,80,453
47110184,521,13,508
47110185,772,87,685
47110186,480,39,441
47110187,672,88,584
47110188,704,29,675
47110189,673,109,564
47110190,490,49,441
47110191,649,235,414
47110193,315,37,278
47110194,7063,826,6237
47110287,312,12,300
47110288,492,4,488
47110290,546,8,538
47110291,540,40,500
47110292,515,10,505
47110293,772,104,668
47110295,661,105,556
47110296,795,63,732
47110297,460,66,394
47110299,357,0,357
47110300,525,50,475
47110301,445,2,443
47110302,547,10,537
47110303,538,107,431
47110304,388,92,296
47110305,499,31,468
47110306,1531,312,1219
47110307,603,110,493
47110308,656,128,528
47110309,674,111,563
47110310,868,140,728
47110311,741,99,642
47110313,931,73,858
47110314,855,36,819
47110315,1126,93,1033
47110316,286,40,246
47110317,329,5,324
47110318,639,42,597
47110319,244,0,244
47110323,694,74,620
47110324,574,13,561
47110325,640,48,592
47110326,288,28,260
47110327,877,70,807
47110328,1018,42,976
47110329,621,0,621
47110330,491,35,456
47110331,565,12,553
47110338,1279,262,1017
47110339,442,75,367
47110340,743,92,651
47110341,1017,252,765
47110342,331,17,314
47110343,283,24,259
47110344,923,65,858
47110347,327,119,208
47110348,710,139,571
47110349,291,66,225
47110350,395,70,325
47110351,370,74,296
47110353,434,101,333
47110354,967,153,814
47110355,789,156,633
47110356,1471,142,1329
47110357,615,148,467
47110358,804,187,617
47110359,465,70,395
47110362,360,128,232
47110363,1369,296,1073
47110365,478,125,353
47110367,388,51,337
47110368,400,57,343
47110369,781,242,539
47110370,544,137,407
47110371,1087,266,821
47110372,539,150,389
47110373,537,42,495
47110374,5782,708,5074
47110375,474,35,439
47110376,524,99,425
47110377,583,197,386
47110378,585,66,519
47110379,877,172,705
47110380,476,65,411
47110381,403,25,378
47110382,450,21,429
47110383,599,151,448
47110384,585,133,452
47110385,533,69,464
47110386,547,63,484
47110387,2000,497,1503
47110388,546,115,431
47110389,562,100,462
47110390,518,69,449
47110391,445,86,359
47110392,388,154,234
47110394,429,50,379
47110395,571,6,565
47110396,479,35,444
47110397,65,13,52
47110401,5894,488,5406
47110402,827,81,746
47110403,508,53,455
47110404,564,55,509
47110405,535,131,404
47110406,514,82,432
47110407,441,120,321
47110408,294,129,165
47110409,323,80,243
47110410,290,165,125
47110411,432,41,391
47110412,282,19,263
47110413,547,46,501
47110434,1065,222,843
47110435,253,73,180
47110436,583,131,452
47110439,725,161,564
47110440,733,75,658
47110441,400,62,338
47110442,888,218,670
47110443,423,1,422
47110444,682,30,652
47110445,571,20,551
47110446,504,7,497
47110447,516,41,475
47110448,680,22,658
47110449,762,206,556
47110450,963,133,830
47110451,1299,86,1213
47110452,813,52,761
47110453,544,28,516
47110455,1525,100,1425
47110456,1487,218,1269
47110457,1410,370,1040
47110460,1195,124,1071
47110461,1583,185,1398
47110463,965,185,780
47110466,591,25,566
47110467,590,84,506
47110468,1019,213,806
47110469,798,33,765
47110470,1433,71,1362
47110471,1337,213,1124
47110472,953,143,810
47110473,468,81,387
47110474,611,165,446
47110475,983,92,891
47110476,560,79,481
47110477,1069,34,1035
47110478,472,32,440
47110479,431,6,425
47110480,571,42,529
47110481,579,34,545
47110482,839,72,767
47110483,491,35,456
47110484,1142,113,1029
47110485,606,50,556
47110486,347,21,326
47110487,940,88,852
47110488,2263,225,2038
47110489,488,49,439
47110490,468,51,417
47110491,3583,343,3240
47110492,1796,87,1709
47110495,546,10,536
47110496,580,35,545
47110497,5971,463,5508
47110498,518,10,508
47110500,1141,118,1023
47110502,481,9,472
47110503,698,40,658
47110504,697,102,595
47110506,2308,121,2187
47110507,731,43,688
47110508,1214,24,1190
47110509,767,0,767
47110510,529,6,523
47110511,427,14,413
47110512,1227,60,1167
47110513,493,11,482
47110514,340,46,294
47110515,514,107,407
47110516,372,78,294
47110517,570,29,541
47110518,369,10,359
47110519,380,13,367
47110520,521,43,478
47110521,533,20,513
47110522,421,23,398
47110523,731,100,631
47110524,7163,617,6546
47110525,736,47,689
47110526,418,24,394
47110527,389,0,389
47110528,684,14,670
47110531,449,30,419
47110532,570,64,506
47110533,486,28,458
47110534,568,71,497
47110535,514,30,484
47110536,515,74,441
47110537,517,60,457
47110538,659,159,500
47110539,600,87,513
47110540,642,141,501
47110541,503,121,382
47110542,523,127,396
47110543,468,141,327
47110544,507,56,451
47110545,556,128,428
47110546,526,218,308
47110547,483,125,358
47110548,454,39,415
47110549,479,182,297
47110550,383,58,325
47110551,392,145,247
47110552,478,282,196
47110553,526,70,456
47110554,745,223,522
47110555,333,75,258
47110556,1234,198,1036
47110557,584,35,549
47110558,577,134,443
47110559,650,176,474
47110560,460,176,284
47110561,520,178,342
47110562,601,181,420
47110563,721,154,567
47110564,674,84,590
47110565,501,173,328
47110566,417,236,181
47110567,382,137,245
47110568,443,159,284
47110569,478,270,208
47110570,579,195,384
47110571,611,110,501
47110572,580,181,399
47110573,558,91,467
47110574,543,81,462
47110575,586,146,440
47110576,1336,304,1032
47110577,493,70,423
47110579,472,41,431
47110581,3014,408,2606
47110583,2200,38,2162
47110584,347,32,315
47110585,176,10,166
47110586,642,41,601
47110587,510,504,6
47110588,556,35,521
47110589,172,18,154
47110590,728,33,695
47110591,73,0,73
47110592,915,5,910
47110593,464,56,408
47110594,788,77,711
47110595,279,13,266
47110596,114,17,97
47110597,479,0,479
47110598,360,21,339
47110599,63,0,63
47110600,238,2,236
47110601,313,2,311
47110602,38,7,31
47110603,0,0,0
47110604,269,47,222
47110605,615,4,611
47110606,456,26,430
47110607,494,18,476
47110608,433,37,396
47110609,348,24,324
47110610,571,19,552
47110611,207,0,207
47110612,560,12,548
47110613,431,17,414
47110614,563,73,490
47110615,503,4,499
47110616,143,18,125
47110617,412,14,398
47110618,298,3,295
47110619,87,3,84
47110620,205,19,186
47110621,203,0,203
47110622,83,1,82
47110623,367,12,355
47110624,32,0,32
47110625,274,9,265
47110626,570,30,540
47110627,532,12,520
47110628,281,10,271
47110629,337,5,332
47110630,70,23,47
47110631,306,9,297
47110632,428,27,401
47110633,193,16,177
47110634,560,64,496
47110635,503,7,496
47110636,78,6,72
47110637,101,16,85
47110638,660,4,656
47110639,530,32,498
47110640,488,34,454
47110641,615,21,594
47110642,336,2,334
47110643,45,3,42
47110644,58,4,54
47110645,116,10,106
47110646,368,12,356
47110647,248,0,248
47110648,137,14,123
47110649,427,19,408
47110650,488,11,477
47110651,755,70,685
47110652,688,79,609
47110653,40,40,0
47110654,10279,859,9420
47110655,869,21,848
47110656,524,36,488
47110657,1345,111,1234
47110658,1376,98,1278
47110659,838,72,766
47110660,791,5,786
47110661,628,35,593
47110662,1056,11,1045
47110663,985,25,960
47110664,7664,236,7428
47110665,481,38,443
47110666,1310,129,1181
47110667,508,57,451
47110668,1679,76,1603
47110669,1517,127,1390
47110670,8045,428,7617
47110679,2086,81,2005
47110680,747,28,719
47110682,3248,414,2834
47110683,479,13,466
47110686,846,147,699
47110689,55,4,51
47110690,623,16,607
47110691,491,164,327
47110692,588,22,566
47110694,644,40,604
47110695,486,19,467
47110699,1387,52,1335
47120078,507,82,425
47120079,0,0,0
47120080,0,0,0
47120081,0,0,0
47120082,0,0,0
47120083,720,705,15
47120084,748,157,591
47120085,780,178,602
47120086,601,111,490
47120087,533,180,353
47120088,478,102,376
47120089,531,146,385
47120090,492,92,400
47120091,698,72,626
47120092,366,50,316
47120093,67,66,1
47120094,499,488,11
47120095,553,551,2
47120096,253,31,222
47120097,208,5,203
47120098,392,3,389
47120099,581,30,551
47120100,635,18,617
47120101,525,17,508
47120102,481,101,380
47120103,267,7,260
47120104,11,9,2
47120105,243,1,242
47120106,43,1,42
47120107,309,1,308
47120108,438,4,434
47120109,440,29,411
47120110,488,0,488
47120111,615,20,595
47120112,466,2,464
47120113,505,15,490
47120114,80,0,80
47120115,320,19,301
47120116,193,0,193
47120117,25,24,1
47120118,200,12,188
47120119,334,25,309
47120120,69,1,68
47120121,342,14,328
47120122,363,13,350
47120124,666,141,525
47120126,521,47,474
47120127,563,33,530
47120128,502,19,483
47120129,440,16,424
47120130,653,55,598
47120131,587,47,540
47120132,726,27,699
47120133,488,19,469
47120134,163,0,163
47120135,73,0,73
47120136,253,0,253
47120137,169,11,158
47120138,278,28,250
47120139,80,8,72
47120140,644,61,583
47120142,568,67,501
47130085,589,25,564
47130086,303,9,294
47130087,370,35,335
47130088,434,14,420
47130089,328,21,307
47130090,574,81,493
47130091,541,529,12
47130092,760,752,8
47130093,39,0,39
47130094,518,44,474
47130095,349,1,348
47130096,460,7,453
47130097,338,2,336
47130098,268,21,247
47130099,158,9,149
47130100,72,9,63
47130101,188,0,188
47130102,59,10,49
47130103,197,0,197
47130104,510,18,492
47130105,461,0,461
47130106,277,29,248
47130107,652,51,601
47130108,435,8,427
47130109,588,6,582
47130110,146,12,134
47130111,57,4,53
47130112,326,39,287
47130113,607,30,577
47130114,378,11,367
47130115,225,5,220
47130116,42,0,42
47130117,446,14,432
47130118,709,5,704
47130119,545,10,535
47130120,756,30,726
47130121,579,23,556
47130122,236,0,236
47130123,31,2,29
47130124,135,3,132
47130125,60,2,58
47130126,256,7,249
47130127,304,6,298
47130128,616,5,611
47130129,128,11,117
47130130,508,49,459
47130131,383,26,357
47130132,415,43,372
47130133,455,15,440
47130134,491,9,482
47130135,517,5,512
47130136,809,40,769
47130137,470,28,442
47130138,347,36,311
47130139,367,30,337
47130140,25,1,24
47130141,148,8,140
47130142,352,17,335
47130143,220,9,211
47130144,181,2,179
47130145,220,1,219
47130146,13,0,13
47130147,16,0,16
47130148,137,0,137
47130149,120,0,120
47130150,74,0,74
47130151,123,9,114
47140142,449,37,412
47140143,363,27,336
47140144,177,18,159
47140145,516,32,484
47140146,48,0,48
47140147,495,46,449
47140148,356,92,264
47140149,383,30,353
47140150,518,141,377
47140151,602,15,587
47140152,446,44,402
47140153,374,41,333
47140154,479,104,375
47140155,534,89,445
47140156,436,12,424
47140157,282,14,268
47140158,465,99,366
47140159,518,97,421
47140160,203,52,151
47140161,320,11,309
47140162,317,11,306
47140163,305,19,286
47140164,594,37,557
47140165,65,2,63
47140166,50,0,50
47140167,200,24,176
47140168,318,18,300
47140169,283,50,233
47140170,637,67,570
47140171,503,48,455
47140172,426,38,388
47140173,359,2,357
47140174,90,0,90
47140175,334,5,329
47140176,918,916,2
47140177,411,411,0
47140178,336,336,0
47140179,300,291,9
47140180,402,48,354
47140181,369,29,340
47140182,361,26,335
47140183,296,18,278
47140184,353,35,318
47140185,348,15,333
47140186,327,10,317
47140187,39,2,37
47140188,415,107,308
47140189,398,50,348
47140190,451,12,439
47140191,447,10,437
47140192,380,37,343
47140193,208,54,154
47140194,113,2,111
47140195,444,7,437
47140196,454,5,449
47140197,552,91,461
47140198,443,50,393
47140199,467,10,457
47140200,745,102,643
47140201,568,45,523
47140202,437,31,406
47140203,16,0,16
47140204,376,19,357
47140205,384,42,342
47140206,483,61,422
47140207,567,47,520
47140208,683,35,648
47140209,543,19,524
47140210,477,40,437
47140211,543,25,518
47140212,561,128,433
47140213,423,52,371
47140214,623,96,527
47140215,627,186,441
47140216,628,146,482
47140217,418,8,410
47140218,611,83,528
47140219,76,8,68
47140220,670,28,642
47140221,466,20,446
47140222,250,45,205
47140224,43,16,27
47140225,269,75,194
47140227,436,435,1
47140228,400,0,400
47140229,398,111,287
47140230,424,28,396
47140231,161,10,151
47140232,326,323,3
47140233,381,3,378
47140234,1,1,0
47140235,0,0,0
47140236,0,0,0
47140238,413,4,409
47140239,0,0,0
47140241,59,59,0
47150225,581,73,508
47150226,402,402,0
47150227,490,488,2
47150228,475,93,382
47150229,393,35,358
47150230,316,313,3
47150231,510,142,368
47150232,625,109,516
47150233,510,328,182
47150234,494,259,235
47150235,554,373,181
47150236,538,189,349
47150237,602,502,100
47150238,409,344,65
47150239,490,313,177
47150240,468,320,148
47150241,320,174,146
47150242,455,150,305
47150243,423,90,333
47150244,426,173,253
47150245,421,156,265
47150246,481,125,356
47150247,560,262,298
47150248,176,42,134
47150249,704,195,509
47150250,517,221,296
47150254,776,120,656
47150255,484,426,58
47150256,516,254,262
47150257,504,93,411
47150258,0,0,0
47150259,412,191,221
47150260,920,224,696
47150261,422,202,220
47150262,739,212,527
47150263,475,228,247
47150264,408,167,241
47150265,506,175,331
47150266,453,243,210
47150267,324,128,196
47150268,583,82,501
47150270,518,151,367
47150271,752,200,552
47150272,479,112,367
47150273,538,142,396
47150274,1732,387,1345
47150275,1409,306,1103
47150276,519,155,364
47150277,330,90,240
47150278,412,94,318
47150279,499,137,362
47150280,709,279,430
47150281,641,294,347
47150282,418,214,204
47150283,484,245,239
47150284,517,213,304
47150285,551,285,266
47150286,536,200,336
47150287,530,221,309
47150288,480,211,269
47150289,538,240,298
47150290,489,218,271
47150291,509,164,345
47150292,581,182,399
47150293,454,165,289
47150294,627,246,381
47150295,542,181,361
47150296,570,258,312
47150297,504,173,331
47150298,942,443,499
47150299,587,202,385
47150300,588,352,236
47150301,534,299,235
47150302,509,246,263
47150303,592,240,352
47150305,435,165,270
47150306,360,58,302
47150307,389,119,270
47150308,644,294,350
47150309,19,11,8
47150310,5,5,0
47150311,747,743,4
47150312,0,0,0
47150313,379,56,323
47150314,10,6,4
47150315,8,7,1
47150316,0,0,0
47150317,63,14,49
47150318,342,36,306
47150319,433,31,402
47150321,96,12,84
47150322,441,80,361
47150323,435,58,377
47150324,452,58,394
47150325,108,51,57
47150326,431,296,135
47150329,579,187,392
47150331,681,651,30
47150332,290,21,269
47150333,462,68,394
47150334,243,33,210
47150335,188,35,153
47150336,625,77,548
47150337,306,0,306
47150338,304,304,0
47150339,813,813,0
47150340,364,8,356
47150341,64,14,50
47150342,383,13,370
47150343,633,24,609
47150344,702,7,695
47150345,554,5,549
47150346,88,14,74
47150347,255,8,247
47150348,68,1,67
47150349,339,15,324
47150350,672,0,672
47150351,1074,13,1061
47150352,578,25,553
47150353,583,30,553
47150354,498,29,469
47150355,576,35,541
47150356,489,5,484
47150357,322,6,316
47150358,658,61,597
47150359,695,139,556
47150360,538,43,495
47150361,454,15,439
47150362,436,0,436
47150363,101,0,101
47150364,312,6,306
47150365,298,15,283
47150366,360,31,329
47150367,213,13,200
47150368,491,21,470
47150369,617,92,525
47150370,174,0,174
47150371,486,28,458
47150372,417,28,389
47150373,902,85,817
47150374,732,80,652
47150375,582,4,578
47150376,417,50,367
47150377,960,39,921
47150378,909,36,873
47150379,492,30,462
47150380,487,1,486
47150381,638,5,633
47150382,647,39,608
47150383,280,17,263
47150384,516,29,487
47150385,0,0,0
47150386,0,0,0
47150387,470,465,5
47150388,29,15,14
47150389,6,3,3
47150390,956,951,5
47150391,0,0,0
47150392,0,0,0
47150393,2,1,1
47150394,471,138,333
47150395,576,410,166
47150396,561,150,411
47150397,542,10,532
47150398,552,69,483
47150399,631,174,457
47150400,908,37,871
47150401,769,40,729
47150402,482,53,429
47150403,92,0,92
47150404,721,137,584
47150405,177,52,125
47150406,48,24,24
47150407,331,65,266
47150408,896,182,714
47150409,161,97,64
47150410,386,75,311
47150411,146,24,122
47150412,421,97,324
47150413,641,162,479
47150414,539,312,227
47150415,386,61,325
47150416,310,37,273
47150418,535,30,505
47150420,350,53,297
47150421,467,101,366
47150422,785,167,618
47150424,395,61,334
47150425,398,41,357
47150427,297,78,219
47150428,677,152,525
47160155,433,57,376
47160156,713,190,523
47160157,516,103,413
47160158,499,43,456
47160159,324,151,173
47160160,854,854,0
47160161,806,785,21
47160163,6,5,1
47160165,374,154,220
47160166,13,10,3
47160167,6,3,3
47160168,0,0,0
47160169,0,0,0
47160170,0,0,0
47160171,0,0,0
47160172,0,0,0
47160173,0,0,0
47160174,0,0,0
47160175,6,5,1
47160176,0,0,0
47160177,6,5,1
47160178,2,1,1
47160179,438,46,392
47160180,0,0,0
47160182,2,0,2
47160183,0,0,0
47160184,0,0,0
47160185,0,0,0
47160186,0,0,0
47160187,5,5,0
47160189,438,92,346
47160190,463,145,318
47160191,371,21,350
47160192,195,18,177
47160193,41,13,28
47160194,51,0,51
47160196,0,0,0
47160197,128,15,113
47160198,375,67,308
47160199,0,0,0
47160200,5,5,0
47160201,0,0,0
47160202,264,251,13
47160203,5,5,0
47160204,21,16,5
47160205,154,41,113
47160206,307,25,282
47160207,517,34,483
47160208,352,14,338
47160209,400,61,339
47160210,19,7,12
47160211,539,8,531
47160212,285,19,266
47160213,541,35,506
47160214,336,35,301
47160215,97,10,87
47160216,142,10,132
47160217,20,5,15
47160218,0,0,0
47160219,388,71,317
47160220,59,14,45
47160221,19,5,14
47160222,348,37,311
47160223,335,177,158
47160224,518,151,367
47160225,545,215,330
47160226,539,264,275
47160227,536,157,379
47160228,532,160,372
47160229,567,212,355
47160230,508,233,275
47160231,680,226,454
47160232,370,157,213
47160233,608,196,412
47160234,544,47,497
47160235,664,149,515
47160236,634,91,543
47160237,539,79,460
47160238,576,135,441
47160239,627,111,516
47160240,527,177,350
47160241,512,172,340
47160242,524,239,285
47160243,432,125,307
47160244,8,3,5
47160245,389,39,350
47160246,834,286,548
47160247,680,160,520
47160248,1246,251,995
47160249,742,57,685
47160250,248,23,225
47160251,78,1,77
47160252,323,12,311
47160253,0,0,0
47160254,25,21,4
47160255,0,0,0
47160256,451,36,415
47160257,32,12,20
47160258,140,10,130
47160259,50,18,32
47160260,501,70,431
47160261,717,715,2
47160262,304,41,263
47160263,376,61,315
47160264,549,102,447
47160265,866,866,0
47160266,352,352,0
47160267,533,81,452
47160268,441,130,311
47160269,437,53,384
47160270,610,60,550
47160271,412,73,339
47160272,5,1,4
47160273,206,18,188
47160274,836,836,0
47160275,857,855,2
47160276,0,0,0
47160277,892,876,16
47160278,0,0,0
47160279,136,53,83
47160280,0,0,0
47160281,0,0,0
47160282,0,0,0
47160283,0,0,0
47160284,17,4,13
47160285,0,0,0
47160286,0,0,0
47160287,0,0,0
47160288,359,46,313
47160289,176,39,137
47160290,440,140,300
47160292,9,4,5
47160293,0,0,0
47160295,0,0,0
47160296,5,3,2
47160297,357,357,0
47160298,30,26,4
47160299,0,0,0
47170149,671,7,664
47170150,631,61,570
47170151,231,230,1
47170152,876,864,12
47170153,666,32,634
47170154,281,26,255
47170155,409,76,333
47170156,137,36,101
47170157,677,177,500
47170158,3,1,2
47170159,8,8,0
47170160,4,4,0
47170161,0,0,0
47170162,0,0,0
47170163,0,0,0
47170164,0,0,0
47170165,0,0,0
47170166,685,674,11
47170167,622,605,17
47170168,569,179,390
47170169,530,217,313
47170170,601,308,293
47170171,532,209,323
47170172,840,251,589
47170176,3,3,0
47170177,445,119,326
47170178,318,58,260
47170179,84,20,64
47170180,0,0,0
47170181,0,0,0
47170182,430,30,400
47170183,0,0,0
47170184,0,0,0
47170185,0,0,0
47170186,0,0,0
47170187,635,622,13
47170188,10,6,4
47170189,320,319,1
47170190,0,0,0
47170191,10,5,5
47170192,281,72,209
47170193,733,709,24
47170194,0,0,0
47170195,0,0,0
47170196,9,9,0
47170197,463,32,431
47170198,684,72,612
47170199,394,41,353
47170200,491,69,422
47170201,739,60,679
47170202,473,38,435
47170203,571,566,5
47170204,914,908,6
47170205,566,538,28
47170206,20,12,8
47170207,1195,1182,13
47170208,0,0,0
47170209,857,33,824
47170210,894,113,781
47170211,339,71,268
47170212,508,57,451
47170213,512,42,470
47170214,256,23,233
47170215,429,14,415
47170216,320,91,229
47170217,353,34,319
47170218,518,114,404
47170219,475,33,442
47170220,497,184,313
47170221,418,103,315
47170222,446,51,395
47170223,404,54,350
47170224,382,48,334
47170225,520,142,378
47170226,6403,671,5732
47170227,495,38,457
47170228,648,9,639
47170229,571,101,470
47170230,668,7,661
47170231,0,0,0
47170232,499,73,426
47170233,543,104,439
47170234,490,55,435
47170235,385,22,363
47170236,159,16,143
47170237,713,73,640
47170238,511,58,453
47170239,393,46,347
47170240,259,24,235
47170241,0,0,0
47170242,0,0,0
47170243,151,29,122
47170244,0,0,0
47170245,351,38,313
47170246,493,98,395
47170247,430,22,408
47170248,170,0,170
47170249,499,17,482
47170250,710,700,10
47170251,529,64,465
47170252,356,24,332
47170253,86,10,76
47170254,33,33,0
47170255,637,112,525
47170256,405,121,284
47170257,0,0,0
47170258,741,741,0
47170259,0,0,0
47170260,500,500,0
47170261,157,13,144
47170262,544,16,528
47170263,420,80,340
47170264,315,22,293
47170265,79,12,67
47170266,120,6,114
47170268,96,92,4
47170269,0,0,0
47170270,576,294,282
47170271,492,218,274
47170272,404,102,302
47170275,796,224,572
47170276,549,177,372
47170279,781,447,334
47180159,0,0,0
47180160,1006,995,11
47180162,1539,1523,16
47180163,626,623,3
47180164,0,0,0
47180165,5,5,0
47180166,5,3,2
47180167,505,258,247
47180168,417,413,4
47180169,731,426,305
47180170,1820,1802,18
47180172,91,91,0
47180173,0,0,0
47180174,1001,1001,0
47180175,379,368,11
47180176,84,80,4
47180177,6,5,1
47180178,463,461,2
47180179,73,73,0
47180180,0,0,0
47180181,0,0,0
47180183,642,379,263
47180184,430,260,170
47180185,742,390,352
47180186,648,636,12
47180187,619,338,281
47180188,468,228,240
47180189,473,472,1
47180190,1545,1543,2
47180191,460,460,0
47180192,644,629,15
47180193,649,640,9
47180194,2043,2027,16
47180197,612,140,472
47180198,224,39,185
47180199,656,67,589
47180200,205,14,191
47180201,316,40,276
47180202,523,197,326
47180203,852,830,22
47180204,897,887,10
47180205,102,88,14
47180206,341,185,156
47180207,0,0,0
47180208,1166,1110,56
47180209,0,0,0
47180210,461,395,66
47180211,0,0,0
47180212,33,31,2
47180213,0,0,0
47180214,0,0,0
47180215,0,0,0
47180216,61,61,0
47180217,0,0,0
47180218,0,0,0
47180219,45,40,5
47180220,0,0,0
47180221,745,714,31
47180222,572,530,42
47180223,534,467,67
47180224,650,570,80
47180225,0,0,0
47180226,858,841,17
47180227,103,95,8
47180228,149,125,24
47180229,637,618,19
47180230,82,76,6
47180231,172,159,13
47180232,261,254,7
47180233,413,373,40
47180234,159,155,4
47180235,1047,1033,14
47180236,172,146,26
47180237,158,156,2
47180238,539,523,16
47180239,45,45,0
47180240,759,709,50
47180241,878,852,26
47180242,955,941,14
47180243,924,907,17
47180244,857,848,9
47180245,416,416,0
47180246,1,1,0
47180247,0,0,0
47180248,7,7,0
47180249,0,0,0
47180250,0,0,0
47180251,1578,1556,22
47180252,50,48,2
47180253,291,218,73
47180255,193,180,13
47180257,547,531,16
47180258,717,679,38
47180259,140,41,99
47180260,569,168,401
48010135,414,9,405
48010136,1546,73,1473
48010137,1063,33,1030
48010138,419,0,419
48010139,522,24,498
48010140,335,18,317
48010141,693,13,680
48010142,634,38,596
48010143,508,58,450
48010144,502,16,486
48010145,678,18,660
48010146,556,25,531
48010147,626,23,603
48010148,496,28,468
48010149,540,0,540
48010150,568,17,551
48010151,511,33,478
48010152,616,19,597
48010153,588,8,580
48010154,526,59,467
48010155,718,1,717
48010156,663,31,632
48010157,900,63,837
48010158,507,54,453
48010159,454,23,431
48010160,505,5,500
48010161,608,48,560
48010163,718,9,709
48010165,370,8,362
48010166,3535,147,3388
48010167,635,5,630
48010168,457,7,450
48010169,609,36,573
48010170,458,5,453
48010171,662,96,566
48010172,483,21,462
48010173,534,14,520
48010174,467,6,461
48010175,586,24,562
48010176,446,25,421
48010177,364,38,326
48010178,454,27,427
48010179,531,13,518
48010180,589,31,558
48010181,510,80,430
48010182,435,26,409
48010183,424,31,393
48010184,590,34,556
48010185,513,15,498
48010186,585,25,560
48010187,486,10,476
48010188,466,17,449
48010189,653,54,599
48010190,774,40,734
48010191,623,23,600
48010192,384,28,356
48010193,366,32,334
48010194,618,84,534
48010195,486,5,481
48010196,539,23,516
48010197,499,8,491
48010198,694,41,653
48010199,630,18,612
48010200,453,0,453
48010201,639,95,544
48010202,654,32,622
48010203,603,54,549
48010204,419,24,395
48010205,512,38,474
48010206,669,44,625
48010207,676,0,676
48010208,787,98,689
48010209,1059,55,1004
48010210,482,10,472
48010211,527,13,514
48010212,485,26,459
48010213,559,20,539
48010215,597,23,574
48010216,719,53,666
48010217,529,8,521
48010218,827,54,773
48010219,584,7,577
48010220,925,33,892
48010221,414,5,409
48010222,267,6,261
48010223,873,2,871
48010224,688,0,688
48010225,576,1,575
48010226,617,0,617
48010227,218,14,204
48010228,558,0,558
48010229,317,9,308
48010230,1162,26,1136
48010231,716,12,704
48010232,494,60,434
48010233,436,13,423
48010234,931,44,887
48010235,1502,65,1437
48010236,708,72,636
48010237,621,41,580
48010238,387,27,360
48010239,427,30,397
48010240,523,31,492
48010241,487,31,456
48010242,500,22,478
48010243,414,8,406
48010244,498,83,415
48010245,666,32,634
48010246,594,86,508
48010247,538,76,462
48010248,745,41,704
48010249,656,59,597
48010250,2936,297,2639
48010251,640,53,587
48010252,638,95,543
48010253,1676,64,1612
48010254,577,24,553
48010255,620,32,588
48010256,719,56,663
48010257,836,22,814
48010258,2212,75,2137
48010259,1026,26,1000
48010260,377,1,376
48010261,293,10,283
48010262,754,34,720
48010263,508,34,474
48020060,550,52,498
48020061,612,27,585
48020062,695,80,615
48020063,512,66,446
48020064,549,1,548
48020065,433,57,376
48020066,568,25,543
48020067,446,5,441
48020068,555,42,513
48020069,282,29,253
48020070,543,24,519
48020071,505,51,454
48020072,500,46,454
48020073,528,12,516
48020074,766,80,686
48020075,307,32,275
48020076,421,51,370
48020077,624,3,621
48020078,342,40,302
48020080,608,38,570
48020081,3373,170,3203
48020082,1278,117,1161
48020083,455,41,414
48020084,443,45,398
48020085,505,9,496
48020086,546,55,491
48020087,490,23,467
48020088,799,30,769
48020089,568,28,540
48020090,568,48,520
48020091,488,130,358
48020092,565,59,506
48020093,574,46,528
48020094,564,49,515
48020095,506,46,460
48020096,424,30,394
48020097,438,22,416
48020098,514,15,499
48020099,531,25,506
48020100,521,48,473
48020101,558,28,530
48020102,454,4,450
48020103,450,31,419
48020104,428,26,402
48020105,455,24,431
48020106,478,78,400
48020107,516,30,486
48020108,495,39,456
48020109,439,9,430
48020110,520,31,489
48020111,459,26,433
48020112,474,17,457
48020113,489,33,456
48020114,541,55,486
48020115,526,42,484
48020116,569,4,565
48020117,595,6,589
48020118,593,7,586
48020119,495,88,407
48020120,581,35,546
48020121,545,40,505
48020122,472,3,469
48020123,502,6,496
48020124,443,0,443
48020125,618,41,577
48020126,561,32,529
48020127,325,57,268
48020128,413,24,389
48020129,419,2,417
48020130,460,1,459
48020131,541,6,535
48020132,643,21,622
48020133,685,83,602
48020134,546,41,505
48020135,588,34,554
48020136,541,13,528
48020137,383,18,365
48020138,652,73,579
48020139,940,79,861
48020140,390,32,358
48020141,351,12,339
48020142,1095,28,1067
48020143,388,22,366
48020145,1507,54,1453
48020149,482,52,430
48020150,686,70,616
48020151,508,79,429
48020152,335,58,277
48020155,562,57,505
48020156,1148,187,961
48020157,862,40,822
48020159,335,1,334
48020160,584,12,572
48020161,625,75,550
48020162,569,94,475
48020163,536,38,498
48020165,934,94,840
48020166,749,112,637
48020167,478,63,415
48020169,1415,51,1364
48020170,1943,41,1902
48020171,258,12,246
48020172,494,15,479
48020173,241,20,221
48020203,813,33,780
48020204,335,12,323
48020205,795,56,739
48020207,388,2,386
48020239,793,105,688
48020240,747,108,639
48020241,283,6,277
48020242,594,11,583
48020243,561,19,542
48020244,532,17,515
48020245,422,13,409
48020246,588,5,583
48020247,1139,26,1113
48020248,630,9,621
48020249,526,7,519
48020250,1169,56,1113
48020251,726,20,706
48020252,717,14,703
48020253,917,25,892
48020254,466,20,446
48020255,859,15,844
48020256,675,52,623
48020257,1237,121,1116
48020258,1389,50,1339
48020259,480,32,448
48020260,529,27,502
48020261,558,43,515
48020262,637,10,627
48020263,386,16,370
48020264,593,37,556
48020265,469,38,431
48020266,1165,13,1152
48020267,781,25,756
48020268,650,39,611
48020269,1014,53,961
48020270,894,0,894
48020271,705,21,684
48020272,347,2,345
48020273,379,15,364
48020274,431,11,420
48020275,255,9,246
48020276,596,7,589
48020277,641,0,641
48020278,467,7,460
48020279,696,12,684
48020280,521,12,509
48020281,818,6,812
48020283,670,19,651
48020285,503,21,482
48020286,493,13,480
48020287,834,7,827
48020288,471,27,444
48020289,522,7,515
48020291,611,13,598
48020293,507,10,497
48020295,319,0,319
48020296,358,9,349
48020297,689,6,683
48020299,31,11,20
48020301,484,91,393
48020302,517,1,516
48020303,634,4,630
48020304,48,12,36
48020305,677,3,674
48020306,601,0,601
48020307,2066,105,1961
48020308,602,18,584
48020309,729,49,680
48020310,563,0,563
48020311,687,13,674
48020312,1206,43,1163
48020313,473,3,470
48020314,931,18,913
48020317,773,49,724
48020318,607,29,578
48020319,369,0,369
48020320,351,1,350
48020321,663,10,653
48020322,1031,19,1012
48020323,471,13,458
48020324,496,16,480
48020325,1289,51,1238
48020326,592,35,557
48020327,566,13,553
48020328,687,5,682
48020329,617,32,585
48020330,878,22,856
48020331,430,12,418
48020332,574,34,540
48020333,658,9,649
48020334,709,7,702
48020335,552,1,551
48020336,726,0,726
48020337,373,7,366
48020338,1050,0,1050
48020339,242,0,242
48020340,486,0,486
48020341,503,50,453
48020342,808,17,791
48020343,524,26,498
48020344,567,79,488
48020345,576,63,513
48020346,549,45,504
48020347,366,43,323
48020348,800,19,781
48020349,726,44,682
48020350,226,0,226
48020351,0,0,0
48020352,355,5,350
48020353,400,13,387
48020355,392,14,378
48020356,395,5,390
48020358,228,4,224
48020359,690,2,688
48020360,730,16,714
48020361,770,3,767
48020362,2436,34,2402
48020364,2180,83,2097
48020365,488,60,428
48020366,502,12,490
48020367,859,44,815
48020368,1528,32,1496
48020369,753,32,721
48020370,1868,65,1803
48020371,742,92,650
48020372,683,5,678
48020373,536,43,493
48020374,632,91,541
48020375,932,9,923
48020376,671,8,663
48020377,1299,112,1187
48020378,393,37,356
48020379,715,31,684
48020382,535,0,535
48020383,499,1,498
48020384,533,12,521
48020385,521,4,517
48020387,6253,247,6006
48020388,824,0,824
48020390,671,10,661
48020391,632,0,632
48020393,402,16,386
48020394,483,1,482
48020395,300,0,300
48020396,180,0,180
48020397,152,0,152
48020398,185,1,184
48020399,233,0,233
48020401,1670,49,1621
48020402,524,0,524
48020403,557,9,548
48020404,647,0,647
48020406,1412,83,1329
48020407,824,62,762
48020409,2021,342,1679
48030087,855,28,827
48030088,379,12,367
48030089,416,8,408
48030090,512,10,502
48030091,471,1,470
48030092,555,9,546
48030093,410,6,404
48030094,558,13,545
48030095,457,5,452
48030096,475,5,470
48030097,542,0,542
48030098,488,67,421
48030099,499,14,485
48030100,624,32,592
48030101,501,2,499
48030102,512,61,451
48030103,346,13,333
48030104,414,7,407
48030105,441,37,404
48030106,566,53,513
48030107,339,7,332
48030108,666,61,605
48030109,479,22,457
48030110,431,38,393
48030111,563,98,465
48030112,385,86,299
48030113,411,27,384
48030114,347,8,339
48030115,158,10,148
48030116,573,561,12
48030117,433,432,1
48030118,496,495,1
48030119,953,953,0
48030120,340,44,296
48030121,337,21,316
48030122,522,522,0
48030123,588,588,0
48030124,525,525,0
48030125,442,43,399
48030126,441,37,404
48030127,430,70,360
48030128,858,61,797
48030129,466,5,461
48030130,401,123,278
48030131,341,20,321
48030132,212,16,196
48030133,400,15,385
48030134,71,8,63
48030135,329,9,320
48030136,539,51,488
48030137,578,19,559
48030138,578,9,569
48030139,770,42,728
48030140,493,5,488
48030141,624,614,10
48030142,555,0,555
48030143,0,0,0
48030144,0,0,0
48030145,0,0,0
48030146,0,0,0
48030147,717,22,695
48030148,459,10,449
48030149,396,0,396
48030150,163,13,150
48030151,433,10,423
48030152,479,9,470
48030153,399,45,354
48030154,453,12,441
48030155,610,60,550
48030156,456,65,391
48030157,703,22,681
48030158,469,100,369
48030159,414,10,404
48030160,364,27,337
48030161,2,2,0
48030162,534,534,0
48030163,624,612,12
48030164,540,540,0
48030165,0,0,0
48030166,212,47,165
48030167,514,16,498
48030168,557,31,526
48030169,371,48,323
48030170,94,0,94
48030171,0,0,0
48040039,342,17,325
48040040,686,2,684
48040041,475,6,469
48040042,197,20,177
48040043,341,8,333
48040044,265,11,254
48040045,104,8,96
48040046,375,19,356
48040047,148,0,148
48040048,296,7,289
48040049,412,17,395
48040050,452,4,448
48040051,410,39,371
48040052,405,0,405
48040053,449,1,448
48040054,386,11,375
48040055,339,19,320
48040056,367,8,359
48040057,338,22,316
48040058,248,1,247
48040059,125,4,121
48040060,376,25,351
48040061,302,30,272
48040062,446,38,408
48040063,459,6,453
48050129,339,2,337
48050130,354,31,323
48050131,594,5,589
48050132,455,7,448
48050133,518,3,515
48050134,623,6,617
48050136,350,0,350
48050137,632,19,613
48050139,332,16,316
48050141,558,30,528
48050142,788,34,754
48050143,308,15,293
48050144,401,14,387
48050145,676,82,594
48050146,484,2,482
48050147,352,13,339
48050148,422,31,391
48050149,434,11,423
48050150,395,6,389
48050151,639,25,614
48050152,419,23,396
48050153,804,43,761
48050154,387,33,354
48050155,572,28,544
48050156,542,36,506
48050157,818,57,761
48050158,626,29,597
48050159,389,30,359
48050160,782,62,720
48050161,481,37,444
48050162,24,2,22
48050163,305,15,290
48050164,543,23,520
48050165,431,23,408
48050166,160,0,160
48050167,293,11,282
48050168,199,8,191
48050169,350,29,321
48050170,321,51,270
48050171,853,848,5
48050172,411,411,0
48050173,699,699,0
48050174,719,16,703
48050177,2152,69,2083
48050178,469,6,463
48050179,365,31,334
48050180,355,26,329
48050181,554,62,492
48050182,485,18,467
48050183,654,56,598
48050184,478,48,430
48050186,475,8,467
48050187,904,101,803
48050190,551,50,501
48050191,484,25,459
48050192,566,66,500
48050195,744,62,682
48050196,902,49,853
48050197,598,69,529
48050198,515,45,470
48050199,437,11,426
48050200,223,24,199
48050201,2,2,0
48050202,1429,1426,3
48050203,438,431,7
48050204,305,6,299
48050205,0,0,0
48050206,0,0,0
48050207,0,0,0
48050208,186,11,175
48050209,90,5,85
48050210,355,7,348
48050211,172,8,164
48050212,506,10,496
48050213,237,33,204
48050214,397,4,393
48050215,361,17,344
48050216,887,36,851
48050217,385,22,363
48050218,410,16,394
48050219,313,7,306
48050220,223,16,207
48050221,164,6,158
48050222,415,3,412
48050223,230,30,200
48050224,327,8,319
48050225,515,52,463
48050226,356,0,356
48050227,363,3,360
48050228,199,12,187
48050229,247,40,207
48050230,393,4,389
48050231,195,1,194
48050232,332,7,325
48050233,229,0,229
48050234,262,7,255
48050235,571,1,570
48050238,635,52,583
48050241,715,63,652
48050243,512,25,487
48050244,818,136,682
48050245,3651,174,3477
48050246,1045,107,938
48050249,411,12,399
48050250,669,31,638
48050251,616,29,587
48060056,518,11,507
48060057,450,2,448
48060058,543,13,530
48060059,420,5,415
48060060,721,6,715
48060061,498,8,490
48060062,669,22,647
48060063,800,38,762
48060064,536,28,508
48060065,407,7,400
48060066,618,20,598
48060067,699,5,694
48060068,475,1,474
48060069,414,0,414
48060070,417,0,417
48060071,634,18,616
48060072,401,51,350
48060073,568,35,533
48060074,300,9,291
48060075,423,8,415
48060076,978,53,925
48060077,429,20,409
48060078,662,13,649
48060079,720,38,682
48060080,298,4,294
48060085,586,46,540
48060086,503,15,488
48060087,597,7,590
48060088,471,1,470
48060089,612,15,597
48060090,694,97,597
48060091,608,20,588
48060092,770,0,770
48060093,589,6,583
48060094,487,59,428
48060095,514,31,483
48060096,706,28,678
48060097,655,22,633
48060098,752,21,731
48060099,632,29,603
48060100,421,18,403
48060101,506,2,504
48060102,769,17,752
48060103,701,24,677
48060104,770,54,716
48060105,668,2,666
48060106,798,21,777
48060107,548,7,541
48060108,545,0,545
48060109,1155,8,1147
48060110,864,27,837
48060112,618,10,608
48060113,460,16,444
48060114,475,11,464
48060115,750,48,702
48060116,729,35,694
48060117,699,5,694
48060118,808,28,780
48060119,695,11,684
48060120,562,7,555
48060121,728,48,680
48060122,613,5,608
48060123,441,29,412
48060124,531,24,507
48060125,661,26,635
48060126,669,22,647
48060127,539,7,532
48060128,502,16,486
48060129,591,22,569
48060130,657,6,651
48060131,428,5,423
48060132,518,28,490
48060133,728,31,697
48060134,605,6,599
48060135,688,26,662
48060136,602,16,586
48060137,556,13,543
48060138,873,18,855
48060139,695,12,683
48060140,1074,16,1058
48060142,610,22,588
48060143,897,25,872
48060144,505,62,443
48060145,656,22,634
48060146,644,26,618
48060147,610,45,565
48060148,594,32,562
48060149,645,13,632
48060150,592,28,564
48060151,615,15,600
48060152,348,4,344
48060153,637,9,628
48060154,471,12,459
48060155,434,42,392
48060156,368,15,353
48060157,571,10,561
48060158,1144,32,1112
48060160,862,53,809
48060161,293,0,293
48060162,456,17,439
48060163,817,47,770
48060165,782,45,737
48060166,592,2,590
48060167,442,21,421
48060168,817,5,812
48060169,375,23,352
48060171,475,1,474
48060172,1286,15,1271
48060173,1697,48,1649
48060174,510,9,501
48060175,667,26,641
48060177,720,15,705
48060178,433,11,422
48060179,677,49,628
48060180,601,51,550
48060181,531,5,526
48060183,287,0,287
48060184,676,64,612
48060185,395,15,380
48060186,390,20,370
48060187,410,21,389
48060188,355,86,269
48060189,480,51,429
48060190,472,70,402
48060191,517,15,502
48060192,455,36,419
48060193,458,61,397
48060194,510,46,464
48060195,638,61,577
48060196,461,73,388
48060197,612,28,584
48060198,648,28,620
48060199,489,9,480
48060200,624,33,591
48060201,455,0,455
48060202,50,10,40
48060203,1410,47,1363
48060205,964,0,964
48060206,322,17,305
48060207,414,19,395
48060208,886,9,877
48060209,897,42,855
48060210,804,7,797
48060211,569,24,545
48060212,307,5,302
48060214,593,5,588
48060215,1259,59,1200
48060216,1329,20,1309
48060229,551,74,477
48060230,652,9,643
48060232,376,20,356
48060233,534,10,524
48060234,363,41,322
48060235,428,0,428
48060237,674,8,666
48060238,381,11,370
48060239,1174,42,1132
48060240,399,12,387
48060241,230,11,219
48060242,568,14,554
48060243,479,9,470
48060244,337,7,330
48060245,680,15,665
48060246,278,17,261
48060252,560,0,560
48060254,805,0,805
48060256,613,5,608
48060261,400,0,400
48060264,723,19,704
48060265,545,27,518
48060267,547,5,542
48060268,396,15,381
48060269,457,3,454
48060270,471,29,442
48060271,369,27,342
48060272,501,0,501
48060273,624,19,605
48060274,614,0,614
48060275,424,10,414
48060276,376,10,366
48060277,438,22,416
48060278,534,13,521
48060281,1028,50,978
48060282,1284,10,1274
48060283,512,9,503
48060284,432,0,432
48060286,405,2,403
48060289,555,4,551
48060290,672,32,640
48060291,439,0,439
48060293,373,0,373
48060294,400,13,387
48060295,393,31,362
48060298,439,0,439
48060299,483,0,483
48060300,495,5,490
48060301,438,24,414
48060302,505,5,500
48060303,549,4,545
48060304,600,4,596
48060305,552,0,552
48060306,642,44,598
48060307,476,22,454
48060308,593,13,580
48060309,819,25,794
48060310,555,14,541
48060311,635,9,626
48060312,478,1,477
48060314,742,2,740
48060315,1599,39,1560
48060316,613,18,595
48060317,551,1,550
48060318,500,5,495
48060319,542,14,528
48060320,462,20,442
48060321,694,6,688
48060322,710,4,706
48060323,558,19,539
48060324,459,24,435
48060325,380,0,380
48060326,544,0,544
48060327,756,30,726
48060328,650,12,638
48060329,365,0,365
48060331,715,10,705
48060334,554,0,554
48060339,410,0,410
48060340,317,14,303
48060341,432,1,431
48060349,572,25,547
48060355,1076,12,1064
48060356,564,11,553
48060357,1582,16,1566
48060358,957,17,940
48060370,1200,5,1195
48060373,1010,29,981
48060374,533,15,518
48060375,461,19,442
48060377,338,21,317
48060378,629,3,626
48060379,807,38,769
48060380,485,12,473
48060381,556,14,542
48060382,365,22,343
48060383,419,20,399
48060384,598,12,586
48060385,723,17,706
48060386,301,25,276
48060387,647,5,642
48060388,482,5,477
48060389,410,3,407
48060390,324,6,318
48060391,388,9,379
48060392,894,37,857
48060393,707,51,656
48060394,276,27,249
48060395,867,34,833
48060396,233,7,226
48060397,316,0,316
48060398,626,12,614
48060399,780,21,759
48060400,666,44,622
48060401,490,15,475
48060402,781,50,731
48060403,562,158,404
48060404,360,13,347
48060405,662,26,636
48060406,392,26,366
48060407,441,6,435
48060408,521,15,506
48060409,394,11,383
48060410,644,20,624
48060411,642,5,637
48060412,796,42,754
48060413,597,34,563
48060414,882,22,860
48060415,675,7,668
48060416,637,17,620
48060417,702,13,689
48060418,531,8,523
48060419,581,28,553
48060420,684,55,629
48060421,475,0,475
48060422,451,5,446
48060423,560,13,547
48060424,480,6,474
48060425,472,6,466
48060426,512,14,498
48060427,590,7,583
48060428,636,8,628
48060429,438,4,434
48060430,841,32,809
48060431,659,1,658
48060432,569,3,566
48060433,537,0,537
48060434,674,7,667
48060435,714,2,712
48060436,552,20,532
48060437,620,2,618
48060438,433,6,427
48060439,793,34,759
48060440,599,42,557
48060441,671,10,661
48060442,611,22,589
48060443,749,8,741
48060444,917,7,910
48060445,472,3,469
48060446,852,19,833
48060447,813,43,770
48060448,567,0,567
48060450,488,9,479
48060452,399,0,399
48060453,292,0,292
48060454,829,5,824
48060455,789,27,762
48060456,806,7,799
48060457,542,4,538
48060458,596,24,572
48060492,881,0,881
48060493,261,0,261
48060494,650,32,618
48060495,595,0,595
48060496,678,32,646
48060497,438,5,433
48060498,443,15,428
48060499,1575,51,1524
48060500,1311,39,1272
48060501,475,0,475
48060502,546,1,545
48060505,564,10,554
48060506,623,14,609
48060508,598,80,518
48060509,459,23,436
48060510,318,0,318
48060511,556,30,526
48060512,451,12,439
48060513,1188,10,1178
48060514,752,21,731
48060516,339,13,326
48060518,999,26,973
48060519,407,18,389
48060520,757,15,742
48060521,488,8,480
48060522,299,0,299
48060523,922,0,922
48060524,581,23,558
48060525,477,4,473
48060526,1423,35,1388
48060527,299,0,299
48060528,439,0,439
48060529,486,0,486
48060530,508,44,464
48060531,438,9,429
48060532,854,37,817
48060533,627,30,597
48060534,392,10,382
48060535,409,65,344
48060536,489,7,482
48060538,1571,46,1525
48060539,685,13,672
48060540,449,0,449
48060541,430,0,430
48060542,574,0,574
48060543,738,0,738
48060544,328,4,324
48060545,489,2,487
48060546,487,5,482
48060547,395,1,394
48060548,411,7,404
48060549,703,0,703
48060550,602,10,592
48060551,567,5,562
48060552,491,30,461
48060553,627,23,604
48060554,588,7,581
48060555,762,1,761
48060556,656,4,652
48060557,789,9,780
48060558,647,5,642
48060559,723,19,704
48060560,656,29,627
48060561,832,34,798
48060562,1420,85,1335
48060563,589,1,588
48060564,588,14,574
48060565,518,1,517
48060566,627,1,626
48060567,707,6,701
48060568,599,22,577
48060569,706,6,700
48060570,983,32,951
48060571,672,30,642
48060572,802,33,769
48060573,708,43,665
48060574,742,22,720
48060575,716,11,705
48060576,508,31,477
48060577,589,69,520
48060578,703,9,694
48060579,666,19,647
48060580,758,28,730
48060581,462,0,462
48060582,758,20,738
48060583,773,47,726
48060584,571,24,547
48060585,541,6,535
48060586,554,11,543
48060587,674,29,645
48060588,627,4,623
48060589,761,30,731
48060590,504,35,469
48060591,528,0,528
48060592,588,5,583
48060593,536,9,527
48060594,686,19,667
48060595,1366,1,1365
48060596,383,0,383
48060597,647,22,625
48060598,1166,1,1165
48060599,478,12,466
48060600,614,37,577
48060601,509,16,493
48060602,587,19,568
48060603,720,23,697
48060604,1578,6,1572
48060605,269,0,269
48060606,2078,31,2047
48060607,2177,42,2135
48060608,1094,38,1056
48060609,888,30,858
48060610,446,9,437
48060611,782,18,764
48060612,980,23,957
48060613,624,0,624
48060614,466,4,462
48060615,629,2,627
48060616,712,14,698
48060617,489,12,477
48060618,499,16,483
48060619,633,10,623
48060620,587,13,574
48060621,656,24,632
48060622,730,19,711
48060623,546,22,524
48060624,537,33,504
48060625,967,39,928
48060626,617,10,607
48060627,636,12,624
48060628,1398,69,1329
48060629,823,14,809
48060630,517,36,481
48060631,577,39,538
48060632,671,47,624
48060633,600,49,551
48060634,345,17,328
48060635,616,15,601
48060636,373,26,347
48060637,974,27,947
48060638,655,26,629
48060639,561,18,543
48060640,1133,36,1097
48060643,1792,19,1773
48060644,419,8,411
48060645,1209,24,1185
48060646,376,0,376
48060647,626,10,616
48060648,329,16,313
48060649,728,32,696
48060650,788,19,769
48060651,471,23,448
48060652,2444,40,2404
48060654,826,3,823
48060655,824,8,816
48060656,631,4,627
48060660,1004,23,981
48060661,1158,21,1137
48060662,841,16,825
48060663,564,8,556
48060664,540,28,512
48060665,606,25,581
48060666,591,36,555
48060667,567,9,558
48060668,469,44,425
48060669,461,1,460
48060670,718,13,705
48060671,562,13,549
48060672,664,16,648
48060673,650,18,632
48060677,659,17,642
48060678,818,28,790
48060679,678,45,633
48060680,616,18,598
48060681,450,1,449
48060682,434,10,424
48060683,482,0,482
48060684,482,39,443
48060685,495,43,452
48060686,520,10,510
48060687,628,1,627
48060688,609,37,572
48060689,556,54,502
48060690,482,12,470
48060691,1232,19,1213
48060692,398,35,363
48060693,502,19,483
48060694,580,42,538
48060695,620,8,612
48060696,423,43,380
48060697,470,19,451
48060698,795,7,788
48060699,599,10,589
48060700,1088,35,1053
48060701,504,19,485
48060702,661,58,603
48060703,418,30,388
48060704,566,21,545
48060705,612,24,588
48060707,342,7,335
48060708,686,50,636
48060710,652,19,633
48060711,1919,18,1901
48060712,727,11,716
48060716,1022,15,1007
48060717,823,1,822
48060719,1445,0,1445
48060727,715,5,710
48060728,552,26,526
48060730,449,29,420
48060731,344,9,335
48060732,451,0,451
48060733,1420,59,1361
48060734,629,0,629
48060735,323,16,307
48060736,626,14,612
48060737,580,18,562
48060738,545,0,545
48060739,511,31,480
48060740,521,14,507
48060741,455,11,444
48060742,598,36,562
48060743,1036,1,1035
48060744,1052,13,1039
48060745,864,36,828
48060746,1088,2,1086
48060747,896,10,886
48060748,662,8,654
48060749,841,12,829
48060750,838,25,813
48060751,942,4,938
48060752,668,13,655
48060753,763,19,744
48060754,570,7,563
48060755,780,40,740
48060758,811,17,794
48060759,679,44,635
48060760,628,14,614
48060761,683,22,661
48060763,1625,55,1570
48060764,2018,13,2005
48060767,602,12,590
48060768,1046,45,1001
48060769,582,1,581
48060770,519,13,506
48060771,559,30,529
48060774,888,1,887
48060775,386,2,384
48060776,500,4,496
48060777,420,23,397
48060778,463,18,445
48060779,323,0,323
48060780,737,18,719
48060781,581,49,532
48060783,469,5,464
48060784,385,21,364
48060785,394,26,368
48060786,342,6,336
48060787,722,33,689
48060789,312,9,303
48060790,631,32,599
48060791,410,16,394
48060792,530,59,471
48060793,590,22,568
48060794,294,19,275
48060795,446,0,446
48060796,399,15,384
48060797,825,42,783
48060798,646,31,615
48060799,479,26,453
48060800,744,7,737
48060801,259,1,258
48060802,515,13,502
48060803,409,16,393
48060804,525,2,523
48060805,475,0,475
48060806,579,9,570
48060807,784,18,766
48060808,293,0,293
48060810,825,11,814
48060811,409,9,400
48060812,350,8,342
48060813,369,14,355
48060814,401,1,400
48060815,479,11,468
48060816,509,31,478
48060817,358,0,358
48060818,387,3,384
48060820,419,0,419
48060821,406,11,395
48060830,402,27,375
48060831,376,15,361
48060832,415,0,415
48060833,452,21,431
48060834,583,4,579
48060835,508,9,499
48060836,337,19,318
48060837,557,5,552
48060838,576,23,553
48060839,780,9,771
48060841,498,21,477
48060842,643,0,643
48060843,471,20,451
48060844,768,25,743
48060845,842,27,815
48060846,842,5,837
48060847,776,9,767
48060848,674,11,663
48060849,774,16,758
48060850,741,9,732
48060851,771,40,731
48060852,1169,18,1151
48060853,1157,32,1125
48060855,778,25,753
48060856,692,4,688
48060857,528,5,523
48060858,643,7,636
48060859,601,19,582
48060860,569,20,549
48060861,1123,52,1071
48060862,510,13,497
48060863,615,9,606
48060864,633,42,591
48060865,769,19,750
48060866,473,12,461
48060867,589,34,555
48060868,670,11,659
48060869,478,4,474
48060870,783,24,759
48060871,660,15,645
48060872,630,12,618
48060873,680,22,658
48060874,834,14,820
48060875,1065,11,1054
48060876,820,24,796
48060877,663,43,620
48060878,680,43,637
48060879,713,31,682
48060880,432,48,384
48060881,717,40,677
48060882,446,15,431
48060884,484,24,460
48060885,533,30,503
48060886,690,25,665
48060887,597,21,576
48060888,608,31,577
48060889,514,24,490
48060890,674,51,623
48060891,681,12,669
48060892,524,16,508
48060893,376,75,301
48060894,1189,5,1184
48060895,498,0,498
48060896,639,24,615
48060897,692,23,669
48060898,729,27,702
48060899,723,71,652
48060900,1193,41,1152
48060901,1759,112,1647
48060902,569,14,555
48060903,628,33,595
48060904,1054,74,980
48060905,378,18,360
48060906,545,38,507
48060907,286,21,265
48060908,387,33,354
48060909,854,32,822
48060910,610,33,577
48060911,507,67,440
48060912,468,131,337
48060913,474,66,408
48060914,490,16,474
48060915,409,15,394
48060916,462,32,430
48060917,558,34,524
48060918,159,4,155
48060919,508,38,470
48060920,507,53,454
48060921,544,78,466
48060922,874,39,835
48060923,606,57,549
48060924,745,62,683
48060925,458,36,422
48060926,481,12,469
48060927,396,31,365
48060928,1004,50,954
48060929,644,41,603
48060930,448,43,405
48060931,491,4,487
48060932,418,12,406
48060933,474,56,418
48060934,925,25,900
48060935,404,0,404
48060936,667,3,664
48060937,404,9,395
48060938,359,37,322
48060943,487,2,485
48060944,638,10,628
48060945,386,4,382
48060946,562,3,559
48060947,1226,27,1199
48060948,621,12,609
48060949,482,14,468
48060950,696,6,690
48060952,479,39,440
48060953,1044,35,1009
48060954,851,0,851
48060956,886,23,863
48060957,760,0,760
48060958,699,4,695
48060959,511,1,510
48060960,675,16,659
48060961,953,2,951
48060962,746,45,701
48060963,529,52,477
48060965,340,1,339
48060966,501,0,501
48060967,574,8,566
48060968,662,20,642
48060969,493,0,493
48060970,568,22,546
48060971,501,44,457
48060972,256,10,246
48060973,571,38,533
48060974,470,32,438
48060975,717,11,706
48060976,359,12,347
48060977,439,32,407
48060978,798,3,795
48060979,737,17,720
48060980,313,23,290
48060981,325,0,325
48060982,1131,3,1128
48060983,647,41,606
48060984,1015,46,969
48060985,828,9,819
48060986,503,11,492
48060987,451,54,397
48060988,625,23,602
48060989,493,15,478
48060990,583,65,518
48060991,310,9,301
48060992,688,19,669
48060993,330,8,322
48060994,716,30,686
48060995,471,9,462
48060996,526,56,470
48060997,585,50,535
48060998,755,41,714
48060999,679,52,627
48061000,1474,104,1370
48061001,356,15,341
48061005,539,18,521
48061006,996,42,954
48061007,351,20,331
48061008,273,12,261
48061009,558,6,552
48061010,431,7,424
48061011,567,9,558
48061012,422,6,416
48061013,975,26,949
48061014,487,28,459
48061015,558,0,558
48061016,524,3,521
48061017,295,2,293
48061018,610,6,604
48061019,524,43,481
48061020,696,65,631
48061021,577,1,576
48061022,696,39,657
48061023,696,11,685
48061024,470,28,442
48061025,593,26,567
48061026,626,61,565
48061027,451,13,438
48061028,521,9,512
48061029,452,17,435
48061030,374,11,363
48061031,647,18,629
48061032,600,55,545
48061033,683,52,631
48061034,549,9,540
48061035,638,21,617
48061036,683,104,579
48061038,728,22,706
48061039,977,32,945
48061040,704,11,693
48061041,893,96,797
48061042,526,11,515
48061043,566,25,541
48061044,393,19,374
48061045,304,13,291
48061046,399,31,368
48061047,381,41,340
48061048,308,6,302
48061049,435,2,433
48061050,942,33,909
48061051,442,27,415
48061052,441,28,413
48061053,590,8,582
48061054,374,2,372
48061055,722,31,691
48061056,463,30,433
48061057,409,0,409
48061058,289,4,285
48061059,447,11,436
48061060,1311,41,1270
48061061,616,36,580
48061062,670,51,619
48061063,612,30,582
48061064,620,27,593
48061065,541,20,521
48061067,845,5,840
48061068,648,19,629
48061069,1097,16,1081
48061070,432,9,423
48061071,375,18,357
48061072,582,63,519
48061073,531,20,511
48061076,995,54,941
48061077,1305,85,1220
48061078,425,0,425
48061079,375,0,375
48061080,977,68,909
48061081,1009,30,979
48061082,330,91,239
48061083,830,62,768
48061084,565,14,551
48061085,596,16,580
48061086,581,8,573
48061091,628,6,622
48061092,298,1,297
48061093,520,1,519
48061094,553,18,535
48061095,871,90,781
48061096,884,41,843
48061097,681,35,646
48061098,360,0,360
48061099,707,10,697
48061100,422,16,406
48061106,631,0,631
48061108,714,10,704
48061115,554,0,554
48061116,409,28,381
48061117,615,24,591
48061118,267,6,261
48061119,703,25,678
48061120,821,50,771
48061121,681,17,664
48061122,396,35,361
48061123,498,0,498
48061124,802,63,739
48061125,706,1,705
48061128,1346,23,1323
48061131,985,10,975
48061132,1319,104,1215
48061133,559,12,547
48061134,294,27,267
48061135,485,66,419
48061136,651,19,632
48061137,468,0,468
48061138,569,32,537
48061139,509,39,470
48061140,604,48,556
48061141,1087,84,1003
48061142,716,55,661
48061143,464,9,455
48061145,1105,96,1009
48061146,766,27,739
48061150,351,38,313
48061153,580,16,564
48061154,410,47,363
48061155,390,6,384
48061156,382,38,344
48061157,514,30,484
48061159,475,75,400
48061160,468,24,444
48061161,429,34,395
48061162,439,12,427
48061163,552,58,494
48061164,635,79,556
48061165,522,46,476
48061166,1098,169,929
48061167,543,17,526
48061168,361,43,318
48061169,325,32,293
48061170,572,13,559
48061171,423,30,393
48061172,1519,29,1490
48061173,371,13,358
48061174,486,59,427
48061175,527,50,477
48061176,715,5,710
48061177,890,75,815
48061178,472,36,436
48061179,336,12,324
48061180,765,109,656
48061181,602,30,572
48061182,1613,98,1515
48061183,556,11,545
48061184,341,15,326
48061185,392,10,382
48061186,965,36,929
48061187,372,21,351
48061188,804,76,728
48061189,532,30,502
48061190,695,70,625
48061191,1624,86,1538
48061192,749,71,678
48061193,651,51,600
48061201,696,8,688
48061202,178,0,178
48061203,1046,23,1023
48061204,465,21,444
48061205,442,3,439
48061206,350,0,350
48061207,411,34,377
48061208,607,42,565
48061209,489,38,451
48061210,652,23,629
48061211,686,36,650
48061212,550,21,529
48061213,516,28,488
48061214,395,5,390
48061215,629,28,601
48061216,651,83,568
48061217,405,17,388
48061218,570,10,560
48061220,666,0,666
48061221,422,22,400
48061222,861,46,815
48061225,377,19,358
48061226,758,24,734
48061227,1577,35,1542
48061228,227,39,188
48061230,1036,7,1029
48061231,1195,61,1134
48061232,453,0,453
48061233,603,28,575
48061234,827,10,817
48061235,672,4,668
48061236,1113,42,1071
48061240,490,32,458
48061241,672,0,672
48061242,235,2,233
48061243,460,0,460
48061244,826,5,821
48061245,374,8,366
48061246,441,0,441
48061247,1129,30,1099
48061248,1370,96,1274
48061249,758,13,745
48061250,951,33,918
48061252,466,21,445
48061253,579,27,552
48061256,276,39,237
48061257,535,3,532
48061258,987,50,937
48061259,504,5,499
48061260,624,5,619
48061261,274,12,262
48061262,483,2,481
48061263,472,39,433
48061264,422,14,408
48061265,502,6,496
48061266,543,2,541
48061267,374,3,371
48061268,814,6,808
48061269,458,14,444
48061271,343,20,323
48061272,707,0,707
48061273,337,19,318
48061274,376,8,368
48061275,423,9,414
48061276,373,15,358
48061277,443,7,436
48061278,589,9,580
48061279,544,27,517
48061280,479,9,470
48061281,498,23,475
48061282,732,15,717
48061283,588,43,545
48061284,468,12,456
48061285,374,14,360
48061286,627,11,616
48061287,597,34,563
48061288,618,26,592
48061289,1072,104,968
48061290,694,6,688
48061295,833,39,794
48061296,609,31,578
48061297,740,10,730
48061298,628,40,588
48061299,448,13,435
48061300,656,62,594
48061301,692,25,667
48061302,662,23,639
48061303,662,33,629
48061304,574,24,550
48061305,507,5,502
48061306,500,13,487
48061307,494,26,468
48061308,385,0,385
48061309,454,35,419
48061310,447,0,447
48061311,478,0,478
48061312,377,24,353
48061313,422,4,418
48061314,637,2,635
48061315,418,8,410
48061316,299,25,274
48061317,610,33,577
48061318,568,4,564
48061319,385,6,379
48061320,600,11,589
48061321,797,56,741
48061322,244,6,238
48061323,1094,58,1036
48061324,538,2,536
48061325,1208,12,1196
48061326,335,20,315
48061327,363,0,363
48061328,636,5,631
48061329,562,32,530
48061330,462,9,453
48061331,854,22,832
48061332,532,1,531
48061333,629,53,576
48061334,603,35,568
48061335,637,0,637
48061336,398,17,381
48061337,462,18,444
48061338,406,10,396
48061339,686,16,670
48061340,447,0,447
48061341,407,5,402
48061342,370,5,365
48061343,386,12,374
48061344,546,22,524
48061345,419,0,419
48061346,541,21,520
48061347,394,22,372
48061348,1138,30,1108
48061349,335,10,325
48061350,867,9,858
48061351,914,29,885
48061353,653,40,613
48061354,415,28,387
48061355,624,23,601
48061356,515,30,485
48061357,538,20,518
48061358,289,16,273
48061359,646,14,632
48061360,984,3,981
48061362,1037,45,992
48061363,472,17,455
48061364,332,1,331
48061365,678,21,657
48061367,1653,68,1585
48061368,397,3,394
48061370,1002,73,929
48061372,496,22,474
48061373,414,9,405
48061374,854,12,842
48061375,562,20,542
48061376,699,95,604
48061377,793,32,761
48061378,638,27,611
48061379,564,26,538
48061380,450,7,443
48061385,1382,32,1350
48061390,429,3,426
48061391,532,19,513
48061392,496,11,485
48061393,388,16,372
48061397,946,18,928
48061460,636,21,615
48061461,234,0,234
48061462,625,28,597
48061463,343,16,327
48061465,1179,35,1144
48061466,847,17,830
48061467,2146,30,2116
48061472,593,46,547
48061473,921,2,919
48061474,1009,41,968
48061475,1270,51,1219
48061476,554,49,505
48061477,526,6,520
48061478,523,23,500
48061479,566,0,566
48061480,553,16,537
48061481,504,20,484
48061482,371,10,361
48061483,294,11,283
48061484,501,26,475
48061485,0,0,0
48061486,506,96,410
48061487,699,8,691
48061488,774,1,773
48061489,447,30,417
48061490,514,0,514
48061491,689,18,671
48061492,793,13,780
48061493,926,16,910
48061494,424,12,412
48061495,361,43,318
48061496,582,0,582
48061497,425,6,419
48061501,794,49,745
48061502,316,19,297
48061503,582,26,556
48061504,553,22,531
48061506,1126,115,1011
48061508,536,31,505
48061513,1814,51,1763
48061516,503,2,501
48061517,910,27,883
48061518,529,37,492
48061522,689,48,641
48061523,659,24,635
48061556,1184,18,1166
48061557,526,8,518
48061559,1531,30,1501
48061560,1418,37,1381
48061561,1374,9,1365
48061564,1010,39,971
48061565,1077,97,980
48061566,1715,10,1705
48061567,1459,25,1434
48061568,1158,97,1061
48061569,1015,5,1010
48061570,1494,25,1469
48061571,1601,35,1566
48061572,1330,105,1225
48061573,1254,5,1249
48061574,1264,23,1241
48061575,901,20,881
48061576,1622,208,1414
48061577,1476,114,1362
48061578,1300,40,1260
48061579,1811,118,1693
48061580,976,52,924
48061581,1660,92,1568
48061582,1535,4,1531
48061583,2227,229,1998
48061584,1737,39,1698
48061585,1238,67,1171
48061586,1263,117,1146
48061588,705,30,675
48061589,1255,67,1188
48061597,728,13,715
48061598,565,0,565
48061599,673,16,657
48061600,1286,0,1286
48061601,279,0,279
48061602,740,0,740
48061603,345,7,338
48061604,510,5,505
48061605,1086,23,1063
48061606,449,18,431
48061607,619,1,618
48061608,320,12,308
48061609,1011,24,987
48061610,290,16,274
48061613,952,19,933
48061614,252,10,242
48061615,518,0,518
48061616,1097,78,1019
48061617,839,15,824
48061618,297,0,297
48061619,810,35,775
48061620,1312,46,1266
48061621,457,49,408
48061622,1487,83,1404
48061624,934,26,908
48061625,768,20,748
48061627,403,28,375
48061628,1219,58,1161
48061629,519,6,513
48061630,1691,98,1593
48061631,912,62,850
48061632,1045,25,1020
48061633,604,5,599
48061635,1178,80,1098
48061636,876,22,854
48061637,655,5,650
48061638,791,18,773
48061639,744,1,743
48061641,581,7,574
48061642,987,77,910
48061643,735,0,735
48061645,1738,90,1648
48061648,1099,11,1088
48061649,1301,56,1245
48061650,339,9,330
48061652,2791,50,2741
48061654,302,5,297
48061655,410,5,405
48061656,1705,19,1686
48061658,413,30,383
48061659,491,62,429
48061663,1420,15,1405
48061664,1192,6,1186
48061665,282,0,282
48061666,1257,27,1230
48061667,249,1,248
48061668,918,8,910
48061669,821,8,813
48061670,1356,66,1290
48061671,1444,10,1434
48061672,436,19,417
48061674,760,19,741
48061675,461,55,406
48061676,752,79,673
48061677,709,14,695
48061678,676,19,657
48061679,643,57,586
48061680,604,22,582
48061681,468,24,444
48061682,568,62,506
48061683,393,18,375
48061684,551,53,498
48061685,570,15,555
48061686,1394,9,1385
48061687,599,16,583
48061688,503,20,483
48061689,509,1,508
48061690,434,21,413
48061691,554,38,516
48061692,549,23,526
48061693,514,35,479
48061694,773,48,725
48061695,518,25,493
48061696,499,10,489
48061697,463,15,448
48061698,586,23,563
48061699,547,16,531
48061700,1290,39,1251
48061701,497,3,494
48061704,617,42,575
48061705,559,4,555
48061706,461,37,424
48061708,620,16,604
48061710,491,30,461
48061713,663,26,637
48061714,1331,68,1263
48061715,825,58,767
48061716,1701,18,1683
48061718,425,15,410
48061721,377,12,365
48061722,408,28,380
48061723,484,10,474
48061726,2417,36,2381
48061727,480,38,442
48061730,588,14,574
48061732,257,10,247
48061733,1072,40,1032
48061734,400,7,393
48061735,443,0,443
48061738,3254,236,3018
48061739,1167,93,1074
48061740,322,8,314
48061741,418,5,413
48061742,381,28,353
48061743,306,11,295
48061744,709,25,684
48061746,560,9,551
48061747,498,14,484
48061748,443,50,393
48061749,547,13,534
48061750,516,1,515
48061751,500,41,459
48061752,1731,6,1725
48061754,315,14,301
48061755,403,17,386
48061756,874,85,789
48061760,8214,385,7829
48061762,946,40,906
48061763,638,44,594
48061764,869,0,869
48061765,447,6,441
48061766,448,8,440
48061767,1244,11,1233
48061768,618,1,617
48061769,886,9,877
48061770,1940,9,1931
48061771,1189,16,1173
48061772,1063,0,1063
48061773,886,34,852
48061774,1439,22,1417
48061775,639,17,622
48061776,793,43,750
48061777,1455,20,1435
48061778,408,11,397
48061779,428,1,427
48061780,1162,30,1132
48061781,1638,18,1620
48061782,6072,103,5969
48061785,418,2,416
48061786,278,0,278
48061789,394,4,390
48061790,1547,21,1526
48061792,707,37,670
48061793,711,0,711
48061795,1569,40,1529
48061796,521,1,520
48061797,600,28,572
48061798,17991,108,17883
48061800,1361,0,1361
48061801,459,40,419
48061802,265,0,265
48061803,1500,9,1491
48061804,1281,25,1256
48061805,566,1,565
48061806,624,22,602
48061807,636,22,614
48061808,1347,27,1320
48061809,1082,0,1082
48061811,802,11,791
48061812,1682,42,1640
48061813,2743,53,2690
48061814,1853,12,1841
48061815,4362,96,4266
48061816,827,8,819
48061817,696,14,682
48061818,532,19,513
48061819,862,25,837
48061821,446,17,429
48061822,628,11,617
48061823,690,24,666
48061824,684,73,611
48061825,468,17,451
48061826,1189,94,1095
48061827,475,14,461
48061828,691,29,662
48061829,549,43,506
48061830,2802,148,2654
48061831,345,7,338
48061832,371,6,365
48061833,419,10,409
48061834,3220,94,3126
48061835,342,25,317
48061836,372,29,343
48061837,355,0,355
48061838,246,7,239
48061839,546,12,534
48061840,8316,184,8132
48061841,527,21,506
48061842,788,42,746
48061843,719,21,698
48061844,410,24,386
48061847,647,0,647
48061848,311,0,311
48061849,817,6,811
48061850,459,11,448
48061851,351,12,339
48061852,932,4,928
48061853,839,29,810
48061854,571,16,555
48061855,1753,0,1753
48061858,843,22,821
48061860,478,8,470
48061861,2217,36,2181
48061864,1075,0,1075
48061865,1969,54,1915
48061868,621,2,619
48061869,9704,98,9606
48061870,1007,0,1007
48061871,1356,9,1347
48061872,312,21,291
48061873,1276,27,1249
48061874,972,25,947
48061875,857,32,825
48061876,369,4,365
48061877,1657,39,1618
48061878,1666,8,1658
48061879,3552,59,3493
48061880,1530,32,1498
48061881,1543,0,1543
48061882,1372,20,1352
48061883,552,15,537
48061884,1598,12,1586
48061885,250,1,249
48061886,540,5,535
48061887,1012,1,1011
48061888,442,16,426
48061889,554,6,548
48061890,432,13,419
48061892,646,35,611
48061893,1378,31,1347
48061894,646,30,616
48061899,710,30,680
48061900,1015,123,892
48061901,563,5,558
48061902,830,30,800
48061903,611,1,610
48061904,569,17,552
48061905,1275,115,1160
48061906,952,33,919
48061907,395,7,388
48061908,630,625,5
48061909,0,0,0
48061911,325,2,323
48061912,463,12,451
48061913,513,25,488
48061914,600,9,591
48061915,917,29,888
48061916,717,11,706
48061917,1526,76,1450
48061918,719,7,712
48061919,945,8,937
48061920,2635,88,2547
48061921,774,88,686
48061922,442,25,417
48061923,341,28,313
48061924,778,65,713
48061925,5615,258,5357
48061926,510,44,466
48061927,1047,41,1006
48061928,776,67,709
48061929,796,8,788
48061930,2485,94,2391
48061931,7595,331,7264
48061932,488,19,469
48061933,589,35,554
48061934,440,12,428
48061935,539,23,516
48061936,521,36,485
48061937,1603,95,1508
48061938,816,7,809
48061939,850,0,850
48061940,900,32,868
48061941,1144,12,1132
48061942,3593,129,3464
48061945,2461,39,2422
48061946,1638,27,1611
48061947,349,0,349
48061949,670,14,656
48061951,368,35,333
48061953,374,1,373
48061956,588,65,523
48061957,630,5,625
48061958,596,13,583
48061959,663,30,633
48061963,2402,128,2274
48061964,1162,72,1090
48061965,2242,49,2193
48061966,501,24,477
48061967,608,7,601
48061969,2212,63,2149
48061971,1100,46,1054
48061972,713,22,691
48061974,259,8,251
48061980,1311,42,1269
48061981,9125,30,9095
48061982,849,30,819
48061986,817,11,806
48061987,1625,11,1614
48061988,1696,24,1672
48061989,1297,17,1280
48061990,684,0,684
48061991,466,0,466
48061992,1439,0,1439
48061993,1123,0,1123
48061994,974,12,962
48061995,802,1,801
48061996,772,0,772
48061997,1206,0,1206
48061999,6355,98,6257
48062001,1004,9,995
48062002,1251,24,1227
48062003,906,10,896
48062004,1947,28,1919
48062005,1260,4,1256
48062006,996,27,969
48062008,2035,88,1947
48062009,1187,30,1157
48062010,324,0,324
48062011,408,0,408
48062012,613,18,595
48062013,491,49,442
48062014,671,39,632
48062015,571,18,553
48062016,395,3,392
48062017,641,39,602
48062018,665,37,628
48062019,454,7,447
48062020,451,13,438
48062021,423,4,419
48062022,543,26,517
48062023,591,21,570
48062024,474,29,445
48062026,1531,39,1492
48062027,312,0,312
48062028,289,1,288
48062029,363,33,330
48062030,1208,6,1202
48062031,1628,1,1627
48062033,636,31,605
48062034,892,31,861
48062038,704,25,679
48062039,562,10,552
48062040,508,2,506
48062041,2343,102,2241
48062042,461,21,440
48062043,436,19,417
48062044,387,13,374
48062045,355,52,303
48062046,379,32,347
48062047,202,0,202
48062048,1127,75,1052
48062049,824,17,807
48062052,322,34,288
48062053,392,18,374
48062054,278,17,261
48062055,411,11,400
48062056,355,0,355
48062057,395,17,378
48062058,637,38,599
48062059,522,1,521
48062060,258,1,257
48062061,337,7,330
48062062,370,27,343
48062063,450,5,445
48062064,967,15,952
48062065,594,1,593
48062067,682,0,682
48062068,1412,23,1389
48062069,1359,14,1345
48062070,455,0,455
48062071,565,37,528
48062072,1628,21,1607
48062074,459,5,454
48062076,337,12,325
48062077,737,0,737
48062078,753,2,751
48062080,1137,42,1095
48062083,756,12,744
48062084,817,15,802
48062085,446,63,383
48062086,414,16,398
48062087,802,57,745
48062088,1173,60,1113
48062089,6006,273,5733
48062090,1267,50,1217
48062091,693,25,668
48062092,573,64,509
48062093,640,36,604
48062094,696,29,667
48062095,456,61,395
48062096,751,52,699
48062097,751,68,683
48062098,532,12,520
48062099,628,38,590
48062100,509,19,490
48062101,678,20,658
48062102,467,24,443
48062103,633,42,591
48062104,608,30,578
48062105,423,1,422
48062106,469,47,422
48062107,460,32,428
48062108,463,6,457
48062109,415,6,409
48062110,816,13,803
48062111,745,34,711
48062112,605,1,604
48062113,692,60,632
48062114,914,54,860
48062115,428,16,412
48062116,398,106,292
48062117,1425,71,1354
48062118,426,27,399
48062119,1109,85,1024
48062120,612,26,586
48062121,272,10,262
48062122,603,10,593
48062123,1391,50,1341
48062124,274,10,264
48062125,417,40,377
48062126,546,4,542
48062127,543,2,541
48062128,600,26,574
48062129,671,4,667
48062130,717,4,713
48062131,633,12,621
48062132,567,25,542
48062133,644,27,617
48062134,531,3,528
48062135,607,24,583
48062136,1147,37,1110
48062137,654,57,597
48062138,973,4,969
48062139,840,4,836
48062140,498,0,498
48062141,1722,13,1709
48062142,2275,88,2187
48062143,1938,53,1885
48062144,1502,15,1487
48062145,938,46,892
48062146,748,37,711
48062147,1021,9,1012
48062148,1195,11,1184
48062149,1008,29,979
48062150,644,29,615
48062151,883,13,870
48062152,1028,33,995
48062153,527,9,518
48062154,1731,15,1716
48062155,1291,40,1251
48062156,1442,12,1430
48062157,1285,20,1265
48062158,354,0,354
48062159,1001,14,987
48062160,1091,10,1081
48062161,861,1,860
48062162,890,15,875
48062163,746,22,724
48062164,628,0,628
48062165,500,14,486
48062166,2935,62,2873
48062167,981,9,972
48062168,1025,26,999
48062169,701,17,684
48062170,2186,74,2112
48062171,2937,89,2848
48062172,2306,53,2253
48062173,3090,94,2996
48062174,2481,160,2321
48062175,428,14,414
48062176,524,8,516
48062177,713,26,687
48062178,1126,44,1082
48062179,2339,35,2304
48062180,1652,56,1596
48062181,763,11,752
48062182,963,13,950
48062183,889,15,874
48062184,635,0,635
48062185,399,0,399
48062186,995,0,995
48062187,863,38,825
48062188,641,7,634
48062189,1110,36,1074
48062190,828,15,813
48062191,1094,19,1075
48062192,560,18,542
48062193,1014,90,924
48062194,2918,45,2873
48062195,2385,70,2315
48062196,1606,4,1602
48062197,1238,44,1194
48062198,755,28,727
48062199,1112,37,1075
48062200,13045,301,12744
48062201,1156,1,1155
48062202,699,0,699
48062203,535,31,504
48062204,469,1,468
48062205,1099,7,1092
48062206,627,2,625
48062207,688,5,683
48062208,620,6,614
48062209,834,0,834
48062210,960,10,950
48062211,860,5,855
48062212,537,12,525
48062213,1040,26,1014
48062214,992,34,958
48062215,1111,10,1101
48062216,770,21,749
48062217,504,0,504
48062218,947,19,928
48062219,917,2,915
48062220,727,8,719
48062221,1261,11,1250
48062222,1310,22,1288
48062223,2883,42,2841
48062224,1658,23,1635
48062225,1116,57,1059
48062226,674,2,672
48062227,753,3,750
48062228,856,6,850
48062229,644,0,644
48062230,815,6,809
48062231,1265,0,1265
48062232,638,8,630
48062233,836,14,822
48062234,1040,3,1037
48062235,523,0,523
48062236,720,10,710
48062237,437,1,436
48062238,710,14,696
48062239,397,11,386
48062240,897,27,870
48062241,1822,57,1765
48062242,2021,34,1987
48062243,624,16,608
48062244,529,7,522
48062245,3267,72,3195
48062246,310,48,262
48062247,1740,9,1731
48062248,1933,53,1880
48062250,709,7,702
48062252,1636,38,1598
48062254,1543,62,1481
48062256,1168,55,1113
48062258,689,7,682
48062259,1013,21,992
48062260,942,73,869
48062261,627,9,618
48062262,1315,10,1305
48062263,369,15,354
48062264,782,3,779
48062265,908,0,908
48062267,8119,160,7959
48062268,989,46,943
48062269,1011,30,981
48062270,2288,32,2256
48062271,1092,52,1040
48062273,1499,79,1420
48062274,3493,76,3417
48062275,645,10,635
48062276,1466,30,1436
48062277,1007,3,1004
48062278,997,18,979
48062279,1368,15,1353
48062280,1382,0,1382
48062281,681,11,670
48062282,1119,33,1086
48062283,1095,15,1080
48062286,969,27,942
48062287,639,10,629
48062288,1721,60,1661
48062289,20539,38,20501
48062290,1455,20,1435
48062293,1037,50,987
48062294,989,15,974
48062295,1745,30,1715
48062296,1449,13,1436
48062297,2777,138,2639
48062298,3518,39,3479
48062299,4349,21,4328
48062300,4279,22,4257
48062301,1247,29,1218
48062302,1792,18,1774
48062303,5880,30,5850
48062304,10803,191,10612
48062305,845,43,802
48062306,432,0,432
48062307,987,5,982
48062308,831,19,812
48062309,743,9,734
48062310,586,15,571
48062311,417,0,417
48062312,991,11,980
48062313,624,2,622
48062314,656,22,634
48062315,697,0,697
48062316,929,37,892
48062317,1901,84,1817
48062318,717,56,661
48062319,454,28,426
48062324,1041,15,1026
48062325,1193,47,1146
48062326,505,9,496
48062327,1324,58,1266
48062328,2642,235,2407
48062329,1539,55,1484
48062330,1088,53,1035
48062331,11522,288,11234
48062334,1053,43,1010
48062335,339,23,316
48062336,457,8,449
48062337,748,40,708
48062338,922,38,884
48062339,1469,3,1466
48062340,941,39,902
48062341,3424,40,3384
48062343,10979,289,10690
48062344,660,12,648
48062345,979,2,977
48062346,2421,97,2324
48062347,1306,2,1304
48062348,1469,73,1396
48062349,7493,255,7238
48062351,25966,579,25387
48062353,425,9,416
48062354,501,31,470
48062355,2439,87,2352
48062356,1268,8,1260
48062358,1574,76,1498
48062360,1059,49,1010
48062363,1380,3,1377
48062364,908,24,884
48062366,3728,52,3676
48062367,1123,23,1100
48062368,410,1,409
48062370,392,47,345
48062371,1284,21,1263
48062372,1267,36,1231
48062373,1331,8,1323
48062374,1559,56,1503
48062375,1060,20,1040
48062376,2011,53,1958
48062378,885,54,831
48062379,454,1,453
48062380,702,15,687
48062382,501,5,496
48062383,1132,32,1100
48062384,694,47,647
48062385,603,2,601
48062386,854,36,818
48062387,470,4,466
48062388,504,4,500
48062389,858,12,846
48062390,413,0,413
48062393,86,6,80
48062394,452,34,418
48062395,110,0,110
48062396,1676,20,1656
48062398,1093,1,1092
48062399,128,12,116
48062400,967,11,956
48062402,322,9,313
48062403,288,42,246
48062404,538,39,499
48062405,472,11,461
48062407,364,0,364
48062408,377,2,375
48062409,176,9,167
48062410,310,30,280
48062411,184,16,168
48062412,378,15,363
48062413,51,7,44
48062414,580,12,568
48062415,1462,36,1426
48062416,330,0,330
48062417,343,9,334
48062419,1278,45,1233
48062421,1068,80,988
48062422,2127,144,1983
48062423,1600,55,1545
48062424,1489,169,1320
48062425,2658,126,2532
48062427,1333,21,1312
48062428,2313,81,2232
48062429,875,40,835
48062430,3816,91,3725
48062431,1537,24,1513
48062432,2652,61,2591
48062433,2392,120,2272
48062434,2070,154,1916
48062440,754,27,727
48062441,1221,71,1150
48062444,5,3,2
48062445,0,0,0
48062446,0,0,0
48062447,435,34,401
48062449,568,24,544
48062452,316,15,301
48062454,850,25,825
48062455,803,0,803
48062456,3331,102,3229
48062457,688,1,687
48062459,543,0,543
48062461,282,20,262
48062464,458,0,458
48062466,534,0,534
48062468,669,54,615
48062469,490,1,489
48062470,5552,248,5304
48062471,7532,274,7258
48062472,4426,201,4225
48062473,4353,164,4189
48062475,5298,230,5068
48062476,1064,5,1059
48062477,136,103,33
48062479,663,629,34
48070101,393,0,393
48070102,279,3,276
48070103,0,0,0
48070104,364,24,340
48070105,365,21,344
48070106,426,7,419
48070107,460,20,440
48070108,481,43,438
48070109,472,4,468
48070110,436,0,436
48070111,362,15,347
48070112,506,6,500
48070113,257,38,219
48070114,514,25,489
48070115,389,0,389
48070116,519,24,495
48070117,529,20,509
48070118,529,18,511
48070119,398,32,366
48070120,384,21,363
48070121,469,32,437
48070122,506,36,470
48070123,428,14,414
48070124,454,34,420
48070125,498,23,475
48070126,457,6,451
48070127,1490,61,1429
48070128,508,29,479
48070129,418,7,411
48070130,521,40,481
48070131,400,28,372
48070132,466,56,410
48070133,200,3,197
48070134,372,11,361
48070135,245,29,216
48070136,209,14,195
48070137,459,42,417
48070138,437,35,402
48070139,529,16,513
48070140,503,2,501
48070141,417,28,389
48070142,431,21,410
48070143,390,10,380
48070144,491,24,467
48070145,331,18,313
48070146,641,19,622
48070147,398,33,365
48070148,504,31,473
48070149,468,0,468
48070150,333,17,316
48070151,147,12,135
48070152,447,4,443
48070153,434,5,429
48070154,379,33,346
48070155,482,29,453
48070156,106,4,102
48070157,353,15,338
48070158,42,9,33
48070159,339,8,331
48070160,554,5,549
48070161,501,46,455
48070162,486,0,486
48070163,480,17,463
48070164,492,1,491
48070165,313,5,308
48070167,513,6,507
48070168,889,4,885
48070169,418,32,386
48070170,432,11,421
48070172,344,14,330
48070173,625,15,610
48070175,125,12,113
48070176,85,11,74
48070177,438,24,414
48070178,206,3,203
48070179,470,3,467
48070180,207,0,207
48070181,310,24,286
48070182,337,32,305
48070183,288,33,255
48070184,392,34,358
48070185,461,42,419
48070186,394,45,349
48070187,380,20,360
48070188,157,0,157
48070190,133,13,120
48070193,450,48,402
48070196,584,17,567
48070198,969,70,899
48070199,450,17,433
48070203,420,18,402
48070204,431,19,412
48080072,321,0,321
48080073,468,16,452
48080074,303,10,293
48080075,647,111,536
48080076,511,35,476
48080077,408,8,400
48080078,421,38,383
48080079,485,42,443
48080080,476,41,435
48080081,591,37,554
48080082,557,7,550
48080083,549,5,544
48080084,749,19,730
48080087,1806,76,1730
48080088,465,4,461
48080089,556,3,553
48080090,495,38,457
48080091,471,18,453
48080092,533,50,483
48080093,442,7,435
48080094,648,54,594
48080095,667,27,640
48080096,372,17,355
48080097,523,29,494
48080098,557,32,525
48080099,601,51,550
48080100,606,53,553
48080101,340,38,302
48080102,700,56,644
48080103,383,42,341
48080104,672,76,596
48080105,629,0,629
48080106,588,52,536
48080107,216,25,191
48080109,291,3,288
48080110,452,34,418
48080111,546,45,501
48080112,463,58,405
48080113,449,11,438
48080114,511,20,491
48080115,485,12,473
48080116,742,61,681
48080117,411,27,384
48080118,430,27,403
48080119,520,52,468
48080122,475,21,454
48080123,704,78,626
48080124,293,0,293
48080125,404,13,391
48080126,337,24,313
48080127,514,43,471
48080128,464,21,443
48080135,2479,170,2309
48080136,429,27,402
48080137,496,82,414
48080138,469,42,427
48080139,391,31,360
48080140,859,69,790
48080141,353,31,322
48080142,686,76,610
48080143,358,7,351
48080144,1052,78,974
48080145,773,37,736
48080146,554,13,541
48080147,497,2,495
48080148,554,4,550
48080149,788,37,751
48080150,450,4,446
48080151,363,18,345
48080152,616,33,583
48080153,935,10,925
48080154,293,15,278
48080155,892,95,797
48080156,365,26,339
48080157,409,26,383
48080158,819,101,718
48080159,1197,149,1048
48080160,568,5,563
48080161,658,80,578
48080162,585,49,536
48080163,434,31,403
48080164,3204,74,3130
48080165,270,1,269
48080167,379,14,365
48080168,377,45,332
48080169,424,1,423
48080235,2918,89,2829
48080236,550,47,503
48080238,426,14,412
48080239,316,50,266
48080240,354,11,343
48080243,676,6,670
48080244,633,23,610
48080245,491,9,482
48080246,522,23,499
48080247,530,41,489
48080248,457,12,445
48080249,425,45,380
48080250,411,24,387
48080251,616,37,579
48080254,399,36,363
48080255,577,43,534
48080269,989,67,922
48080271,363,33,330
48080272,472,21,451
48080273,499,24,475
48080274,506,5,501
48080275,514,2,512
48080276,645,43,602
48080277,462,17,445
48080278,745,73,672
48080279,709,79,630
48080280,776,18,758
48080281,165,11,154
48080283,450,24,426
48080285,509,5,504
48080286,577,15,562
48080287,197,12,185
48080290,457,59,398
48080291,1236,88,1148
48080292,803,108,695
48080298,366,11,355
48080299,548,28,520
48080300,699,10,689
48080301,483,41,442
48080303,696,43,653
48080305,1376,42,1334
48080308,567,44,523
48080309,777,61,716
48080310,689,51,638
48080312,458,33,425
48080313,497,16,481
48080317,426,19,407
48080318,447,18,429
48080319,2501,128,2373
48080320,442,32,410
48080321,442,14,428
48080322,400,70,330
48080323,416,21,395
48080324,570,32,538
48080325,446,9,437
48080328,615,73,542
48080331,470,33,437
48080332,582,28,554
48080333,229,11,218
48080335,293,6,287
48080336,44,0,44
48080337,357,50,307
48080338,559,39,520
48080339,489,25,464
48080340,482,42,440
48080341,408,42,366
48080343,511,24,487
48080344,482,10,472
48080345,580,2,578
48080346,568,27,541
48080347,666,35,631
48080351,403,14,389
48080352,1050,52,998
48080353,671,24,647
48080355,355,0,355
48080356,391,10,381
48080357,397,17,380
48080358,661,12,649
48080359,311,7,304
48080360,453,26,427
48080361,321,39,282
48080362,527,32,495
48080363,439,34,405
48080364,419,37,382
48080365,597,0,597
48080366,510,0,510
48080367,634,11,623
48080368,568,5,563
48080369,371,0,371
48080370,533,3,530
48080371,582,36,546
48080372,291,8,283
48080373,485,4,481
48080374,900,76,824
48080375,392,8,384
48080376,458,8,450
48080377,326,31,295
48080378,402,18,384
48080379,598,61,537
48080380,544,61,483
48080381,598,32,566
48080382,749,21,728
48080383,618,1,617
48080384,409,27,382
48080386,1009,46,963
48080387,1320,56,1264
48080388,1361,58,1303
48080389,472,39,433
48080390,339,4,335
48080391,444,17,427
48080392,489,5,484
48080393,428,6,422
48080394,376,32,344
48080395,416,11,405
48080398,407,4,403
48080399,416,10,406
48080400,1122,46,1076
48080401,485,33,452
48080402,336,23,313
48080403,515,65,450
48080405,456,12,444
48080406,797,35,762
48080407,623,0,623
48080408,402,16,386
48080409,367,13,354
48080410,816,37,779
48080413,537,55,482
48080414,505,63,442
48080415,901,143,758
48080416,427,0,427
48080417,524,40,484
48080418,386,46,340
48080419,457,56,401
48080420,523,40,483
48080421,522,86,436
48080422,468,4,464
48080423,392,58,334
48080424,664,7,657
48080425,458,4,454
48080426,305,12,293
48080427,655,38,617
48080428,647,645,2
48080429,25,18,7
48080430,526,524,2
48080431,392,379,13
48080432,295,280,15
48080433,1048,1035,13
48080434,424,423,1
48080435,578,577,1
48080436,539,4,535
48080437,578,51,527
48080438,294,293,1
48080439,525,10,515
48080440,430,13,417
48080442,377,26,351
48080443,374,37,337
48080444,480,19,461
48080445,630,14,616
48080446,496,31,465
48080447,485,11,474
48080448,482,0,482
48080449,668,28,640
48080450,87,1,86
48080451,123,3,120
48080452,371,0,371
48080453,380,29,351
48080454,694,55,639
48080455,508,31,477
48080456,471,3,468
48080457,386,0,386
48080458,739,58,681
48080459,503,35,468
48080460,1177,21,1156
48080461,441,28,413
48080462,528,28,500
48080463,890,20,870
48080464,679,13,666
48080465,984,2,982
48080466,764,52,712
48080467,286,30,256
48080468,209,21,188
48080469,269,11,258
48080470,381,6,375
48080471,1757,41,1716
48080472,606,19,587
48080473,670,59,611
48080474,688,5,683
48080475,587,5,582
48080476,2072,173,1899
48080477,1057,26,1031
48080478,954,33,921
48080479,520,24,496
48080480,531,24,507
48080481,930,45,885
48080482,584,0,584
48080483,530,9,521
48080484,1141,57,1084
48080485,1544,34,1510
48080486,1830,55,1775
48080487,1096,57,1039
48080489,2200,80,2120
48080490,985,28,957
48080491,996,7,989
48080492,602,5,597
48080493,1185,106,1079
48080495,1308,130,1178
48080496,727,65,662
48080497,849,104,745
48080500,728,73,655
48080503,334,33,301
48080504,2593,236,2357
48080505,579,65,514
48080506,256,18,238
48080507,4832,371,4461
48080508,362,34,328
48080509,424,4,420
48080514,1184,117,1067
48080516,1430,60,1370
48080517,462,5,457
48080518,504,52,452
48080520,714,49,665
48080521,361,34,327
48080522,557,5,552
48080523,5724,254,5470
48080524,662,9,653
48080525,422,0,422
48080526,67,0,67
48080529,1016,37,979
48080530,1465,98,1367
48080531,468,10,458
48080533,1038,80,958
48080534,408,0,408
48080535,206,9,197
48080536,784,111,673
48080537,632,25,607
48080538,314,29,285
48080540,488,30,458
48080541,517,42,475
48080542,569,3,566
48080544,665,57,608
48080545,474,5,469
48080547,543,10,533
48080548,560,4,556
48080551,1388,87,1301
48080552,479,39,440
48080556,1042,22,1020
48080557,3394,248,3146
48080558,1389,115,1274
48090046,550,549,1
48090047,825,803,22
48090048,336,328,8
48090049,530,25,505
48090050,659,19,640
48090051,547,32,515
48090052,579,69,510
48090053,591,45,546
48090054,609,17,592
48090055,557,7,550
48090056,458,0,458
48090057,503,4,499
48090058,609,62,547
48090059,327,31,296
48090060,602,45,557
48090061,417,51,366
48090062,467,5,462
48090063,499,57,442
48090064,581,111,470
48090065,431,55,376
48090066,1205,49,1156
48090067,542,40,502
48090068,516,50,466
48090069,461,42,419
48090070,1081,70,1011
48090071,701,24,677
48090072,518,44,474
48090073,339,23,316
48090074,531,4,527
48090075,563,38,525
48090076,487,38,449
48090077,436,7,429
48090078,553,13,540
48090079,449,24,425
48090080,463,10,453
48090081,541,31,510
48090082,428,19,409
48090083,329,21,308
48090084,17,2,15
48090085,506,35,471
48090086,312,299,13
48100195,427,42,385
48100196,607,1,606
48100200,4,0,4
48100201,952,26,926
48100202,574,35,539
48100203,671,67,604
48100204,474,28,446
48100205,447,34,413
48100206,374,20,354
48100207,641,36,605
48100208,395,27,368
48100209,514,15,499
48100210,444,46,398
48100211,467,64,403
48100212,327,14,313
48100213,414,20,394
48100214,381,36,345
48100215,604,51,553
48100216,157,9,148
48100217,431,16,415
48100218,388,40,348
48100219,394,17,377
48100220,669,45,624
48100221,386,59,327
48100222,367,25,342
48100223,292,1,291
48100224,417,0,417
48100225,566,29,537
48100226,561,2,559
48100227,616,44,572
48100228,658,49,609
48100229,579,53,526
48100230,696,62,634
48100231,666,38,628
48100232,644,15,629
48100233,483,48,435
48100234,1270,53,1217
48100235,1560,55,1505
48100236,616,6,610
48100237,621,11,610
48100238,1598,52,1546
48100239,394,6,388
48100240,614,8,606
48100241,927,52,875
48100242,455,23,432
48100243,663,42,621
48100244,640,30,610
48100245,226,23,203
48100246,557,0,557
48100249,679,6,673
48100250,151,41,110
48100251,214,19,195
48100252,645,0,645
48100253,388,13,375
48100254,380,6,374
48100255,570,16,554
48100256,500,2,498
48100257,463,15,448
48100258,191,1,190
48100259,442,6,436
48100260,468,32,436
48100261,443,23,420
48100262,322,0,322
48100263,390,38,352
48100264,315,7,308
48100265,420,0,420
48100266,477,61,416
48100267,371,2,369
48100268,556,6,550
48100269,411,19,392
48100270,392,45,347
48100271,447,33,414
48100272,577,29,548
48100273,567,15,552
48100274,613,40,573
48100275,534,55,479
48100276,484,31,453
48100277,437,35,402
48100278,531,12,519
48100279,609,78,531
48100280,386,29,357
48100281,839,48,791
48100282,457,57,400
48100283,616,5,611
48100284,308,17,291
48100285,350,18,332
48100286,432,16,416
48100287,688,27,661
48100288,768,14,754
48100289,491,10,481
48100290,707,8,699
48100291,583,13,570
48100292,322,24,298
48100293,498,10,488
48100294,80,13,67
48100295,497,9,488
48100296,451,8,443
48100297,384,8,376
48100298,229,48,181
48100299,453,20,433
48100300,580,86,494
48100301,430,18,412
48100302,461,28,433
48100303,498,6,492
48100304,488,26,462
48100305,612,30,582
48100306,960,145,815
48100307,933,57,876
48100308,704,25,679
48100309,0,0,0
48100310,309,32,277
48100311,89,19,70
48100312,373,62,311
48100313,428,38,390
48100314,395,31,364
48100315,434,30,404
48100316,410,45,365
48100317,383,30,353
48100318,348,32,316
48100319,963,95,868
48100320,5508,383,5125
48100321,414,69,345
48100322,412,51,361
48100323,458,32,426
48100324,415,41,374
48100325,441,54,387
48100326,599,59,540
48100327,396,46,350
48100328,409,38,371
48100329,488,34,454
48100330,436,57,379
48100331,410,25,385
48100332,471,49,422
48100333,3493,415,3078
48100334,794,94,700
48100335,684,60,624
48100336,184,30,154
48100337,518,3,515
48100338,258,9,249
48100339,122,20,102
48100340,405,6,399
48100341,189,21,168
48100342,330,15,315
48100343,394,0,394
48100344,431,1,430
48100345,361,5,356
48100346,454,7,447
48100347,505,2,503
48100348,433,0,433
48100349,362,17,345
48100350,440,17,423
48100351,833,81,752
48100352,419,29,390
48100353,401,7,394
48100354,257,24,233
48100355,724,102,622
48100356,0,0,0
48100357,510,3,507
48100358,487,30,457
48100359,554,62,492
48100360,338,59,279
48100361,219,215,4
48100362,594,10,584
48100363,188,20,168
48100364,385,0,385
48100365,469,3,466
48100366,583,5,578
48100367,596,4,592
48100368,937,47,890
48100369,529,73,456
48100371,536,55,481
48100372,680,66,614
48100377,547,33,514
48100380,544,1,543
48100382,278,5,273
48100383,795,65,730
48100384,398,28,370
48100388,755,54,701
48100389,658,104,554
48100390,801,9,792
48110083,770,105,665
48110084,22,1,21
48110085,587,61,526
48110086,416,57,359
48110087,255,10,245
48110088,331,27,304
48110089,572,53,519
48110090,442,80,362
48110091,418,17,401
48110092,380,26,354
48110093,464,84,380
48110094,582,8,574
48110095,533,16,517
48110096,508,64,444
48110097,483,60,423
48110098,459,60,399
48110099,467,81,386
48110100,467,5,462
48110101,504,26,478
48110102,474,58,416
48110103,547,44,503
48110104,511,79,432
48110105,484,94,390
48110106,598,106,492
48110107,613,85,528
48110108,450,65,385
48110109,535,170,365
48110110,611,90,521
48110111,547,36,511
48110112,591,53,538
48110113,708,120,588
48110114,784,92,692
48110115,532,20,512
48110116,529,79,450
48110117,601,67,534
48110118,565,39,526
48110119,535,98,437
48110120,971,94,877
48110121,751,131,620
48110122,473,37,436
48110123,603,169,434
48110124,613,74,539
48110125,687,58,629
48110126,729,25,704
48110127,568,106,462
48110130,554,20,534
48110131,716,55,661
48110132,1593,70,1523
48110133,983,82,901
48110134,378,63,315
48110135,412,97,315
48110136,653,203,450
48110137,385,15,370
48110139,813,42,771
48110140,633,86,547
48110141,248,0,248
48110142,698,25,673
48110144,859,36,823
48110145,495,10,485
48110146,656,52,604
48110148,446,16,430
48110149,375,24,351
48110150,1297,53,1244
48110151,1509,45,1464
48110152,555,19,536
48110153,949,95,854
48110154,951,6,945
48110155,733,50,683
48110156,365,23,342
48110157,805,87,718
48110158,553,10,543
48110159,1019,8,1011
48110160,555,15,540
48110161,1333,55,1278
48110163,567,7,560
48110164,493,9,484
48110165,478,26,452
48110166,691,33,658
48110167,667,20,647
48110169,654,50,604
48110170,511,37,474
48110171,720,20,700
48110172,668,52,616
48110173,993,76,917
48110174,694,27,667
48110176,548,46,502
48110177,542,94,448
48110178,525,11,514
48110179,511,11,500
48110180,467,30,437
48110181,576,97,479
48110182,523,16,507
48110183,607,87,520
48110184,575,39,536
48110185,397,3,394
48110186,700,86,614
48110187,470,15,455
48110188,508,29,479
48110189,664,52,612
48110190,613,24,589
48110191,706,15,691
48110192,692,42,650
48110193,513,35,478
48110194,523,58,465
48110195,641,48,593
48110196,768,37,731
48110197,1173,54,1119
48110198,710,26,684
48110199,636,87,549
48110200,1084,48,1036
48110201,1544,134,1410
48110202,1143,63,1080
48110203,742,90,652
48110205,656,112,544
48110206,634,30,604
48110207,492,83,409
48110208,929,96,833
48110209,495,40,455
48110210,365,73,292
48110211,426,30,396
48110212,358,33,325
48110213,1081,141,940
48110214,427,62,365
48110215,429,44,385
48110216,589,96,493
48110217,800,48,752
48110218,606,45,561
48110219,500,73,427
48110220,456,48,408
48110221,496,174,322
48110222,435,37,398
48110223,473,87,386
48110224,880,52,828
48110225,415,22,393
48110226,622,21,601
48110227,475,69,406
48110228,574,11,563
48110229,630,36,594
48110230,728,133,595
48110231,671,88,583
48110232,562,48,514
48110233,583,45,538
48110234,724,158,566
48110235,589,84,505
48110236,573,70,503
48110237,454,59,395
48110238,819,119,700
48110239,712,44,668
48110240,609,54,555
48110241,556,133,423
48110242,561,140,421
48110243,585,109,476
48110244,478,92,386
48110245,536,42,494
48110246,529,66,463
48110247,769,75,694
48110248,440,52,388
48110249,576,28,548
48110250,514,90,424
48110251,541,21,520
48110252,491,30,461
48110253,487,33,454
48110254,465,32,433
48110255,571,27,544
48110256,555,72,483
48110257,467,56,411
48110258,401,32,369
48110259,518,92,426
48110260,452,56,396
48110261,797,52,745
48110262,491,27,464
48110263,474,34,440
48110264,557,47,510
48110265,546,60,486
48110266,1171,69,1102
48110267,274,2,272
48110268,1057,45,1012
48110269,527,32,495
48110270,741,17,724
48110271,657,25,632
48110272,2419,54,2365
48110273,295,12,283
48110274,1033,126,907
48110277,764,84,680
48110280,1264,115,1149
48110281,656,20,636
48110284,440,46,394
48110286,587,36,551
48110287,301,1,300
48110288,1077,83,994
48110289,306,11,295
48110290,1077,31,1046
48110291,1157,119,1038
48110292,456,21,435
48110293,797,25,772
48110294,816,24,792
48110295,636,91,545
48110296,905,73,832
48110297,641,54,587
48110298,399,52,347
48110299,3981,153,3828
48110300,424,23,401
48110301,338,25,313
48110302,333,18,315
48110303,697,28,669
48110304,293,3,290
48110305,401,29,372
48110306,538,28,510
48110307,360,9,351
48110308,978,12,966
48110309,901,63,838
48110310,695,21,674
48110311,321,7,314
48110314,670,12,658
48110315,592,6,586
48110316,598,86,512
48110317,444,13,431
48110318,773,125,648
48110319,699,85,614
48110320,253,64,189
48110321,399,2,397
48110322,1261,184,1077
48110323,477,71,406
48110324,263,7,256
48110325,747,63,684
48110326,683,46,637
48110327,453,18,435
48110328,436,12,424
48110329,630,82,548
48110330,509,16,493
48110331,536,47,489
48110332,593,53,540
48110333,553,21,532
48110334,462,27,435
48110335,473,27,446
48110336,541,122,419
48110337,546,42,504
48110338,578,107,471
48110339,553,133,420
48110340,450,26,424
48110341,509,21,488
48110342,654,25,629
48110343,477,16,461
48110344,471,0,471
48110345,348,15,333
48110346,349,9,340
48110347,302,25,277
48110348,1213,46,1167
48110349,702,55,647
48110350,579,23,556
48110351,395,11,384
48110352,389,24,365
48110353,567,11,556
48110354,533,47,486
48110355,548,62,486
48110356,510,90,420
48110357,513,77,436
48110358,567,41,526
48110359,715,58,657
48110360,494,60,434
48110361,589,73,516
48110362,526,88,438
48110363,595,69,526
48110364,529,144,385
48110365,624,35,589
48110366,502,64,438
48110367,696,110,586
48110368,813,109,704
48110369,744,96,648
48110370,545,44,501
48110371,584,39,545
48110372,428,25,403
48110373,560,57,503
48110374,506,88,418
48110375,1054,217,837
48110376,624,95,529
48110377,508,102,406
48110378,769,135,634
48110379,396,55,341
48110380,16,5,11
48110381,587,37,550
48110382,540,85,455
48110383,400,30,370
48110384,537,41,496
48110385,485,42,443
48110386,555,27,528
48110387,1790,146,1644
48110388,619,62,557
48110389,709,43,666
48110390,471,5,466
48110391,770,92,678
48110392,839,81,758
48110393,1122,106,1016
48110394,674,51,623
48110395,2020,132,1888
48110396,533,46,487
48110397,753,83,670
48110398,584,71,513
48110399,1128,249,879
48110400,1391,18,1373
48110401,1333,75,1258
48110402,435,52,383
48110403,1136,29,1107
48110404,543,29,514
48110405,794,38,756
48110406,695,17,678
48110408,372,16,356
48110410,662,63,599
48110412,401,3,398
48110415,724,76,648
48110416,277,38,239
48110417,659,95,564
48110418,596,39,557
48110419,606,9,597
48110420,783,36,747
48110421,421,99,322
48110422,655,121,534
48110423,647,61,586
48110424,712,114,598
48110425,592,70,522
48110426,814,80,734
48110438,277,27,250
48110439,1696,102,1594
48110441,281,16,265
48110442,749,62,687
48110443,551,76,475
48110444,973,77,896
48110445,374,7,367
48110446,1003,44,959
48110447,430,17,413
48110448,883,114,769
48110449,259,20,239
48110451,435,36,399
48110633,672,54,618
48110634,249,34,215
48110635,511,1,510
48110636,565,52,513
48110637,602,28,574
48110638,911,93,818
48110639,862,27,835
48110640,464,11,453
48110641,743,20,723
48110642,312,0,312
48110643,652,13,639
48110644,462,1,461
48110645,494,14,480
48110646,442,28,414
48110647,662,36,626
48110648,458,26,432
48110649,475,27,448
48110650,636,4,632
48110651,644,42,602
48110652,991,53,938
48110653,464,7,457
48110654,1070,103,967
48110655,304,0,304
48110657,745,47,698
48110658,1254,34,1220
48110659,414,4,410
48110660,356,0,356
48110661,532,23,509
48110663,963,42,921
48110664,436,27,409
48110666,597,38,559
48110667,1088,92,996
48110668,278,0,278
48110669,264,19,245
48110674,951,19,932
48110675,527,14,513
48110676,299,4,295
48110677,258,1,257
48110679,1052,19,1033
48110681,614,46,568
48110682,794,94,700
48110683,522,39,483
48110684,734,6,728
48110685,1005,24,981
48110687,835,30,805
48110688,614,17,597
48110689,681,10,671
48110692,282,37,245
48110693,665,70,595
48110694,1054,41,1013
48110695,1090,65,1025
48110698,619,24,595
48110699,489,11,478
48110700,674,22,652
48110701,517,0,517
48110702,811,38,773
48110703,830,9,821
48110705,620,29,591
48110706,575,5,570
48110707,397,13,384
48110708,724,15,709
48110709,605,68,537
48110711,1203,71,1132
48110712,281,1,280
48110713,404,0,404
48110714,491,15,476
48110715,572,10,562
48110716,788,10,778
48110717,789,41,748
48110718,352,6,346
48110719,1111,75,1036
48110720,353,60,293
48110721,420,25,395
48110722,364,24,340
48110726,774,36,738
48110727,1219,86,1133
48110728,388,37,351
48110729,712,13,699
48110730,726,52,674
48110731,595,52,543
48110732,354,1,353
48110733,617,0,617
48110735,884,43,841
48110736,1183,38,1145
48110737,1087,19,1068
48110738,490,29,461
48110742,516,14,502
48110743,775,6,769
48110744,691,48,643
48110745,577,17,560
48110746,606,72,534
48110747,475,11,464
48110748,537,39,498
48110749,541,65,476
48110750,656,67,589
48110751,948,27,921
48110752,801,49,752
48110753,542,56,486
48110754,547,4,543
48110755,340,48,292
48110756,501,22,479
48110757,530,44,486
48110758,584,26,558
48110759,804,73,731
48110760,550,53,497
48110765,849,48,801
48110767,562,69,493
48110768,462,56,406
48110769,393,8,385
48110770,520,9,511
48110771,484,29,455
48110772,504,5,499
48110773,479,49,430
48110774,416,10,406
48110775,300,17,283
48110776,473,5,468
48110777,731,79,652
48110778,725,62,663
48110779,566,20,546
48110780,750,55,695
48110785,485,11,474
48110786,424,21,403
48110787,520,67,453
48110788,523,60,463
48110789,601,45,556
48110790,538,38,500
48110791,395,31,364
48110792,474,22,452
48110793,405,34,371
48110794,263,12,251
48110795,712,121,591
48110796,618,108,510
48110797,737,193,544
48110798,640,28,612
48110799,550,28,522
48110800,408,29,379
48110801,557,129,428
48110802,636,11,625
48110803,634,73,561
48110804,451,39,412
48110805,474,18,456
48110806,561,24,537
48110807,534,32,502
48110808,584,26,558
48110809,611,55,556
48110810,466,25,441
48110811,565,53,512
48110812,532,35,497
48110813,493,34,459
48110814,496,32,464
48110815,483,23,460
48110818,592,81,511
48110819,424,28,396
48110820,532,27,505
48110821,682,9,673
48110822,483,36,447
48110823,424,3,421
48110824,433,35,398
48110825,381,52,329
48110826,521,24,497
48110827,748,102,646
48110828,784,33,751
48110829,636,24,612
48110830,746,18,728
48110831,753,59,694
48110832,498,40,458
48110833,466,11,455
48110834,583,41,542
48110835,638,56,582
48110836,621,7,614
48110837,776,50,726
48110838,606,31,575
48110839,536,42,494
48110840,460,47,413
48110841,485,29,456
48110842,615,59,556
48110843,734,118,616
48110844,395,40,355
48110845,700,48,652
48110846,37,14,23
48110847,1097,25,1072
48110848,550,17,533
48110849,678,11,667
48110850,1103,61,1042
48110851,566,1,565
48110852,500,29,471
48110853,331,3,328
48110854,642,19,623
48110855,679,32,647
48110856,742,40,702
48110857,658,42,616
48110858,570,34,536
48110859,624,60,564
48110860,526,25,501
48110861,573,3,570
48110862,824,16,808
48110866,694,23,671
48110867,732,12,720
48110868,883,24,859
48110869,719,14,705
48110870,615,23,592
48110871,533,18,515
48110872,688,19,669
48110873,536,9,527
48110874,728,14,714
48110875,539,15,524
48110876,624,4,620
48110877,641,48,593
48110878,570,27,543
48110879,507,48,459
48110880,508,8,500
48110881,537,12,525
48110882,261,0,261
48110883,667,17,650
48110884,737,36,701
48110885,434,23,411
48110886,504,8,496
48110887,662,47,615
48110889,573,59,514
48110890,857,56,801
48110891,720,56,664
48110892,854,45,809
48110893,1389,45,1344
48110894,418,25,393
48110895,522,12,510
48110896,372,3,369
48110897,482,15,467
48110898,1057,0,1057
48110899,745,19,726
48110900,515,13,502
48110901,384,30,354
48110902,736,5,731
48110903,483,4,479
48110904,452,28,424
48110905,732,22,710
48110906,705,30,675
48110907,831,38,793
48110908,314,11,303
48110909,534,9,525
48110910,675,18,657
48110911,415,16,399
48110912,421,11,410
48110913,675,55,620
48110921,1691,50,1641
48110923,1129,161,968
48110924,523,25,498
48110929,263,0,263
48110930,988,35,953
48110931,718,40,678
48110932,737,73,664
48110933,724,33,691
48110934,588,21,567
48110935,577,6,571
48110936,709,0,709
48110937,549,1,548
48110943,871,22,849
48110944,394,20,374
48110945,466,7,459
48110946,534,24,510
48110947,312,6,306
48110948,1208,70,1138
48110949,529,8,521
48110950,1025,9,1016
48110951,838,14,824
48110952,1000,81,919
48110953,517,18,499
48110954,501,15,486
48110955,292,3,289
48110956,788,17,771
48110957,1739,32,1707
48110958,351,16,335
48110960,661,10,651
48110961,243,0,243
48110962,1198,58,1140
48110965,474,1,473
48110966,433,0,433
48110967,453,0,453
48110968,340,0,340
48110971,1014,11,1003
48110974,573,11,562
48110975,509,2,507
48110977,671,9,662
48110978,474,18,456
48110979,1082,16,1066
48110980,448,16,432
48110981,542,8,534
48110982,594,18,576
48110983,726,0,726
48110984,403,7,396
48110985,341,12,329
48110986,666,42,624
48110987,1122,27,1095
48110989,844,42,802
48110991,594,2,592
48110992,761,13,748
48110993,403,0,403
48110994,992,36,956
48110995,975,44,931
48110996,713,0,713
48110997,649,3,646
48110998,464,9,455
48110999,683,18,665
48111000,487,1,486
48111001,334,37,297
48111002,892,35,857
48111003,1824,265,1559
48111006,950,129,821
48111007,802,71,731
48111008,615,16,599
48111009,522,24,498
48111010,549,30,519
48111013,532,30,502
48111014,1076,15,1061
48111016,669,25,644
48111017,288,11,277
48111021,435,14,421
48111022,468,14,454
48111023,280,83,197
48111024,250,14,236
48111025,1107,42,1065
48111026,455,26,429
48111027,511,44,467
48111028,1050,110,940
48111029,714,4,710
48111030,1089,69,1020
48111035,748,35,713
48111036,594,60,534
48111037,358,7,351
48111038,958,34,924
48111039,316,27,289
48111041,675,84,591
48111042,389,24,365
48111043,706,17,689
48111045,678,9,669
48111046,1300,101,1199
48111047,702,65,637
48111048,1051,28,1023
48111049,382,2,380
48111050,691,18,673
48111051,541,11,530
48111052,452,7,445
48111053,491,18,473
48111054,317,1,316
48111055,313,11,302
48111056,628,5,623
48111057,582,0,582
48111058,632,31,601
48111059,491,0,491
48111060,541,39,502
48111061,531,26,505
48111062,399,0,399
48111063,1471,95,1376
48111064,749,10,739
48111065,486,37,449
48111066,666,96,570
48111067,663,39,624
48111068,578,66,512
48111069,343,9,334
48111070,447,35,412
48111071,552,62,490
48111072,538,128,410
48111073,577,65,512
48111074,687,7,680
48111075,528,5,523
48111076,592,37,555
48111077,555,31,524
48111078,490,64,426
48111079,760,20,740
48111080,826,35,791
48111081,536,27,509
48111082,523,9,514
48111083,605,7,598
48111084,504,7,497
48111086,439,14,425
48111087,567,22,545
48111088,590,4,586
48111089,491,34,457
48111090,688,64,624
48111091,705,69,636
48111092,716,51,665
48111093,637,61,576
48111094,547,55,492
48111095,344,32,312
48111096,506,0,506
48111097,632,42,590
48111098,528,16,512
48111099,474,8,466
48111100,548,5,543
48111101,574,30,544
48111102,750,25,725
48111103,582,71,511
48111104,603,43,560
48111106,1,0,1
48111107,1481,99,1382
48111108,689,37,652
48111109,734,73,661
48111110,601,39,562
48111111,1057,108,949
48111113,541,26,515
48111114,636,44,592
48111115,710,61,649
48111116,876,91,785
48111117,555,64,491
48111119,1000,63,937
48111124,53,16,37
48111125,534,42,492
48111126,460,27,433
48111127,569,74,495
48111128,554,73,481
48111129,436,59,377
48111130,605,66,539
48111131,588,100,488
48111132,703,121,582
48111133,465,32,433
48111134,599,87,512
48111135,669,176,493
48111136,595,78,517
48111137,656,27,629
48111138,791,82,709
48111139,561,55,506
48111140,645,68,577
48111141,520,34,486
48111142,618,26,592
48111143,594,2,592
48111144,960,117,843
48111145,766,22,744
48111147,572,20,552
48111148,459,10,449
48111149,839,22,817
48111150,497,42,455
48111152,941,91,850
48111153,517,180,337
48111154,734,78,656
48111155,260,10,250
48111156,475,14,461
48111157,1292,149,1143
48111158,430,9,421
48111159,395,23,372
48111160,590,66,524
48111161,25,5,20
48111162,571,0,571
48111163,580,2,578
48111164,234,45,189
48111165,690,119,571
48111167,458,18,440
48111168,477,20,457
48111169,557,36,521
48111171,402,18,384
48111172,743,37,706
48111173,585,83,502
48111174,451,65,386
48111176,799,64,735
48111180,1160,78,1082
48111181,460,54,406
48111182,734,49,685
48111183,584,16,568
48111184,839,15,824
48111185,1117,82,1035
48111187,401,66,335
48111188,780,69,711
48111189,401,5,396
48111190,534,10,524
48111192,572,52,520
48111193,519,36,483
48111194,506,9,497
48111195,694,0,694
48111202,1875,49,1826
48111203,2520,87,2433
48111205,916,10,906
48111206,722,1,721
48111207,371,1,370
48111208,742,5,737
48111209,537,20,517
48111210,449,18,431
48111244,0,0,0
48111247,715,18,697
48111248,324,1,323
48111249,1035,89,946
48111250,497,38,459
48111251,588,86,502
48111260,197,0,197
48111261,665,16,649
48111262,487,36,451
48111263,429,33,396
48111265,608,59,549
48111266,641,89,552
48111268,684,56,628
48111269,480,45,435
48111270,451,46,405
48111271,426,25,401
48111272,423,55,368
48111273,784,29,755
48111275,436,24,412
48111276,469,41,428
48111277,551,5,546
48111278,589,78,511
48111279,482,29,453
48111280,736,30,706
48111281,524,19,505
48111282,657,35,622
48111283,511,9,502
48111284,618,9,609
48111285,454,7,447
48111286,321,77,244
48111287,870,46,824
48111288,792,10,782
48111294,1354,64,1290
48111295,315,19,296
48111296,342,23,319
48111297,469,20,449
48111298,576,19,557
48111299,933,16,917
48111300,341,0,341
48111301,519,0,519
48111302,501,10,491
48111303,515,45,470
48111304,825,86,739
48111305,655,16,639
48111306,521,16,505
48111307,1068,47,1021
48111308,550,28,522
48111309,1036,116,920
48111310,418,33,385
48111311,628,20,608
48111312,1104,59,1045
48111313,785,11,774
48111314,410,36,374
48111315,763,39,724
48111316,558,49,509
48111317,853,38,815
48111318,1263,46,1217
48111319,1004,10,994
48111320,543,14,529
48111321,586,5,581
48111322,479,1,478
48111323,602,6,596
48111324,706,14,692
48111325,600,21,579
48111326,694,18,676
48111327,1163,5,1158
48111328,903,13,890
48111329,382,4,378
48111330,458,11,447
48111331,394,0,394
48111332,494,34,460
48111333,509,25,484
48111334,423,49,374
48111335,425,38,387
48111336,1117,84,1033
48111371,569,21,548
48111372,441,31,410
48111373,483,38,445
48111433,685,78,607
48111434,271,10,261
48111435,871,64,807
48111436,904,43,861
48111438,647,15,632
48111442,639,17,622
48111443,257,34,223
48111444,1090,88,1002
48111445,337,60,277
48111446,735,98,637
48111447,764,66,698
48111448,548,39,509
48111449,594,45,549
48111451,550,131,419
48111452,569,24,545
48111453,502,55,447
48111454,478,89,389
48111455,940,91,849
48111456,680,66,614
48111457,624,95,529
48111458,570,67,503
48111459,578,42,536
48111460,341,4,337
48111461,418,22,396
48111462,766,7,759
48111463,427,31,396
48111464,545,11,534
48111465,491,31,460
48111466,413,23,390
48111467,750,113,637
48111468,559,41,518
48111469,496,81,415
48111471,650,14,636
48111475,1451,111,1340
48111476,480,16,464
48111477,666,107,559
48111478,1339,68,1271
48111479,416,12,404
48111480,218,25,193
48111495,880,79,801
48111496,1032,112,920
48111497,1185,259,926
48111499,1044,89,955
48111500,1161,91,1070
48111501,2007,230,1777
48111502,1052,48,1004
48111503,1457,6,1451
48111504,1506,23,1483
48111505,810,89,721
48111506,439,20,419
48111507,691,30,661
48111508,1067,171,896
48111509,348,3,345
48111510,273,21,252
48111511,907,9,898
48111512,591,34,557
48111513,828,6,822
48111514,695,12,683
48111515,425,7,418
48111516,382,0,382
48111517,319,0,319
48111518,930,39,891
48111519,422,14,408
48111520,258,3,255
48111521,539,11,528
48111522,461,24,437
48111523,261,21,240
48111524,241,2,239
48111525,361,0,361
48111526,357,0,357
48111527,346,72,274
48111528,838,100,738
48111529,695,53,642
48111530,737,24,713
48111531,831,56,775
48111532,418,22,396
48111533,285,48,237
48111534,915,57,858
48111536,1222,11,1211
48111537,1054,63,991
48111538,608,18,590
48111539,771,63,708
48111540,1023,19,1004
48111541,1457,111,1346
48111543,891,0,891
48111544,611,7,604
48111545,698,17,681
48111546,822,64,758
48111547,475,12,463
48111548,583,81,502
48111549,761,84,677
48111550,661,77,584
48111551,516,41,475
48111552,669,20,649
48111553,544,62,482
48111554,399,29,370
48111555,519,29,490
48111556,507,14,493
48111557,863,142,721
48111558,988,75,913
48111559,500,12,488
48111560,484,46,438
48111561,551,53,498
48111562,503,57,446
48111563,546,52,494
48111564,511,97,414
48111565,411,0,411
48111566,8704,436,8268
48111567,784,78,706
48111568,532,21,511
48111569,540,51,489
48111570,894,52,842
48111571,1134,60,1074
48111572,699,38,661
48111573,508,8,500
48111574,497,0,497
48111575,946,84,862
48111576,458,7,451
48111577,592,3,589
48111578,476,5,471
48111579,558,71,487
48111580,563,15,548
48111581,6921,575,6346
48111582,811,26,785
48111583,459,28,431
48111585,560,49,511
48111586,427,98,329
48111587,1512,113,1399
48111588,1061,56,1005
48111589,599,53,546
48111590,522,33,489
48111591,404,12,392
48111592,2407,182,2225
48111593,1940,77,1863
48111594,1187,121,1066
48111595,802,17,785
48111597,841,69,772
48111598,481,52,429
48111599,743,119,624
48111601,375,11,364
48111602,1157,26,1131
48111603,746,25,721
48111604,576,17,559
48111605,794,18,776
48111606,650,41,609
48111607,447,30,417
48111608,764,19,745
48111609,471,6,465
48111610,589,35,554
48111611,808,42,766
48111612,519,14,505
48111613,494,19,475
48111614,697,32,665
48111615,911,55,856
48111616,477,20,457
48111617,1023,6,1017
48111618,878,40,838
48111619,879,45,834
48111620,1027,46,981
48111621,429,1,428
48111622,1072,27,1045
48111624,521,32,489
48111625,458,48,410
48111626,453,21,432
48111627,493,36,457
48111628,480,4,476
48111629,493,14,479
48111630,544,6,538
48111631,478,17,461
48111632,470,11,459
48111633,467,5,462
48111634,1246,8,1238
48111635,515,52,463
48111636,366,36,330
48111637,410,29,381
48111638,960,25,935
48111639,554,63,491
48111640,301,15,286
48111641,723,10,713
48111642,499,16,483
48111643,566,51,515
48111644,464,31,433
48111645,491,17,474
48111646,611,11,600
48111647,842,15,827
48111648,1085,19,1066
48111649,1560,43,1517
48111650,711,20,691
48111651,912,28,884
48111652,693,46,647
48111653,1105,31,1074
48111654,694,21,673
48111655,1016,16,1000
48111656,6076,369,5707
48111657,487,21,466
48111658,576,25,551
48111659,626,13,613
48111660,851,6,845
48111661,575,36,539
48111662,402,2,400
48111663,393,0,393
48111664,457,9,448
48111665,596,52,544
48111666,535,52,483
48111667,649,20,629
48111668,478,12,466
48111669,839,26,813
48111670,463,18,445
48111671,479,31,448
48111672,504,35,469
48111673,548,18,530
48111674,570,36,534
48111675,415,0,415
48111676,1002,9,993
48111677,588,47,541
48111678,616,27,589
48111679,446,53,393
48111680,571,14,557
48111681,501,33,468
48111682,390,28,362
48111683,470,29,441
48111684,439,7,432
48111685,686,5,681
48111686,648,56,592
48111687,654,53,601
48111688,824,48,776
48111689,469,8,461
48111690,728,49,679
48111691,808,14,794
48111692,781,6,775
48111693,972,28,944
48111694,636,97,539
48111695,635,44,591
48111696,1064,26,1038
48111697,1153,24,1129
48111698,589,15,574
48111699,1901,87,1814
48111700,626,12,614
48111701,451,17,434
48111702,613,32,581
48111703,583,70,513
48111704,681,63,618
48111705,422,45,377
48111708,380,20,360
48111709,2083,37,2046
48111710,1972,156,1816
48111711,808,41,767
48111712,341,17,324
48111713,778,64,714
48111714,524,60,464
48111715,710,83,627
48111716,962,56,906
48111717,522,5,517
48111718,395,17,378
48111719,564,6,558
48111720,810,59,751
48111721,259,6,253
48111722,760,11,749
48111723,591,18,573
48111724,836,31,805
48111725,688,14,674
48111726,3860,103,3757
48111727,741,42,699
48111728,603,25,578
48111729,402,14,388
48111730,4730,328,4402
48111731,591,27,564
48111732,544,11,533
48111734,580,22,558
48111735,538,25,513
48111740,495,14,481
48111741,517,7,510
48111742,517,49,468
48111743,554,30,524
48111744,438,85,353
48111745,595,5,590
48111746,453,46,407
48111747,542,12,530
48111748,673,21,652
48111749,811,47,764
48111750,603,40,563
48111751,777,77,700
48111752,910,69,841
48111753,512,88,424
48111754,434,43,391
48111755,966,147,819
48111756,775,48,727
48111757,444,89,355
48111758,649,83,566
48111759,704,106,598
48111760,491,68,423
48111761,484,146,338
48111762,589,107,482
48111763,555,66,489
48111764,374,49,325
48111765,766,85,681
48111766,448,38,410
48111767,367,29,338
48111768,575,17,558
48111769,563,141,422
48111770,535,76,459
48111771,657,101,556
48111772,852,154,698
48111773,2809,2800,9
48111774,189,182,7
48111775,1012,1007,5
48111776,466,41,425
48111777,532,16,516
48111778,614,21,593
48111779,432,423,9
48111780,115,11,104
48111781,541,66,475
48111782,73,5,68
48111783,34,2,32
48111784,174,32,142
48111785,24,2,22
48111786,589,52,537
48111787,73,26,47
48111788,668,34,634
48111789,1078,190,888
48111790,667,19,648
48111791,522,36,486
48111792,586,15,571
48111793,404,9,395
48111794,868,42,826
48111795,555,47,508
48111796,582,45,537
48111797,632,28,604
48111798,613,25,588
48111799,578,10,568
48111802,660,41,619
48111803,639,45,594
48111804,548,22,526
48111805,441,40,401
48111806,445,44,401
48111807,596,61,535
48111808,496,53,443
48111809,599,68,531
48111810,363,10,353
48111811,811,27,784
48111812,700,91,609
48111813,695,85,610
48111814,681,32,649
48111815,590,15,575
48111816,499,6,493
48111817,676,24,652
48111818,857,56,801
48111819,544,40,504
48111820,528,20,508
48111821,614,70,544
48111822,476,46,430
48111823,530,10,520
48111825,1716,7,1709
48111826,383,47,336
48111827,494,24,470
48111828,393,32,361
48111829,439,4,435
48111830,430,127,303
48111831,607,51,556
48111833,471,0,471
48111835,569,51,518
48111836,497,34,463
48111837,1619,155,1464
48111838,540,34,506
48111839,415,51,364
48111840,645,50,595
48111841,419,27,392
48111842,799,54,745
48111843,610,60,550
48111844,634,5,629
48111845,653,47,606
48111846,559,19,540
48111847,829,60,769
48111848,785,28,757
48111849,963,41,922
48111850,1058,21,1037
48111851,603,38,565
48111854,1179,47,1132
48111855,2326,256,2070
48111856,272,17,255
48111857,2976,172,2804
48111858,852,38,814
48111859,626,53,573
48111860,813,91,722
48111861,579,59,520
48111862,758,59,699
48111863,1055,43,1012
48111865,786,106,680
48111868,459,42,417
48111869,675,37,638
48111870,362,9,353
48111871,2322,163,2159
48111872,1418,87,1331
48111873,580,60,520
48111874,945,115,830
48111875,508,109,399
48111876,620,66,554
48111877,887,39,848
48111878,1826,66,1760
48111880,864,24,840
48111882,532,56,476
48111883,746,57,689
48111884,647,74,573
48111886,1605,35,1570
48111889,806,33,773
48111890,600,34,566
48111891,737,51,686
48111892,592,36,556
48111893,543,5,538
48111894,504,27,477
48111895,540,11,529
48111897,644,12,632
48111898,910,29,881
48111899,484,30,454
48111900,546,15,531
48111901,1062,14,1048
48111902,476,14,462
48111903,535,56,479
48111904,552,5,547
48111908,462,11,451
48111909,537,9,528
48111910,427,11,416
48111911,815,33,782
48111913,537,37,500
48111914,1875,25,1850
48111915,685,11,674
48111916,818,11,807
48111917,427,43,384
48111918,574,45,529
48111919,432,35,397
48111920,716,23,693
48111921,494,23,471
48111922,481,38,443
48111923,1089,57,1032
48111924,532,39,493
48111925,823,40,783
48111926,469,23,446
48111927,408,45,363
48111928,419,9,410
48111929,548,70,478
48111930,552,19,533
48111931,602,12,590
48111932,352,23,329
48111933,621,7,614
48111934,881,21,860
48111935,573,10,563
48111936,391,32,359
48111937,448,35,413
48111938,578,16,562
48111939,1828,24,1804
48111940,446,9,437
48111941,553,8,545
48111942,577,35,542
48111943,634,33,601
48111944,1268,105,1163
48111945,498,17,481
48111946,606,27,579
48111947,737,7,730
48111948,1258,16,1242
48111949,830,26,804
48111950,621,49,572
48111951,633,31,602
48111952,586,18,568
48111953,681,74,607
48111954,480,24,456
48111955,490,32,458
48111956,505,8,497
48111957,611,23,588
48111958,638,16,622
48111959,3492,110,3382
48111960,1814,129,1685
48111961,609,50,559
48111962,410,32,378
48111963,729,35,694
48111964,613,15,598
48111965,446,9,437
48111966,963,57,906
48111967,1063,45,1018
48111968,477,0,477
48111970,7479,181,7298
48111972,1108,42,1066
48111974,862,44,818
48111975,981,9,972
48111976,791,51,740
48111977,921,194,727
48111978,1303,122,1181
48111979,991,28,963
48111980,4838,177,4661
48111981,1295,1267,28
48111982,780,630,150
48111984,1109,76,1033
48111985,1826,52,1774
48111986,620,64,556
48111987,549,86,463
48111988,0,0,0
48111989,598,110,488
48111990,773,42,731
48111991,574,12,562
48111992,682,43,639
48111993,483,55,428
48111994,2542,252,2290
48111995,537,45,492
48111996,818,58,760
48111997,433,50,383
48111998,94,7,87
48111999,595,29,566
48112000,447,32,415
48112001,1167,168,999
48112002,658,66,592
48112003,2791,203,2588
48112004,670,59,611
48112005,569,32,537
48112006,677,47,630
48112007,624,93,531
48112008,792,770,22
48112009,361,354,7
48112010,715,115,600
48112011,723,49,674
48112012,633,41,592
48112013,571,54,517
48112014,658,42,616
48112015,841,88,753
48112016,0,0,0
48112017,726,721,5
48112018,1117,1116,1
48112019,10,5,5
48112020,16,1,15
48112022,9,4,5
48112023,718,62,656
48112024,33,4,29
48112025,872,5,867
48112026,644,48,596
48112028,680,35,645
48112029,8,2,6
48112030,186,0,186
48112031,1009,114,895
48112032,747,68,679
48112033,955,81,874
48112034,1015,78,937
48112037,534,77,457
48112038,552,17,535
48112039,443,62,381
48112040,1724,121,1603
48112042,432,27,405
48112043,654,28,626
48112048,984,91,893
48112049,1019,45,974
48112050,1460,103,1357
48112051,734,42,692
48112052,597,6,591
48112053,546,11,535
48112054,751,76,675
48112055,405,12,393
48112056,539,18,521
48112057,1119,20,1099
48112058,932,57,875
48112059,811,76,735
48112060,5,3,2
48112061,781,25,756
48112062,115,10,105
48112063,120,1,119
48112064,47,3,44
48112065,38,3,35
48112066,651,53,598
48112067,785,50,735
48112068,589,65,524
48112069,827,29,798
48112070,618,8,610
48112071,553,21,532
48112072,667,2,665
48112073,462,29,433
48112074,793,38,755
48112075,859,39,820
48112076,307,9,298
48112077,419,12,407
48112078,460,2,458
48112079,398,14,384
48112080,411,33,378
48112081,315,0,315
48112082,519,41,478
48112083,433,103,330
48112084,525,40,485
48112085,558,81,477
48112086,593,6,587
48112087,396,66,330
48112088,1118,101,1017
48112090,786,53,733
48112092,497,5,492
48112093,372,4,368
48112094,1010,53,957
48112095,1138,101,1037
48112096,491,5,486
48112097,603,19,584
48112099,477,5,472
48112100,889,10,879
48112101,503,15,488
48112102,423,2,421
48112103,541,8,533
48112104,652,13,639
48112105,885,96,789
48112106,1141,50,1091
48112107,86,12,74
48112108,451,31,420
48112109,773,28,745
48112110,591,58,533
48112111,504,13,491
48112112,475,44,431
48112113,495,27,468
48112114,0,0,0
48112115,71,22,49
48112116,944,58,886
48112117,1381,70,1311
48112118,2737,69,2668
48112119,646,62,584
48112120,921,7,914
48112121,541,39,502
48112122,870,13,857
48112123,523,26,497
48112124,483,13,470
48112125,463,14,449
48112126,836,65,771
48112127,534,17,517
48112128,867,48,819
48112129,765,19,746
48112130,591,19,572
48112131,799,36,763
48112132,774,104,670
48112133,1620,12,1608
48112134,5968,151,5817
48112135,520,0,520
48112136,802,48,754
48112137,561,10,551
48112138,543,15,528
48112139,410,33,377
48112140,584,20,564
48112141,614,16,598
48112142,0,0,0
48112143,5,0,5
48112144,531,44,487
48112145,658,127,531
48112146,640,59,581
48112147,437,29,408
48112148,1094,88,1006
48112149,1498,152,1346
48112150,575,41,534
48112151,641,6,635
48112152,509,119,390
48112153,549,49,500
48112154,555,5,550
48112155,510,34,476
48112156,573,5,568
48112157,547,4,543
48112158,545,25,520
48112159,613,17,596
48112160,1138,16,1122
48112161,100,0,100
48112162,1069,4,1065
48112163,1047,6,1041
48112164,1113,39,1074
48112165,658,0,658
48112166,739,0,739
48112167,867,94,773
48112168,929,5,924
48112169,492,83,409
48112170,828,32,796
48112171,479,0,479
48112172,4043,122,3921
48112175,6915,87,6828
48112176,1456,59,1397
48112178,7067,346,6721
48112180,637,54,583
48112182,482,115,367
48112183,406,25,381
48112184,454,0,454
48112185,2405,221,2184
48112186,2541,223,2318
48112196,680,33,647
48112197,1178,15,1163
48112199,2703,99,2604
48112200,783,69,714
48112201,413,14,399
48112202,675,28,647
48112203,1753,108,1645
48112204,3763,84,3679
48112205,1399,76,1323
48112206,736,38,698
48112207,856,23,833
48112208,663,22,641
48112209,4875,194,4681
48112210,1187,17,1170
48112211,722,35,687
48112212,2135,25,2110
48112213,663,18,645
48112214,277,5,272
48112215,1522,48,1474
48112216,2493,55,2438
48112217,5882,151,5731
48112218,1992,30,1962
48112221,1309,58,1251
48112224,1688,7,1681
48112225,2440,41,2399
48112226,2291,39,2252
48112227,1173,71,1102
48112228,3174,96,3078
48112231,1545,233,1312
48112232,487,36,451
48112233,398,22,376
48112234,429,58,371
48112235,1809,99,1710
48112236,6915,266,6649
48112237,555,35,520
48112238,604,15,589
48112239,479,0,479
48112240,649,49,600
48112241,1877,81,1796
48112242,1830,75,1755
48112243,4794,149,4645
48112244,5966,172,5794
48112246,2136,12,2124
48112247,11243,306,10937
48112248,5223,43,5180
48112249,1171,9,1162
48112250,1543,59,1484
48112252,614,8,606
48112253,563,73,490
48112254,6836,140,6696
48112255,4135,115,4020
48112256,1215,133,1082
48112257,461,72,389
48112258,1876,85,1791
48112259,708,91,617
48112260,1159,37,1122
48112261,610,151,459
48112262,3370,179,3191
48112263,764,0,764
48112264,797,41,756
48112265,986,1,985
48112266,884,9,875
48112267,2300,46,2254
48112268,1449,53,1396
48112269,2294,120,2174
48112270,2601,44,2557
48112271,1104,29,1075
48112272,5391,114,5277
48112273,3375,113,3262
48112274,651,70,581
48112275,666,53,613
48112276,41,0,41
48112277,639,5,634
48112280,790,10,780
48112281,926,11,915
48112282,1499,12,1487
48112283,882,22,860
48112284,936,9,927
48112285,1061,22,1039
48112286,922,10,912
48112287,962,1,961
48112288,1120,43,1077
48112289,947,5,942
48112290,852,18,834
48112291,674,23,651
48112292,505,31,474
48112293,815,40,775
48112294,672,45,627
48112295,684,35,649
48112296,5271,439,4832
48112297,891,56,835
48112298,756,38,718
48112299,887,50,837
48112300,2743,72,2671
48112302,2106,16,2090
48112303,399,9,390
48112304,5616,85,5531
48112305,802,31,771
48112306,431,1,430
48112307,1786,39,1747
48112308,7021,318,6703
48112309,6968,338,6630
48112310,2551,160,2391
48112311,1059,59,1000
48112312,1478,40,1438
48112313,1299,56,1243
48112314,979,40,939
48112315,2678,52,2626
48112316,1124,42,1082
48112317,849,1,848
48112318,870,33,837
48112319,664,0,664
48112320,1246,8,1238
48112321,692,28,664
48112322,502,6,496
48112323,831,8,823
48112324,1665,15,1650
48112325,634,24,610
48112326,826,0,826
48112327,1375,31,1344
48112328,759,29,730
48112329,651,28,623
48112330,1271,15,1256
48112331,1723,117,1606
48112332,1077,33,1044
48112333,692,46,646
48112334,1061,5,1056
48112335,3752,136,3616
48112338,2739,135,2604
48112339,981,59,922
48112340,676,41,635
48112341,1264,109,1155
48112342,986,43,943
48112343,944,81,863
48112344,5,4,1
48112345,1660,194,1466
48112350,713,61,652
48112352,643,103,540
48112354,693,74,619
48112357,1092,76,1016
48112358,717,103,614
48112359,805,84,721
48112360,680,5,675
48112362,874,12,862
48112367,566,28,538
48112369,569,27,542
48112371,2450,193,2257
48112372,2120,143,1977
48112373,1578,86,1492
48112374,939,34,905
48112375,2466,157,2309
48112376,677,35,642
48112377,4991,124,4867
48112378,6852,344,6508
48112379,9159,144,9015
48112380,10096,201,9895
48112382,864,184,680
48112383,4641,278,4363
48112384,6988,560,6428
48112385,2111,77,2034
48112386,1552,13,1539
48112387,806,9,797
48112388,2728,72,2656
48112389,6156,198,5958
48112390,840,43,797
48112392,12483,224,12259
48112393,5947,92,5855
48112394,14837,367,14470
48112395,4320,105,4215
48112396,1793,58,1735
48112397,1029,0,1029
48112398,2192,88,2104
48112399,381,29,352
48112400,2714,64,2650
48112401,662,14,648
48112402,2489,59,2430
48112403,4119,62,4057
48112404,3350,50,3300
48112405,1142,2,1140
48112406,504,13,491
48112407,782,10,772
48112408,1048,10,1038
48112409,923,4,919
48112410,1991,42,1949
48112411,789,11,778
48112412,1190,17,1173
48112413,875,24,851
48112414,3650,43,3607
48112415,1352,81,1271
48112416,1477,8,1469
48112417,2182,45,2137
48112419,853,47,806
48112420,584,9,575
48112421,906,39,867
48112422,1876,91,1785
48112423,3017,99,2918
48112424,939,71,868
48112425,132,0,132
48112426,503,3,500
48112428,478,40,438
48120140,651,144,507
48120141,707,17,690
48120142,513,122,391
48120143,586,137,449
48120144,644,167,477
48120145,479,205,274
48120146,543,251,292
48120147,342,95,247
48120148,504,126,378
48120149,440,96,344
48120150,541,233,308
48120151,746,94,652
48120153,210,209,1
48120154,484,61,423
48120155,585,32,553
48120156,872,90,782
48120157,1391,121,1270
48120158,156,20,136
48120159,927,27,900
48120160,84,2,82
48120161,437,50,387
48120162,288,69,219
48120163,612,78,534
48120164,514,74,440
48120165,468,27,441
48120166,392,81,311
48120167,493,74,419
48120168,1374,150,1224
48120169,648,34,614
48120170,370,26,344
48120171,853,89,764
48120172,576,159,417
48120173,501,63,438
48120174,669,96,573
48120175,562,34,528
48120176,577,34,543
48120177,1088,96,992
48120178,275,12,263
48120179,263,46,217
48120180,299,28,271
48120181,402,43,359
48120182,329,10,319
48120183,270,0,270
48120184,597,45,552
48120185,617,66,551
48120186,622,87,535
48120187,478,61,417
48120188,2489,336,2153
48120189,536,44,492
48120190,544,83,461
48120191,622,35,587
48120192,1008,140,868
48120193,1148,187,961
48120194,508,30,478
48120195,176,165,11
48120196,2909,110,2799
48120197,548,47,501
48120198,580,42,538
48120199,551,47,504
48120200,944,62,882
48120201,691,46,645
48120202,872,25,847
48120203,712,75,637
48120204,41,41,0
48120205,935,318,617
48120206,740,733,7
48120207,468,397,71
48120208,525,362,163
48120209,591,580,11
48120210,1039,1027,12
48120211,490,35,455
48120212,545,68,477
48120213,636,35,601
48120214,360,49,311
48120215,616,114,502
48120216,457,92,365
48120217,592,77,515
48120219,657,113,544
48120220,539,97,442
48120221,413,28,385
48120222,536,88,448
48120223,531,100,431
48120224,503,76,427
48120225,1008,86,922
48120226,554,112,442
48120227,480,53,427
48120228,476,55,421
48120230,67,9,58
48120231,637,192,445
48120232,538,82,456
48120233,419,30,389
48120234,530,72,458
48120235,551,30,521
48120236,256,254,2
48120237,771,767,4
48120238,461,131,330
48120239,508,134,374
48120240,468,54,414
48120241,2271,2163,108
48120242,571,68,503
48120243,301,18,283
48120244,269,53,216
48120245,506,15,491
48120246,409,398,11
48120247,993,992,1
48120248,392,103,289
48120249,446,434,12
48120250,515,93,422
48120251,535,70,465
48120252,786,698,88
48120253,440,435,5
48120254,523,516,7
48120255,558,1,557
48120256,495,43,452
48120257,179,13,166
48120258,447,13,434
48120259,434,13,421
48120260,301,0,301
48120261,368,19,349
48120263,546,81,465
48120264,579,44,535
48120268,261,102,159
48120270,0,0,0
48130178,533,73,460
48130180,92,0,92
48130181,109,0,109
48130183,365,61,304
48130186,490,30,460
48130187,475,66,409
48130188,545,61,484
48130189,857,108,749
48130190,672,4,668
48130191,662,61,601
48130192,582,67,515
48130193,418,96,322
48130194,333,59,274
48130195,658,69,589
48130196,451,65,386
48130197,450,11,439
48130198,381,55,326
48130199,455,22,433
48130200,434,16,418
48130201,46,0,46
48130202,413,44,369
48130203,315,0,315
48130204,391,22,369
48130205,468,3,465
48130206,470,16,454
48130207,741,86,655
48130208,484,59,425
48130209,433,11,422
48130210,881,28,853
48130211,454,72,382
48130212,510,40,470
48130213,426,45,381
48130214,478,79,399
48130215,501,87,414
48130216,526,9,517
48130217,592,68,524
48130218,415,11,404
48130219,437,16,421
48130220,532,13,519
48130221,484,24,460
48130222,445,39,406
48130223,329,35,294
48130224,461,51,410
48130225,523,29,494
48130226,480,42,438
48130227,502,39,463
48130228,620,32,588
48130229,469,6,463
48130230,460,75,385
48130231,560,40,520
48130232,573,73,500
48130233,560,55,505
48130234,594,81,513
48130235,480,40,440
48130236,516,66,450
48130237,575,39,536
48130238,124,5,119
48130239,885,97,788
48130240,284,19,265
48130241,128,23,105
48130242,1001,92,909
48130243,536,98,438
48130244,400,35,365
48130245,522,16,506
48130246,883,75,808
48130247,1048,49,999
48130248,265,27,238
48130249,423,96,327
48130250,156,32,124
48130251,137,2,135
48130252,157,30,127
48130253,9,0,9
48130254,5,1,4
48130255,851,83,768
48130256,78,6,72
48130257,150,5,145
48130258,424,423,1
48130259,310,305,5
48130260,491,12,479
48130261,476,68,408
48130262,44,15,29
48130263,670,60,610
48130264,454,10,444
48130265,525,56,469
48130266,654,40,614
48130267,420,8,412
48130268,418,32,386
48130269,433,15,418
48130270,320,11,309
48130271,393,43,350
48130272,488,43,445
48130273,398,71,327
48130274,549,125,424
48130275,935,98,837
48130276,1010,88,922
48130277,681,36,645
48130278,563,42,521
48130279,397,8,389
48130280,528,51,477
48130281,639,53,586
48130282,475,34,441
48130283,333,97,236
48130284,526,29,497
48130285,335,18,317
48130286,447,71,376
48130287,514,101,413
48130288,1062,129,933
48130289,1238,176,1062
48130290,1397,138,1259
48130291,349,68,281
48130292,628,105,523
48130293,479,71,408
48130294,818,51,767
48130295,514,70,444
48130296,296,0,296
48130297,370,33,337
48130298,427,18,409
48130299,283,27,256
48130300,440,32,408
48130301,184,19,165
48130302,397,35,362
48130303,569,55,514
48130304,489,104,385
48130305,457,14,443
48130306,409,59,350
48130307,550,27,523
48130308,394,20,374
48130309,483,8,475
48130310,483,48,435
48130311,415,22,393
48130312,398,27,371
48130313,464,78,386
48130314,427,20,407
48130315,416,30,386
48130316,69,0,69
48130317,422,28,394
48130318,57,2,55
48130319,413,54,359
48130320,147,12,135
48130321,35,15,20
48130322,229,16,213
48130323,52,0,52
48130324,399,49,350
48130327,561,41,520
48130330,408,77,331
48130331,399,46,353
48140055,0,0,0
48140056,364,42,322
48140058,442,53,389
48140059,614,35,579
48140060,577,107,470
48140061,450,40,410
48140062,399,36,363
48140063,796,118,678
48140064,415,81,334
48140067,1031,137,894
48140068,374,60,314
48140070,835,64,771
48140071,642,128,514
48140073,492,49,443
48140075,656,198,458
48140076,1267,73,1194
48140077,449,112,337
48140078,553,23,530
48140079,772,82,690
48140080,995,73,922
48140081,621,154,467
48140082,373,12,361
48140083,527,52,475
48140084,498,46,452
48140085,361,42,319
48140086,835,51,784
48140087,473,11,462
48140088,393,61,332
48140089,427,97,330
48140090,364,50,314
48140091,925,112,813
48140092,815,89,726
48140093,712,53,659
48140094,403,15,388
48140095,610,38,572
48140096,638,16,622
48140097,533,48,485
48140098,529,75,454
48140099,520,12,508
48140100,582,38,544
48140101,424,38,386
48140102,609,42,567
48140103,546,74,472
48140104,547,22,525
48140105,487,28,459
48142190,260,25,235
48142191,658,96,562
48142192,642,43,599
48142193,483,7,476
48142194,329,36,293
48142195,648,14,634
48142196,429,9,420
48150079,394,0,394
48150080,459,1,458
48150081,495,5,490
48150082,444,20,424
48150083,495,22,473
48150084,589,11,578
48150085,507,12,495
48150086,598,18,580
48150087,0,0,0
48150088,96,2,94
48150089,0,0,0
48150090,7,0,7
48150091,610,6,604
48150092,663,14,649
48150093,549,50,499
48150094,620,9,611
48150095,442,0,442
48150096,501,5,496
48150097,462,0,462
48150098,424,0,424
48150099,219,2,217
48150100,567,9,558
48150101,1047,6,1041
48150102,222,11,211
48150103,396,16,380
48150104,400,25,375
48150105,1732,53,1679
48150106,394,9,385
48150107,572,0,572
48150108,519,10,509
48150109,383,5,378
48150110,387,4,383
48150111,496,29,467
48150112,1155,55,1100
48150113,583,0,583
48150114,1611,70,1541
48150115,116,12,104
48150116,0,0,0
48150117,994,994,0
48150118,0,0,0
48150119,1407,1384,23
48150120,411,411,0
48150121,731,22,709
48150122,24,19,5
48150123,52,0,52
48150124,19,15,4
48150125,76,0,76
48150126,857,849,8
48150127,18,0,18
48150129,691,0,691
48150130,458,15,443
48150131,385,0,385
48150132,1492,30,1462
48150133,357,18,339
48150134,383,7,376
48150135,1907,58,1849
48150136,1377,28,1349
48150137,98,0,98
48150138,433,12,421
48150139,508,39,469
48150140,406,16,390
48150141,303,24,279
48150142,474,34,440
48150143,555,10,545
48150144,497,71,426
48150145,546,40,506
48150146,468,46,422
48150147,487,19,468
48150148,401,54,347
48150149,491,44,447
48150150,273,22,251
48150151,278,12,266
48160085,28,22,6
48160087,0,0,0
48160088,0,0,0
48160089,0,0,0
48160090,95,95,0
48160091,0,0,0
48160092,0,0,0
48160094,0,0,0
48160095,0,0,0
48160096,5,5,0
48160097,0,0,0
48160098,0,0,0
48160099,138,136,2
48160100,0,0,0
48160101,0,0,0
48160102,0,0,0
48160106,789,771,18
48160109,0,0,0
48160110,128,119,9
48160111,1296,82,1214
48160112,230,52,178
48160114,215,24,191
48160115,376,67,309
48160116,204,20,184
48160117,441,67,374
48160118,208,12,196
48160119,569,60,509
48160120,897,145,752
48160124,368,51,317
48160125,594,75,519
48160126,636,25,611
48160127,268,50,218
48160128,594,7,587
48160129,910,55,855
48160131,352,5,347
48160132,509,10,499
48160133,776,65,711
48160134,552,0,552
48160135,1013,30,983
48160136,580,38,542
48160139,243,17,226
48160140,373,29,344
48160141,247,2,245
48160142,304,5,299
48160144,382,43,339
48160145,418,31,387
48160146,314,8,306
48160148,540,33,507
48160149,681,5,676
48160151,849,132,717
48160152,434,16,418
48160153,442,64,378
48160154,551,22,529
48160156,387,56,331
48160158,361,29,332
48160159,331,55,276
48160160,640,94,546
48160161,457,41,416
48160162,323,23,300
48160163,598,57,541
48160164,351,36,315
48160165,950,20,930
48160166,508,45,463
48160168,368,10,358
48160169,224,23,201
48160170,384,34,350
48160171,468,10,458
48160173,319,63,256
48160174,542,97,445
48160175,443,26,417
48160176,298,22,276
48160177,337,66,271
48160178,353,34,319
48160180,546,37,509
48160181,369,28,341
48160182,224,10,214
48160183,173,161,12
48160184,440,29,411
48160185,422,414,8
48160187,646,632,14
48160188,18,14,4
48160192,220,202,18
48160193,735,696,39
48160196,1204,60,1144
48160198,558,34,524
48160199,622,67,555
48160201,545,38,507
48160203,73,7,66
48160204,722,86,636
48160206,883,9,874
48160207,250,44,206
48160208,235,49,186
48160209,116,13,103
48160210,286,62,224
48160211,149,32,117
48160212,240,29,211
48160213,684,33,651
48160215,613,69,544
48160217,839,28,811
48160218,1021,50,971
48160219,1325,44,1281
48160221,1972,85,1887
48160222,2723,77,2646
48160227,1098,4,1094
48160228,2113,125,1988
48160229,769,109,660
48160230,726,60,666
48160231,517,11,506
48160232,835,48,787
48160233,1189,9,1180
48160234,1934,82,1852
48160235,428,23,405
48160236,92,7,85
48160237,2673,162,2511
48160238,417,44,373
48160239,1019,32,987
48160240,794,4,790
48160241,1051,46,1005
48160243,2466,81,2385
48160244,217,14,203
48160245,547,119,428
48160246,698,70,628
48160248,584,108,476
48160249,751,123,628
48160250,864,181,683
48160251,562,34,528
48160252,927,122,805
48160253,578,39,539
48160254,970,34,936
48160255,365,54,311
48160256,451,41,410
48160257,453,42,411
48160258,978,39,939
48160259,537,39,498
48160260,817,65,752
48170203,332,332,0
48170204,151,24,127
48170205,1317,235,1082
48170206,233,48,185
48170207,275,57,218
48170208,336,150,186
48170209,527,104,423
48170210,225,33,192
48170211,300,158,142
48170212,552,542,10
48170213,877,120,757
48170214,242,232,10
48170215,369,40,329
48170216,313,9,304
48170217,238,220,18
48170218,1048,0,1048
48170219,470,0,470
48170220,450,11,439
48170221,1966,32,1934
48170222,373,1,372
48170223,1468,14,1454
48170224,1039,0,1039
48170225,1018,9,1009
48170226,269,258,11
48170227,127,11,116
48170228,959,158,801
48170229,0,0,0
48170230,10,10,0
48170231,0,0,0
48170232,104,104,0
48170233,373,210,163
48170234,344,158,186
48170235,288,288,0
48170236,1434,0,1434
48170237,0,0,0
48170238,576,434,142
48170239,327,56,271
48170240,405,49,356
48170241,425,49,376
48170242,377,34,343
48170243,456,68,388
48170245,444,66,378
48170246,276,34,242
48170248,656,24,632
48170249,540,33,507
48170250,342,53,289
48170252,2,2,0
48170253,692,15,677
48170254,992,42,950
48170256,334,88,246
48170257,849,123,726
48170258,556,53,503
48170259,396,23,373
48170260,328,50,278
48170261,11,11,0
48170262,796,759,37
48170263,165,165,0
48170264,539,517,22
48170265,585,556,29
48170266,318,44,274
48170267,17,17,0
48170268,540,522,18
48170269,5,5,0
48170270,350,339,11
48170271,208,197,11
48170272,414,190,224
48170273,194,194,0
48170274,607,601,6
48170275,465,456,9
48170276,106,35,71
48170277,678,667,11
48170278,763,542,221
48170279,523,437,86
48170280,175,174,1
48170281,501,396,105
48170282,276,276,0
48170283,309,74,235
48170284,292,36,256
48170285,0,0,0
48170286,0,0,0
48170287,0,0,0
48170288,0,0,0
48170289,786,113,673
48170290,323,37,286
48170291,926,118,808
48170292,474,190,284
48170293,312,104,208
48170294,423,92,331
48170295,308,79,229
48170296,498,70,428
48170297,4,4,0
48170298,393,64,329
48170299,13,13,0
48170300,518,113,405
48170301,124,49,75
48170302,549,134,415
48170303,904,213,691
48170304,605,179,426
48170305,1003,338,665
48170306,566,77,489
48170307,9,9,0
48170308,596,159,437
48170309,484,150,334
48170310,911,900,11
48170311,499,263,236
48170312,0,0,0
48170314,0,0,0
48170315,0,0,0
48170316,467,438,29
48170317,0,0,0
48170318,182,66,116
48170321,279,215,64
48170322,182,179,3
48170325,5,5,0
48170326,431,323,108
48170327,508,501,7
48170328,0,0,0
48170329,822,808,14
48170330,142,141,1
48170332,577,224,353
48170333,596,286,310
48170334,471,116,355
48170335,452,205,247
48170336,559,225,334
48170337,416,111,305
48170338,752,719,33
48170340,435,98,337
48170341,363,309,54
48170342,336,49,287
48170343,293,39,254
48170344,313,43,270
48170345,414,59,355
48170346,23,23,0
48170347,1309,1284,25
48170348,1794,1753,41
48170349,473,465,8
48170350,0,0,0
48170351,942,920,22
48170352,362,12,350
48170353,460,16,444
48170354,302,31,271
48170355,335,3,332
48170356,975,87,888
48170358,647,98,549
48170360,571,112,459
48170361,573,108,465
48170363,329,85,244
48170364,500,182,318
48170365,440,163,277
48180036,530,30,500
48180037,719,44,675
48180038,624,45,579
48180039,704,101,603
48180040,72,72,0
48180041,747,727,20
48180042,843,837,6
48180043,753,108,645
48180044,695,261,434
48180045,667,103,564
48180046,465,217,248
48180047,612,33,579
48180048,586,50,536
48180049,493,27,466
48180050,487,7,480
48180051,441,26,415
48180052,571,24,547
48180053,908,300,608
48180054,450,11,439
48180055,354,20,334
48180056,313,40,273
48180057,379,89,290
48180058,563,64,499
48180059,507,74,433
48180060,576,11,565
48190148,301,0,301
48190149,481,41,440
48190150,520,48,472
48190151,335,9,326
48190152,365,22,343
48190153,618,49,569
48190154,334,0,334
48190155,430,68,362
48190156,503,26,477
48190157,545,48,497
48190158,449,31,418
48190159,400,41,359
48190160,643,23,620
48190163,1394,151,1243
48190164,887,65,822
48190165,532,21,511
48190166,1261,158,1103
48190168,606,45,561
48190169,1155,72,1083
48190170,399,12,387
48190171,876,61,815
48190172,1581,122,1459
48190175,2906,265,2641
48190176,711,102,609
48190177,454,44,410
48190178,510,21,489
48190179,673,50,623
48190180,727,141,586
48190181,494,66,428
48190182,452,41,411
48190183,520,47,473
48190184,582,40,542
48190187,503,92,411
48190190,702,57,645
48190191,784,79,705
48190197,472,29,443
48190199,537,90,447
48190204,396,31,365
48190205,980,167,813
48190206,506,8,498
48190208,760,84,676
48190210,348,49,299
48190211,617,40,577
48190212,436,97,339
48190213,583,57,526
48190214,1003,153,850
48190216,749,244,505
48190217,473,75,398
48190218,522,42,480
48190219,536,44,492
48190220,665,101,564
48190221,420,34,386
48190224,363,27,336
48190225,536,78,458
48190226,399,8,391
48190227,494,64,430
48190228,459,34,425
48190232,827,49,778
48190234,446,68,378
48190238,374,38,336
48190241,556,42,514
48190243,700,68,632
48190245,451,10,441
48190246,770,40,730
48190247,702,70,632
48190248,439,84,355
48190249,422,21,401
48190250,572,38,534
48190251,532,21,511
48190252,490,4,486
48190253,570,25,545
48190254,624,72,552
48190255,473,50,423
48190256,780,107,673
48190257,459,3,456
48190258,545,38,507
48190259,423,45,378
48190260,725,114,611
48190261,430,19,411
48190262,495,485,10
48190263,400,5,395
48190264,471,33,438
48190265,295,44,251
48190266,687,41,646
48190267,414,55,359
48190268,349,46,303
48190269,795,107,688
48190270,416,46,370
48190271,352,16,336
48190272,421,9,412
48190273,398,54,344
48190274,497,15,482
48190275,411,51,360
48190276,451,26,425
48190277,457,21,436
48190278,531,32,499
48190279,378,42,336
48190280,470,105,365
48190281,385,14,371
48190282,401,51,350
48190283,310,33,277
48190284,149,146,3
48190285,493,17,476
48190286,550,98,452
48190287,683,76,607
48190288,703,93,610
48190289,284,34,250
48190290,507,56,451
48190291,513,76,437
48190292,822,138,684
48190293,439,34,405
48190294,1066,217,849
48190295,495,78,417
48190296,668,113,555
48190297,625,48,577
48190298,351,63,288
48190299,463,133,330
48190300,494,64,430
48190301,483,81,402
48190302,472,100,372
48190303,631,119,512
48190305,384,12,372
48190306,214,12,202
48190307,386,9,377
48190308,514,69,445
48190309,449,11,438
48190310,339,12,327
48190311,351,20,331
48190312,403,14,389
48190313,288,36,252
48190314,264,99,165
48190315,343,110,233
48190358,621,130,491
48190360,916,139,777
48190363,1702,101,1601
48190364,1936,306,1630
48190367,362,71,291
48190368,393,43,350
48190369,378,106,272
48190372,608,98,510
48190376,427,37,390
48190377,476,57,419
48190378,379,81,298
48190379,573,101,472
48190382,316,21,295
48190383,898,92,806
48190384,764,21,743
48190385,522,64,458
48190386,524,37,487
48190387,634,27,607
48190388,778,83,695
48190389,269,1,268
48190390,581,19,562
48190391,388,18,370
48190393,350,46,304
48190394,368,42,326
48190396,678,69,609
48190397,727,135,592
48190398,532,99,433
48190399,9,1,8
48190401,1003,69,934
48190402,1586,169,1417
48190403,1176,132,1044
48190404,676,98,578
48190406,711,84,627
48190407,386,36,350
48190408,275,65,210
48190409,622,113,509
48190410,1102,63,1039
48190411,1137,123,1014
48190415,1815,121,1694
48190417,1183,62,1121
48190418,1295,129,1166
48190419,933,86,847
48190421,547,33,514
48190422,1034,81,953
48190423,568,6,562
48190424,950,110,840
48190427,1097,161,936
48190429,606,20,586
48190433,1981,63,1918
48190437,1075,99,976
48190440,857,42,815
48190444,663,42,621
48190446,826,78,748
48190448,1904,127,1777
48190451,226,51,175
48190452,473,35,438
48190453,653,83,570
48190454,365,15,350
48190455,854,56,798
48190456,173,35,138
48190457,1346,146,1200
48190458,2135,150,1985
59010123,380,14,366
59010124,509,41,468
59010125,508,38,470
59010126,749,45,704
59010127,325,127,198
59010128,527,1,526
59010129,389,42,347
59010130,548,62,486
59010131,470,31,439
59010132,526,48,478
59010133,832,14,818
59010134,615,17,598
59010135,407,36,371
59010136,140,114,26
59010137,482,29,453
59010138,663,43,620
59010139,648,71,577
59010140,566,20,546
59010141,386,17,369
59010142,418,7,411
59010143,610,74,536
59010144,0,0,0
59010145,0,0,0
59010146,192,179,13
59010147,2,0,2
59010149,522,41,481
59010150,575,64,511
59010151,549,13,536
59010152,612,4,608
59010153,689,47,642
59010154,528,60,468
59010155,509,52,457
59010156,1195,52,1143
59010157,448,5,443
59010158,515,10,505
59010159,444,11,433
59010160,475,13,462
59010161,453,1,452
59010162,397,24,373
59010163,432,28,404
59010164,1083,108,975
59010165,773,55,718
59010166,434,54,380
59010167,492,26,466
59010168,380,24,356
59010169,648,41,607
59010170,473,46,427
59010171,500,19,481
59010172,385,17,368
59010173,391,16,375
59010174,415,60,355
59010175,439,28,411
59010176,981,77,904
59010177,555,22,533
59010178,577,29,548
59010179,459,40,419
59010180,655,93,562
59010181,678,46,632
59010182,551,58,493
59010183,533,59,474
59010184,488,124,364
59010185,504,53,451
59010186,412,33,379
59010187,430,89,341
59010188,364,36,328
59010189,354,70,284
59010190,426,64,362
59010191,364,3,361
59010192,430,65,365
59010193,464,33,431
59010194,439,41,398
59010195,445,30,415
59010196,451,118,333
59010197,444,30,414
59010198,523,17,506
59010199,445,0,445
59010200,643,14,629
59010202,952,75,877
59010203,5,3,2
59010204,538,34,504
59010205,546,48,498
59010206,524,43,481
59010207,905,73,832
59010208,578,47,531
59010209,403,37,366
59010210,425,25,400
59010211,482,9,473
59010212,481,59,422
59010213,530,61,469
59010214,80,76,4
59010216,0,0,0
59010217,453,21,432
59010218,622,68,554
59010219,398,11,387
59010220,557,4,553
59010221,510,55,455
59010222,486,24,462
59010223,544,41,503
59010224,459,38,421
59010226,397,31,366
59010227,578,41,537
59010228,356,3,353
59010229,519,27,492
59010230,460,26,434
59010231,282,24,258
59010232,753,58,695
59010233,784,84,700
59010234,575,56,519
59010236,0,0,0
59010237,0,0,0
59010238,468,8,460
59010239,418,9,409
59010240,356,41,315
59010241,552,33,519
59010242,656,59,597
59010244,504,46,458
59010245,1056,111,945
59010247,0,0,0
59010248,438,40,398
59010249,0,0,0
59010254,415,25,390
59010255,1188,64,1124
59030128,438,11,427
59030129,458,12,446
59030130,517,24,493
59030131,630,90,540
59030132,447,12,435
59030133,0,0,0
59030134,417,36,381
59030135,432,10,422
59030136,193,1,192
59030137,560,16,544
59030138,291,11,280
59030139,433,36,397
59030140,410,44,366
59030141,675,41,634
59030142,450,24,426
59030143,453,28,425
59030144,693,30,663
59030145,693,38,655
59030146,533,0,533
59030147,533,28,505
59030148,471,29,442
59030149,500,40,460
59030150,466,52,414
59030151,473,59,414
59030152,496,23,473
59030153,490,29,461
59030154,465,37,428
59030155,463,24,439
59030156,888,70,818
59030157,610,11,599
59030158,580,58,522
59030159,520,15,505
59030160,585,29,556
59030161,501,36,465
59030162,504,1,503
59030163,820,28,792
59030164,521,20,501
59030165,335,8,327
59030166,737,17,720
59030167,580,73,507
59030168,32,2,30
59030169,573,42,531
59030170,663,54,609
59030171,444,31,413
59030172,804,27,777
59030173,404,20,384
59030174,431,15,416
59030175,674,42,632
59030176,864,53,811
59030177,436,14,422
59030178,733,9,724
59030179,78,2,76
59030180,410,4,406
59030181,404,32,372
59030182,426,10,416
59030183,469,40,429
59030184,397,12,385
59030185,437,38,399
59030186,365,59,306
59030187,914,81,833
59030188,507,27,480
59030189,464,19,445
59030190,503,41,462
59030191,749,78,671
59030192,775,47,728
59030193,962,26,936
59030194,648,19,629
59030195,640,15,625
59030196,0,0,0
59030197,703,4,699
59030198,465,42,423
59030199,550,41,509
59030200,525,21,504
59030201,599,38,561
59030202,525,41,484
59030203,512,30,482
59030204,517,26,491
59030205,535,8,527
59030206,117,104,13
59030207,510,31,479
59030208,581,54,527
59030209,548,18,530
59030210,475,55,420
59030211,474,53,421
59030212,524,9,515
59030213,813,53,760
59030214,318,22,296
59030215,623,28,595
59030216,516,39,477
59030217,609,31,578
59030218,247,9,238
59030219,450,15,435
59030220,654,41,613
59030221,376,42,334
59030222,871,42,829
59030223,648,0,648
59030224,565,52,513
59030225,506,79,427
59030226,455,70,385
59030227,459,5,454
59030228,444,0,444
59030229,424,30,394
59030230,545,9,536
59030231,449,13,436
59030232,415,13,402
59030233,421,0,421
59030234,414,11,403
59030235,585,47,538
59030237,488,31,457
59030238,453,5,448
59030239,474,42,432
59030241,391,43,348
59030242,303,30,273
59030243,404,11,393
59030244,416,8,408
59030246,461,27,434
59050062,607,10,597
59050063,575,41,534
59050064,627,78,549
59050065,552,25,527
59050066,515,18,497
59050067,509,17,492
59050068,499,60,439
59050069,577,44,533
59050070,640,23,617
59050071,473,22,451
59050072,464,35,429
59050073,719,57,662
59050074,713,48,665
59050075,667,41,626
59050076,474,35,439
59050077,405,20,385
59050078,397,49,348
59050079,526,31,495
59050080,697,49,648
59050081,581,15,566
59050082,623,29,594
59050083,524,6,518
59050084,647,25,622
59050085,535,38,497
59050086,806,3,803
59050087,726,69,657
59050088,370,3,367
59050089,578,39,539
59050090,625,27,598
59050091,415,34,381
59050092,520,64,456
59050093,576,75,501
59050094,490,48,442
59050095,492,60,432
59050096,805,73,732
59050097,578,5,573
59050098,672,49,623
59050099,636,93,543
59050100,897,62,835
59050101,481,8,473
59050102,468,3,465
59050103,524,67,457
59050105,642,23,619
59050106,718,7,711
59050108,523,4,519
59050109,368,30,338
59050110,525,29,496
59050111,469,40,429
59050112,593,31,562
59050113,616,64,552
59050114,322,24,298
59050115,909,81,828
59050118,472,6,466
59070135,522,5,517
59070136,476,56,420
59070137,467,28,439
59070138,13,10,3
59070139,401,43,358
59070140,786,58,728
59070141,483,90,393
59070142,596,70,526
59070144,0,0,0
59070145,519,76,443
59070146,548,47,501
59070147,55,52,3
59070148,87,76,11
59070149,672,100,572
59070150,10,10,0
59070151,394,8,386
59070152,595,39,556
59070153,653,22,631
59070154,794,28,766
59070155,408,54,354
59070156,61,60,1
59070157,612,67,545
59070158,83,72,11
59070159,26,26,0
59070160,477,12,465
59070161,345,17,328
59070162,641,11,630
59070163,586,48,538
59070164,498,8,490
59070165,782,46,736
59070166,564,28,536
59070167,629,45,584
59070168,361,16,345
59070169,696,10,686
59070170,422,17,405
59070171,478,15,463
59070172,550,43,507
59070173,479,18,461
59070174,508,43,465
59070175,428,5,423
59070176,443,63,380
59070177,436,65,371
59070178,666,12,654
59070180,490,46,444
59070181,776,21,755
59070182,296,20,276
59070183,598,29,569
59070184,491,18,473
59070185,490,31,459
59070186,537,13,524
59070187,365,45,320
59070188,499,34,465
59070189,518,25,493
59070190,347,10,337
59070191,450,13,437
59070192,545,29,516
59070193,575,48,527
59070194,457,59,398
59070195,502,31,471
59070196,559,6,553
59070197,633,12,621
59070198,528,49,479
59070199,425,47,378
59070200,283,5,278
59070201,418,0,418
59070202,495,16,479
59070203,716,65,651
59070204,416,9,407
59070205,405,13,392
59070206,820,36,784
59070207,324,10,314
59070208,346,20,326
59070209,334,58,276
59070210,386,45,341
59070211,394,95,299
59070212,561,56,505
59070213,394,26,368
59070214,751,62,689
59070215,535,44,491
59070216,418,21,397
59070217,377,41,336
59070218,309,70,239
59070219,433,9,424
59070220,493,50,443
59070221,421,0,421
59070222,384,11,373
59070223,524,12,512
59070224,429,54,375
59070225,509,0,509
59070226,427,34,393
59070227,330,29,301
59070228,985,43,942
59070229,1194,49,1145
59070230,355,44,311
59070231,407,24,383
59070232,437,49,388
59070233,436,36,400
59070234,462,9,453
59070235,531,54,477
59070236,583,48,535
59070237,553,11,542
59070238,505,34,471
59070239,450,59,391
59070240,564,78,486
59070241,523,19,504
59070242,890,48,842
59070243,476,13,463
59070244,640,77,563
59070245,459,35,424
59070246,494,40,454
59070247,552,6,546
59070248,533,10,523
59070249,680,38,642
59070250,341,19,322
59070251,0,0,0
59070252,929,42,887
59070253,543,60,483
59070254,416,24,392
59070255,645,56,589
59070256,397,16,381
59070257,620,71,549
59070258,663,53,610
59070259,383,16,367
59070260,726,53,673
59070261,247,20,227
59070264,428,33,395
59070266,523,33,490
59070267,837,7,830
59070268,673,27,646
59070269,892,14,878
59070270,479,57,422
59070271,332,28,304
59070272,319,17,302
59070273,451,22,429
59070274,661,22,639
59070275,450,28,422
59070276,354,16,338
59070277,551,27,524
59070279,330,26,304
59070280,344,31,313
59070281,448,15,433
59070282,344,8,336
59070283,359,0,359
59070284,464,10,454
59070285,370,24,346
59070286,676,58,618
59070287,320,18,302
59070288,495,29,466
59070289,364,6,358
59070290,740,31,709
59070291,582,10,572
59070292,518,24,494
59070293,502,35,467
59070294,750,23,727
59070296,716,64,652
59070297,523,57,466
59070298,614,23,591
59070299,261,0,261
59070301,0,0,0
59070302,409,4,405
59070303,615,391,224
59070304,191,21,170
59070305,0,0,0
59070306,258,59,199
59070307,128,9,119
59070308,932,585,347
59090049,634,34,600
59090051,780,20,760
59090052,647,8,639
59090054,692,63,629
59090055,1246,52,1194
59090056,1520,75,1445
59090057,291,20,271
59090058,979,43,936
59090059,263,11,252
59090060,587,84,503
59090061,901,18,883
59090062,843,43,800
59090063,1494,56,1438
59090064,503,20,483
59090065,635,12,623
59090066,705,79,626
59090067,1402,144,1258
59090068,517,41,476
59090069,1018,44,974
59090070,1062,51,1011
59090071,688,9,679
59090072,892,139,753
59090073,747,55,692
59090074,475,78,397
59090075,1094,113,981
59090076,1050,77,973
59090078,1220,79,1141
59090080,967,74,893
59090081,687,67,620
59090082,434,5,429
59090083,539,54,485
59090084,552,21,531
59090085,1001,154,847
59090086,623,9,614
59090087,432,37,395
59090088,702,13,689
59090089,1080,30,1050
59090090,399,26,373
59090091,437,10,427
59090092,984,54,930
59090093,594,86,508
59090094,745,65,680
59090095,535,109,426
59090096,542,38,504
59090097,470,11,459
59090098,649,94,555
59090099,603,17,586
59090100,423,48,375
59090101,427,30,397
59090102,449,53,396
59090103,1242,129,1113
59090104,392,55,337
59090105,742,67,675
59090106,821,29,792
59090107,938,100,838
59090108,716,53,663
59090109,822,53,769
59090110,470,10,460
59090111,227,9,218
59090112,745,76,669
59090113,1196,32,1164
59090114,352,19,333
59090115,817,28,789
59090116,303,0,303
59090117,406,28,378
59090118,575,63,512
59090119,716,24,692
59090120,118,0,118
59090121,695,31,664
59090122,589,48,541
59090123,1231,79,1152
59090124,834,3,831
59090125,617,23,594
59090126,373,2,371
59090127,385,12,373
59090128,468,23,445
59090129,1944,129,1815
59090131,1155,100,1055
59090133,1235,43,1192
59090134,713,10,703
59090135,715,45,670
59090136,866,9,857
59090137,612,20,592
59090140,550,0,550
59090141,886,20,866
59090144,1196,43,1153
59090145,781,32,749
59090146,526,0,526
59090147,763,19,744
59090148,1264,43,1221
59090149,354,14,340
59090150,674,30,644
59090151,896,62,834
59090152,662,51,611
59090153,665,18,647
59090154,490,51,439
59090155,412,64,348
59090156,472,10,462
59090157,499,0,499
59090158,524,47,477
59090159,754,51,703
59090161,1680,87,1593
59090163,909,64,845
59090164,1059,57,1002
59090165,880,19,861
59090166,1159,60,1099
59090168,913,36,877
59090169,370,19,351
59090170,711,28,683
59090171,438,60,378
59090172,386,21,365
59090374,556,15,541
59090375,579,6,573
59090376,525,28,497
59090377,809,44,765
59090378,450,26,424
59090379,472,37,435
59090380,924,75,849
59090381,734,10,724
59090382,407,17,390
59090383,752,15,737
59090384,631,73,558
59090385,892,68,824
59090386,1574,37,1537
59090387,842,43,799
59090388,1115,37,1078
59090390,950,4,946
59090391,438,15,423
59090392,434,8,426
59090393,634,0,634
59090394,515,2,513
59090395,450,48,402
59090396,599,9,590
59090397,1752,48,1704
59090398,2547,107,2440
59090399,1224,43,1181
59090400,597,57,540
59090401,637,59,578
59090402,563,19,544
59090403,671,0,671
59090404,465,49,416
59090424,785,39,746
59090425,511,40,471
59090428,746,25,721
59090429,928,62,866
59090439,930,82,848
59090444,930,86,844
59090445,368,16,352
59090446,858,31,827
59090447,411,0,411
59090449,10,6,4
59090450,960,71,889
59090451,548,524,24
59090452,125,124,1
59090453,87,77,10
59090454,11,7,4
59090455,0,0,0
59090456,136,129,7
59090457,8,5,3
59090458,0,0,0
59090459,0,0,0
59090460,84,72,12
59090461,790,82,708
59090462,645,95,550
59090463,571,18,553
59090464,548,52,496
59090465,668,73,595
59090466,511,41,470
59090467,446,30,416
59090468,509,0,509
59090469,581,52,529
59090470,428,18,410
59090471,601,39,562
59090472,511,67,444
59090473,311,22,289
59090474,689,2,687
59090475,521,145,376
59090476,697,28,669
59090477,446,113,333
59090478,452,38,414
59090479,562,45,517
59090480,742,75,667
59090481,1206,65,1141
59090482,1561,29,1532
59090483,1352,51,1301
59090484,480,13,467
59090485,2046,54,1992
59090486,828,39,789
59090487,446,24,422
59090488,511,11,500
59090489,463,51,412
59090490,448,50,398
59090491,461,55,406
59090492,417,49,368
59090493,710,36,674
59090494,503,28,475
59090495,686,24,662
59090496,438,8,430
59090497,383,21,362
59090498,603,14,589
59090499,599,46,553
59090500,504,54,450
59090501,484,14,470
59090502,503,35,468
59090503,511,77,434
59090504,570,83,487
59090505,1150,25,1125
59090506,455,52,403
59090507,362,14,348
59090508,457,28,429
59090509,444,30,414
59090510,489,12,477
59090511,523,38,485
59090512,407,45,362
59090513,470,25,445
59090514,468,59,409
59090515,297,0,297
59090516,693,42,651
59090517,460,26,434
59090518,426,38,388
59090519,283,32,251
59090520,617,11,606
59090521,336,22,314
59090522,183,54,129
59090523,201,37,164
59090524,572,23,549
59090525,309,118,191
59090526,1664,44,1620
59090527,23,23,0
59090528,85,83,2
59090530,801,59,742
59090531,546,69,477
59090532,498,14,484
59090533,775,118,657
59090534,469,95,374
59090535,1439,163,1276
59090536,399,20,379
59090537,410,28,382
59090538,409,64,345
59090539,751,93,658
59090540,818,93,725
59090541,402,18,384
59090542,1262,87,1175
59090543,432,68,364
59090544,361,12,349
59090545,649,28,621
59090546,740,91,649
59090547,464,96,368
59090550,901,158,743
59090551,561,129,432
59090552,615,78,537
59090553,662,93,569
59090554,552,141,411
59090555,656,57,599
59090556,710,116,594
59090557,646,52,594
59090559,465,35,430
59090564,631,69,562
59090565,534,21,513
59090566,495,29,466
59090567,545,84,461
59090568,488,19,469
59090569,479,46,433
59090570,593,39,554
59090571,417,63,354
59090576,0,0,0
59090577,549,10,539
59090578,551,40,511
59090579,574,23,551
59090580,531,53,478
59090581,709,29,680
59090582,520,102,418
59090583,567,55,512
59090584,732,96,636
59090585,1124,42,1082
59090586,648,57,591
59090590,10,9,1
59090591,213,201,12
59090592,518,76,442
59090593,409,19,390
59090594,400,6,394
59090595,10,9,1
59090596,412,7,405
59090597,458,37,421
59090598,509,66,443
59090599,204,189,15
59090600,976,23,953
59090601,665,10,655
59090602,12,11,1
59090603,394,22,372
59090604,27,23,4
59090605,994,103,891
59090606,426,25,401
59090607,759,101,658
59090608,509,18,491
59090609,869,67,802
59090610,598,0,598
59090611,872,826,46
59090612,455,9,446
59090613,546,61,485
59090614,537,59,478
59090615,471,10,461
59090616,96,56,40
59090617,474,52,422
59090618,10,9,1
59090619,19,17,2
59090620,39,14,25
59090622,101,91,10
59090623,205,205,0
59090624,8,5,3
59090625,0,0,0
59090626,5,4,1
59090627,53,36,17
59090629,10,2,8
59090630,0,0,0
59090631,0,0,0
59090632,43,39,4
59090633,23,22,1
59090634,0,0,0
59090635,34,30,4
59090636,402,81,321
59090637,476,67,409
59090638,428,20,408
59090639,457,49,408
59090640,138,130,8
59090641,0,0,0
59090642,0,0,0
59090643,0,0,0
59090644,533,45,488
59090645,396,35,361
59090646,641,38,603
59090647,371,39,332
59090648,614,49,565
59090649,516,70,446
59090650,535,48,487
59090651,980,95,885
59090652,0,0,0
59090653,0,0,0
59090655,1018,30,988
59090656,571,63,508
59090657,307,10,297
59090660,1974,158,1816
59090661,407,22,385
59090662,391,7,384
59090664,629,29,600
59090665,542,28,514
59090666,637,112,525
59090670,613,22,591
59090671,901,54,847
59090680,527,30,497
59090681,383,43,340
59090682,456,32,424
59090683,420,21,399
59090684,626,9,617
59090687,462,15,447
59090688,435,21,414
59090689,1050,54,996
59090690,759,52,707
59090691,515,84,431
59090692,467,28,439
59090694,513,37,476
59090696,1305,59,1246
59090699,48,46,2
59090700,614,280,334
59090701,283,52,231
59090702,519,146,373
59090703,906,67,839
59090704,132,24,108
59090705,144,136,8
59090706,16,15,1
59090707,389,22,367
59090708,625,84,541
59090709,753,27,726
59090710,586,31,555
59090711,379,15,364
59090713,631,58,573
59090714,422,36,386
59090716,541,1,540
59090717,453,13,440
59090718,552,33,519
59090719,447,40,407
59090720,464,17,447
59090721,385,1,384
59090722,181,158,23
59090723,478,16,462
59090724,434,38,396
59090725,357,26,331
59090727,455,8,447
59090729,236,0,236
59090730,551,29,522
59090731,288,276,12
59090733,813,26,787
59090734,505,0,505
59090735,464,33,431
59090736,407,41,366
59090737,560,40,520
59090738,642,35,607
59090739,126,107,19
59090740,529,61,468
59090741,401,65,336
59090742,458,27,431
59090743,448,60,388
59090744,510,131,379
59090745,523,104,419
59090746,486,32,454
59090747,429,29,400
59090748,479,87,392
59090749,454,59,395
59090750,386,34,352
59090751,578,79,499
59090752,545,66,479
59090753,508,47,461
59090754,1020,0,1020
59090755,494,13,481
59090756,378,10,368
59090757,909,0,909
59090758,317,0,317
59090759,240,2,238
59090760,692,9,683
59090761,808,2,806
59090762,1806,21,1785
59090763,1285,27,1258
59090764,2133,64,2069
59090765,641,45,596
59090766,1930,4,1926
59090768,633,12,621
59090771,47,42,5
59090772,5,3,2
59090773,0,0,0
59090774,64,56,8
59090775,5,4,1
59090776,5,3,2
59090777,0,0,0
59090778,0,0,0
59090779,0,0,0
59090780,35,30,5
59090781,0,0,0
59090782,1150,44,1106
59090783,828,126,702
59090784,1951,109,1842
59090786,1189,83,1106
59090787,823,37,786
59090788,1380,13,1367
59090789,833,20,813
59090790,900,28,872
59090791,1503,106,1397
59090792,918,13,905
59090793,764,8,756
59090794,783,56,727
59090795,637,26,611
59090796,1488,28,1460
59090797,1103,12,1091
59090799,421,31,390
59090803,418,78,340
59090804,431,31,400
59090807,0,0,0
59090809,1039,49,990
59090810,398,63,335
59090811,5,3,2
59090812,404,38,366
59090814,844,60,784
59090816,1342,56,1286
59090817,2446,169,2277
59090818,1645,52,1593
59090819,1619,123,1496
59090820,298,0,298
59090821,1039,77,962
59090822,743,29,714
59090824,670,47,623
59090825,496,42,454
59090826,343,30,313
59090828,412,93,319
59090829,485,130,355
59090830,621,81,540
59090831,458,90,368
59090832,596,33,563
59090833,1388,117,1271
59090834,651,95,556
59090836,754,75,679
59090837,624,89,535
59090838,859,106,753
59090839,475,23,452
59090840,15,7,8
59090841,579,0,579
59090842,1025,147,878
59090843,324,206,118
59090845,1202,35,1167
59090846,904,37,867
59090847,1035,71,964
59090848,905,38,867
59090849,837,44,793
59090850,543,36,507
59090851,1686,162,1524
59090852,1397,62,1335
59090853,1424,63,1361
59090854,619,36,583
59090856,568,53,515
59090857,500,24,476
59090859,996,36,960
59090861,542,47,495
59090863,495,39,456
59090864,236,10,226
59090865,947,72,875
59090866,537,36,501
59090868,873,27,846
59090869,675,72,603
59090870,742,171,571
59090871,5,1,4
59090872,329,38,291
59090873,0,0,0
59150004,386,5,381
59150005,501,11,490
59150006,421,1,420
59150007,585,4,581
59150008,610,0,610
59150009,400,7,393
59150010,870,5,865
59150012,516,0,516
59150013,353,0,353
59150014,1113,0,1113
59150015,502,2,500
59150016,400,0,400
59150017,294,2,292
59150018,637,26,611
59150019,654,5,649
59150020,405,0,405
59150021,296,0,296
59150022,291,0,291
59150023,585,3,582
59150024,344,1,343
59150025,641,5,636
59150027,585,0,585
59150028,438,0,438
59150029,449,0,449
59150030,531,0,531
59150031,685,0,685
59150032,400,0,400
59150033,485,4,481
59150034,436,0,436
59150035,956,1,955
59150036,532,0,532
59150037,455,8,447
59150038,422,0,422
59150039,382,8,374
59150040,389,0,389
59150041,471,0,471
59150042,383,0,383
59150043,546,0,546
59150044,496,5,491
59150045,595,20,575
59150046,469,0,469
59150047,419,0,419
59150048,438,0,438
59150049,517,0,517
59150050,518,14,504
59150051,487,3,484
59150052,377,0,377
59150053,601,1,600
59150054,626,0,626
59150055,564,0,564
59150056,557,8,549
59150059,1043,12,1031
59150062,1071,8,1063
59150064,488,0,488
59150067,429,69,360
59150068,447,0,447
59150069,607,5,602
59150070,440,17,423
59150071,489,8,481
59150072,1072,7,1065
59150073,1060,48,1012
59150074,877,67,810
59150075,427,27,400
59150076,551,32,519
59150077,429,11,418
59150078,764,1,763
59150079,605,4,601
59150080,340,3,337
59150081,671,11,660
59150082,790,15,775
59150083,560,13,547
59150084,950,30,920
59150085,934,16,918
59150086,788,13,775
59150087,553,19,534
59150088,564,14,550
59150089,633,9,624
59150090,610,35,575
59150091,703,10,693
59150092,546,9,537
59150093,665,9,656
59150094,732,27,705
59150095,490,0,490
59150096,613,0,613
59150097,743,33,710
59150098,478,11,467
59150099,618,8,610
59150100,659,5,654
59150101,461,8,453
59150102,372,0,372
59150103,718,33,685
59150104,571,23,548
59150105,366,0,366
59150106,924,1,923
59150107,492,0,492
59150108,337,0,337
59150109,637,9,628
59150110,559,10,549
59150111,537,2,535
59150112,872,16,856
59150113,926,0,926
59150114,555,26,529
59150115,413,3,410
59150116,444,5,439
59150117,564,40,524
59150118,711,6,705
59150119,752,40,712
59150120,710,5,705
59150121,577,6,571
59150122,530,30,500
59150123,862,8,854
59150124,882,0,882
59150125,515,0,515
59150126,760,0,760
59150127,859,13,846
59150129,539,0,539
59150130,757,18,739
59150131,587,0,587
59150132,851,26,825
59150133,426,4,422
59150134,495,8,487
59150135,641,33,608
59150136,511,11,500
59150137,468,0,468
59150140,562,4,558
59150141,1453,28,1425
59150142,632,30,602
59150143,525,0,525
59150145,843,14,829
59150146,548,8,540
59150147,434,6,428
59150148,486,9,477
59150152,438,8,430
59150153,760,0,760
59150157,445,8,437
59150158,578,0,578
59150159,732,1,731
59150160,758,23,735
59150161,688,41,647
59150162,431,7,424
59150163,662,9,653
59150164,568,25,543
59150165,530,8,522
59150166,280,0,280
59150167,482,21,461
59150174,407,0,407
59150175,417,4,413
59150176,681,7,674
59150177,299,0,299
59150178,771,12,759
59150179,435,2,433
59150180,560,0,560
59150181,505,10,495
59150182,815,0,815
59150183,814,13,801
59150184,548,15,533
59150185,785,0,785
59150186,683,0,683
59150187,1148,12,1136
59150188,493,0,493
59150189,650,15,635
59150190,651,32,619
59150191,667,16,651
59150192,1078,38,1040
59150193,551,0,551
59150194,561,26,535
59150195,745,5,740
59150196,576,16,560
59150197,679,28,651
59150198,681,26,655
59150199,621,9,612
59150200,756,19,737
59150201,650,22,628
59150202,804,13,791
59150203,641,15,626
59150204,807,5,802
59150205,658,11,647
59150206,608,17,591
59150207,552,6,546
59150208,656,0,656
59150209,716,13,703
59150210,723,36,687
59150211,690,1,689
59150212,383,5,378
59150213,616,17,599
59150214,351,6,345
59150219,656,46,610
59150220,621,1,620
59150221,971,36,935
59150222,558,4,554
59150223,471,18,453
59150224,1704,18,1686
59150225,472,2,470
59150226,372,0,372
59150227,525,0,525
59150228,1327,43,1284
59150229,415,0,415
59150230,1316,10,1306
59150231,267,8,259
59150232,726,12,714
59150233,2047,431,1616
59150234,733,10,723
59150235,903,13,890
59150236,739,0,739
59150237,696,10,686
59150238,549,15,534
59150239,889,8,881
59150240,1657,27,1630
59150241,958,9,949
59150242,801,39,762
59150243,963,0,963
59150244,1037,2,1035
59150245,578,8,570
59150246,465,7,458
59150249,524,16,508
59150250,480,27,453
59150251,433,10,423
59150252,819,10,809
59150253,752,14,738
59150254,483,31,452
59150255,492,0,492
59150260,613,0,613
59150261,460,0,460
59150262,331,0,331
59150263,485,39,446
59150264,297,0,297
59150265,447,0,447
59150266,1487,82,1405
59150267,1045,22,1023
59150268,599,0,599
59150269,314,8,306
59150270,271,1,270
59150271,497,23,474
59150272,578,0,578
59150273,485,22,463
59150274,521,7,514
59150275,449,0,449
59150276,482,24,458
59150277,451,0,451
59150278,756,17,739
59150279,742,4,738
59150280,390,10,380
59150281,502,6,496
59150282,597,2,595
59150283,391,27,364
59150284,567,11,556
59150285,555,12,543
59150286,782,8,774
59150287,571,12,559
59150288,634,0,634
59150289,509,21,488
59150290,519,10,509
59150291,532,13,519
59150292,477,9,468
59150293,495,1,494
59150294,465,1,464
59150295,592,4,588
59150296,530,0,530
59150297,621,21,600
59150298,546,28,518
59150299,714,4,710
59150300,501,13,488
59150301,544,15,529
59150302,525,18,507
59150303,572,3,569
59150304,511,0,511
59150305,441,0,441
59150306,236,0,236
59150307,652,50,602
59150308,520,10,510
59150309,701,5,696
59150310,583,41,542
59150311,496,9,487
59150312,542,24,518
59150313,1022,54,968
59150314,495,8,487
59150315,496,2,494
59150316,532,4,528
59150317,468,8,460
59150318,573,20,553
59150319,497,9,488
59150320,761,25,736
59150321,532,12,520
59150322,428,7,421
59150323,621,14,607
59150324,610,12,598
59150325,537,20,517
59150326,695,30,665
59150327,553,12,541
59150328,547,0,547
59150329,940,30,910
59150330,531,25,506
59150331,819,11,808
59150332,724,14,710
59150333,484,21,463
59150334,539,0,539
59150335,651,0,651
59150336,631,13,618
59150337,477,26,451
59150338,543,0,543
59150339,575,8,567
59150340,614,48,566
59150341,466,1,465
59150342,447,1,446
59150343,421,6,415
59150344,504,17,487
59150345,676,5,671
59150346,422,9,413
59150347,580,74,506
59150348,607,32,575
59150349,445,57,388
59150350,595,176,419
59150351,477,34,443
59150352,801,42,759
59150353,524,11,513
59150354,575,83,492
59150355,543,211,332
59150356,512,1,511
59150357,971,37,934
59150358,583,12,571
59150359,511,55,456
59150360,660,8,652
59150361,553,15,538
59150362,455,32,423
59150363,495,23,472
59150364,525,6,519
59150365,370,20,350
59150366,673,39,634
59150367,1330,52,1278
59150368,547,8,539
59150369,581,60,521
59150370,1411,50,1361
59150371,574,7,567
59150372,806,23,783
59150373,759,0,759
59150375,499,15,484
59150376,489,13,476
59150377,530,10,520
59150378,911,5,906
59150379,609,18,591
59150380,577,1,576
59150381,616,1,615
59150382,516,10,506
59150383,533,17,516
59150384,428,0,428
59150385,451,52,399
59150386,518,16,502
59150387,421,32,389
59150388,844,11,833
59150389,750,0,750
59150390,637,0,637
59150391,538,43,495
59150392,614,0,614
59150393,640,10,630
59150394,539,10,529
59150395,673,7,666
59150396,631,8,623
59150397,476,0,476
59150398,532,11,521
59150399,515,9,506
59150400,625,27,598
59150401,656,0,656
59150402,646,1,645
59150403,683,17,666
59150404,555,0,555
59150405,494,0,494
59150406,787,11,776
59150407,802,32,770
59150408,797,9,788
59150409,518,17,501
59150410,663,0,663
59150412,480,0,480
59150414,687,8,679
59150415,936,7,929
59150416,591,22,569
59150417,484,0,484
59150419,463,9,454
59150420,562,13,549
59150421,686,1,685
59150422,952,5,947
59150423,495,1,494
59150424,801,39,762
59150425,397,9,388
59150426,484,11,473
59150427,600,8,592
59150428,525,4,521
59150429,581,40,541
59150430,500,0,500
59150431,608,0,608
59150432,854,33,821
59150433,426,0,426
59150434,517,7,510
59150435,623,13,610
59150436,929,6,923
59150437,1607,47,1560
59150438,863,0,863
59150439,517,17,500
59150440,675,0,675
59150441,682,0,682
59150442,665,0,665
59150443,715,0,715
59150444,801,12,789
59150445,669,0,669
59150446,548,7,541
59150447,631,11,620
59150448,648,0,648
59150449,664,18,646
59150450,615,8,607
59150451,529,38,491
59150452,444,10,434
59150453,564,0,564
59150454,609,11,598
59150455,724,25,699
59150457,784,10,774
59150459,520,10,510
59150460,554,15,539
59150461,380,2,378
59150462,465,19,446
59150463,602,2,600
59150465,556,6,550
59150466,509,6,503
59150468,606,7,599
59150469,684,0,684
59150470,613,6,607
59150471,571,17,554
59150472,430,6,424
59150473,699,7,692
59150474,602,7,595
59150475,734,8,726
59150476,945,1,944
59150477,658,19,639
59150478,814,0,814
59150479,507,7,500
59150480,572,6,566
59150481,511,0,511
59150482,749,6,743
59150483,527,19,508
59150484,723,0,723
59150485,553,0,553
59150486,411,0,411
59150487,465,0,465
59150488,655,3,652
59150489,629,0,629
59150490,561,8,553
59150491,414,5,409
59150492,613,18,595
59150493,484,43,441
59150494,410,10,400
59150495,683,1,682
59150496,620,12,608
59150497,642,11,631
59150498,619,33,586
59150499,654,29,625
59150500,751,1,750
59150503,541,14,527
59150504,1227,9,1218
59150505,678,0,678
59150506,389,0,389
59150507,536,0,536
59150508,520,0,520
59150509,455,10,445
59150510,459,0,459
59150511,629,1,628
59150512,477,0,477
59150513,509,12,497
59150514,650,0,650
59150515,394,0,394
59150516,491,0,491
59150517,414,3,411
59150518,426,0,426
59150519,627,0,627
59150520,2215,0,2215
59150521,671,12,659
59150522,627,0,627
59150523,655,7,648
59150524,536,8,528
59150525,544,12,532
59150526,597,11,586
59150527,570,10,560
59150528,586,4,582
59150529,556,6,550
59150530,616,8,608
59150531,804,9,795
59150532,641,8,633
59150533,663,19,644
59150534,574,0,574
59150535,622,16,606
59150536,421,13,408
59150537,587,14,573
59150538,277,10,267
59150539,572,8,564
59150540,599,9,590
59150541,799,0,799
59150542,518,0,518
59150543,658,0,658
59150544,1256,12,1244
59150545,745,14,731
59150546,695,10,685
59150547,537,0,537
59150548,431,6,425
59150549,503,0,503
59150550,671,20,651
59150551,505,5,500
59150552,452,0,452
59150553,598,0,598
59150554,501,0,501
59150555,688,0,688
59150556,921,6,915
59150557,666,6,660
59150558,593,12,581
59150559,551,8,543
59150560,607,0,607
59150561,534,0,534
59150562,583,5,578
59150563,679,13,666
59150564,645,0,645
59150565,555,9,546
59150566,586,3,583
59150567,582,7,575
59150568,626,0,626
59150569,907,0,907
59150570,529,6,523
59150571,603,0,603
59150572,365,0,365
59150573,1558,0,1558
59150575,579,23,556
59150577,853,18,835
59150578,533,0,533
59150579,422,6,416
59150580,506,0,506
59150581,376,0,376
59150582,598,0,598
59150583,604,33,571
59150584,668,36,632
59150585,523,0,523
59150586,581,23,558
59150587,606,7,599
59150588,617,0,617
59150589,492,6,486
59150590,573,25,548
59150591,661,0,661
59150592,648,7,641
59150593,589,28,561
59150594,478,0,478
59150595,702,5,697
59150596,511,5,506
59150597,765,1,764
59150598,622,19,603
59150599,653,6,647
59150600,526,12,514
59150601,730,6,724
59150602,422,8,414
59150603,423,0,423
59150604,651,7,644
59150605,508,3,505
59150606,760,4,756
59150607,727,14,713
59150608,551,2,549
59150609,548,13,535
59150610,709,5,704
59150611,720,5,715
59150612,591,12,579
59150613,686,1,685
59150614,694,9,685
59150615,512,12,500
59150616,632,21,611
59150617,574,21,553
59150618,707,10,697
59150619,623,10,613
59150620,564,41,523
59150621,504,17,487
59150622,487,8,479
59150623,504,9,495
59150624,573,12,561
59150625,622,8,614
59150626,576,30,546
59150627,534,31,503
59150628,737,8,729
59150629,554,12,542
59150630,1458,38,1420
59150631,1205,14,1191
59150632,1402,29,1373
59150633,750,10,740
59150634,546,0,546
59150635,591,6,585
59150636,665,23,642
59150637,505,16,489
59150638,699,6,693
59150639,535,28,507
59150640,399,9,390
59150641,723,20,703
59150642,685,20,665
59150643,648,0,648
59150644,668,14,654
59150645,492,2,490
59150646,635,20,615
59150647,610,0,610
59150648,243,0,243
59150649,672,1,671
59150650,499,14,485
59150651,380,9,371
59150652,637,12,625
59150653,484,15,469
59150654,633,22,611
59150655,503,1,502
59150656,486,7,479
59150657,570,0,570
59150658,714,6,708
59150659,633,7,626
59150660,555,2,553
59150661,627,8,619
59150662,488,0,488
59150663,504,0,504
59150664,515,2,513
59150665,507,8,499
59150666,474,5,469
59150667,458,0,458
59150668,497,0,497
59150669,313,1,312
59150670,565,7,558
59150671,441,29,412
59150672,697,0,697
59150673,599,4,595
59150674,488,10,478
59150675,671,18,653
59150676,576,5,571
59150677,558,18,540
59150678,622,8,614
59150679,430,22,408
59150680,698,0,698
59150681,475,19,456
59150682,774,49,725
59150683,593,2,591
59150684,786,9,777
59150685,990,15,975
59150686,353,39,314
59150687,515,0,515
59150688,540,8,532
59150689,459,0,459
59150690,595,26,569
59150691,600,0,600
59150692,668,9,659
59150693,423,19,404
59150694,500,14,486
59150695,596,5,591
59150696,533,9,524
59150697,710,10,700
59150698,605,11,594
59150699,520,18,502
59150700,542,0,542
59150701,563,34,529
59150702,514,0,514
59150703,500,15,485
59150704,669,8,661
59150705,566,14,552
59150706,316,4,312
59150707,413,17,396
59150708,856,0,856
59150709,1644,53,1591
59150710,626,13,613
59150711,1221,23,1198
59150712,547,14,533
59150713,489,18,471
59150714,253,3,250
59150715,508,29,479
59150716,495,96,399
59150717,366,21,345
59150718,516,43,473
59150719,427,49,378
59150720,582,40,542
59150721,450,22,428
59150722,496,10,486
59150723,479,24,455
59150724,475,5,470
59150725,528,7,521
59150726,483,34,449
59150727,485,14,471
59150728,517,9,508
59150729,755,0,755
59150730,486,0,486
59150731,704,2,702
59150732,509,6,503
59150733,588,4,584
59150734,800,8,792
59150735,701,9,692
59150736,742,13,729
59150737,493,2,491
59150738,524,8,516
59150739,441,23,418
59150740,498,0,498
59150741,515,17,498
59150742,639,4,635
59150743,588,8,580
59150744,487,13,474
59150745,629,0,629
59150746,524,23,501
59150747,345,60,285
59150748,578,100,478
59150749,608,17,591
59150750,773,46,727
59150751,661,0,661
59150752,303,7,296
59150753,268,0,268
59150754,439,10,429
59150755,780,175,605
59150756,214,0,214
59150757,1135,79,1056
59150758,490,15,475
59150759,299,15,284
59150760,343,47,296
59150761,231,50,181
59150762,694,38,656
59150763,250,40,210
59150777,1285,32,1253
59150779,1053,14,1039
59150780,2396,75,2321
59150782,489,11,478
59150784,641,0,641
59150785,1950,76,1874
59150786,808,27,781
59150787,491,22,469
59150788,728,10,718
59150790,1242,10,1232
59150791,610,19,591
59150792,905,13,892
59150793,1111,9,1102
59150795,942,11,931
59150816,341,12,329
59150817,584,3,581
59150819,434,4,430
59150820,557,25,532
59150821,482,4,478
59150822,447,29,418
59150823,477,14,463
59150824,409,16,393
59150827,499,8,491
59150828,747,8,739
59150831,657,23,634
59150832,873,18,855
59150837,454,20,434
59150840,433,17,416
59150841,538,0,538
59150845,722,14,708
59150846,836,33,803
59150850,2622,47,2575
59150859,433,9,424
59150861,636,15,621
59150863,598,9,589
59150864,507,6,501
59150865,734,23,711
59150866,572,29,543
59150871,568,8,560
59150872,426,0,426
59150873,521,18,503
59150874,622,37,585
59150875,511,13,498
59150876,597,9,588
59150877,367,8,359
59150878,557,25,532
59150879,574,9,565
59150880,521,2,519
59150881,607,10,597
59150882,680,2,678
59150883,480,0,480
59150884,302,12,290
59150885,443,9,434
59150886,574,0,574
59150887,544,0,544
59150888,484,7,477
59150889,534,0,534
59150890,604,24,580
59150891,560,1,559
59150892,460,0,460
59150893,560,19,541
59150894,637,6,631
59150895,558,0,558
59150896,532,1,531
59150897,632,1,631
59150898,509,0,509
59150899,564,1,563
59150900,446,1,445
59150901,462,0,462
59150902,537,4,533
59150903,516,0,516
59150904,431,0,431
59150905,538,3,535
59150906,506,0,506
59150907,648,0,648
59150908,550,0,550
59150909,573,10,563
59150910,508,10,498
59150911,594,6,588
59150912,524,0,524
59150913,525,0,525
59150914,513,0,513
59150915,514,10,504
59150916,465,0,465
59150917,495,5,490
59150918,464,0,464
59150919,450,2,448
59150920,536,1,535
59150922,511,0,511
59150923,628,35,593
59150924,649,6,643
59150925,562,17,545
59150926,761,11,750
59150927,689,9,680
59150928,491,0,491
59150929,459,11,448
59150930,465,0,465
59150931,490,0,490
59150932,470,0,470
59150933,479,7,472
59150934,412,0,412
59150935,476,6,470
59150936,653,9,644
59150937,575,0,575
59150938,349,0,349
59150939,1388,0,1388
59150940,429,34,395
59150941,0,0,0
59150942,369,0,369
59150945,448,10,438
59150946,461,19,442
59150947,1326,0,1326
59150948,780,0,780
59150952,700,618,82
59150953,592,0,592
59150954,473,7,466
59150955,615,0,615
59150956,617,0,617
59150957,540,1,539
59150958,402,6,396
59150959,538,2,536
59150960,479,14,465
59150961,510,4,506
59150962,498,1,497
59150963,475,1,474
59150964,622,1,621
59150965,437,1,436
59150966,541,4,537
59150967,620,35,585
59150968,547,14,533
59150969,608,0,608
59150970,550,8,542
59150971,543,1,542
59150972,614,1,613
59150973,684,0,684
59150974,545,9,536
59150975,728,14,714
59150976,657,10,647
59150977,834,0,834
59150978,435,7,428
59150979,485,13,472
59150980,529,7,522
59150981,421,0,421
59150982,508,1,507
59150983,697,10,687
59150984,508,9,499
59150985,644,0,644
59150986,533,0,533
59150987,1083,8,1075
59150992,550,0,550
59150993,932,0,932
59150994,549,0,549
59150995,2063,20,2043
59150996,1389,20,1369
59150997,631,0,631
59150998,1066,0,1066
59151002,645,10,635
59151008,706,12,694
59151013,1245,4,1241
59151014,424,0,424
59151015,451,3,448
59151016,807,0,807
59151017,458,0,458
59151018,516,0,516
59151019,436,1,435
59151020,629,1,628
59151022,595,1,594
59151023,626,0,626
59151024,583,0,583
59151025,669,0,669
59151026,1191,5,1186
59151027,585,0,585
59151028,509,6,503
59151029,423,0,423
59151030,1568,21,1547
59151031,319,0,319
59151032,436,0,436
59151033,435,3,432
59151034,523,15,508
59151035,233,0,233
59151036,353,0,353
59151037,576,4,572
59151038,531,0,531
59151039,1125,0,1125
59151040,671,10,661
59151041,774,6,768
59151042,1199,18,1181
59151043,650,1,649
59151044,409,10,399
59151045,828,9,819
59151046,343,1,342
59151048,694,6,688
59151049,758,4,754
59151050,1706,4,1702
59151051,719,10,709
59151053,880,1,879
59151057,1590,4,1586
59151058,1927,0,1927
59151059,428,2,426
59151061,537,15,522
59151062,469,17,452
59151063,503,8,495
59151064,669,0,669
59151065,1252,25,1227
59151066,511,10,501
59151067,447,16,431
59151068,395,31,364
59151072,509,0,509
59151073,600,0,600
59151074,1528,29,1499
59151075,365,0,365
59151076,516,0,516
59151077,503,7,496
59151078,557,8,549
59151079,438,13,425
59151080,1300,7,1293
59151081,463,0,463
59151082,429,8,421
59151083,535,0,535
59151084,470,9,461
59151085,738,1,737
59151086,323,1,322
59151087,486,7,479
59151088,595,1,594
59151089,421,6,415
59151090,545,11,534
59151091,880,13,867
59151092,480,7,473
59151093,725,17,708
59151094,417,15,402
59151095,657,9,648
59151097,690,9,681
59151098,567,23,544
59151099,514,0,514
59151100,473,8,465
59151101,581,7,574
59151102,1260,33,1227
59151103,382,11,371
59151104,479,1,478
59151105,760,46,714
59151106,470,0,470
59151107,979,5,974
59151108,883,24,859
59151112,449,6,443
59151113,753,6,747
59151116,777,6,771
59151117,517,22,495
59151118,697,15,682
59151121,444,0,444
59151122,679,1,678
59151123,588,1,587
59151124,758,1,757
59151125,476,1,475
59151126,408,1,407
59151127,602,1,601
59151128,266,0,266
59151129,928,22,906
59151130,455,2,453
59151131,645,6,639
59151132,574,0,574
59151133,920,3,917
59151134,802,2,800
59151135,1698,7,1691
59151136,939,1,938
59151137,1223,3,1220
59151138,1276,8,1268
59151139,987,24,963
59151141,2051,5,2046
59151142,557,6,551
59151143,1067,0,1067
59151145,714,26,688
59151146,1588,7,1581
59151147,1079,7,1072
59151148,1257,28,1229
59151149,1649,11,1638
59151150,513,0,513
59151151,733,5,728
59151152,718,0,718
59151153,703,0,703
59151154,379,9,370
59151155,868,19,849
59151156,520,0,520
59151157,581,0,581
59151158,456,15,441
59151159,464,0,464
59151160,803,3,800
59151161,602,11,591
59151162,398,8,390
59151163,715,11,704
59151164,916,11,905
59151165,421,4,417
59151166,360,0,360
59151167,830,0,830
59151168,469,21,448
59151169,919,0,919
59151170,623,0,623
59151171,351,0,351
59151172,524,0,524
59151173,1436,13,1423
59151174,760,0,760
59151175,645,0,645
59151176,251,0,251
59151177,695,6,689
59151178,797,9,788
59151179,737,5,732
59151180,507,5,502
59151182,676,1,675
59151195,1252,17,1235
59151196,565,3,562
59151197,1494,4,1490
59151198,453,2,451
59151199,498,2,496
59151200,448,7,441
59151201,366,2,364
59151202,464,0,464
59151203,597,10,587
59151204,690,1,689
59151205,282,1,281
59151206,715,12,703
59151207,547,11,536
59151208,792,14,778
59151209,598,1,597
59151211,514,5,509
59151213,580,8,572
59151214,436,5,431
59151215,520,16,504
59151216,590,8,582
59151217,415,9,406
59151219,427,2,425
59151220,488,0,488
59151221,738,13,725
59151222,618,9,609
59151223,663,0,663
59151224,769,0,769
59151225,593,12,581
59151226,705,3,702
59151227,621,20,601
59151228,599,10,589
59151229,906,22,884
59151230,362,33,329
59151231,305,0,305
59151232,615,1,614
59151234,299,10,289
59151236,1153,20,1133
59151237,618,5,613
59151238,537,29,508
59151239,532,0,532
59151240,626,20,606
59151241,733,8,725
59151242,690,27,663
59151243,545,8,537
59151244,733,17,716
59151252,1925,7,1918
59151253,889,17,872
59151254,1788,74,1714
59151255,874,16,858
59151256,548,14,534
59151257,784,0,784
59151258,936,37,899
59151259,858,0,858
59151260,478,9,469
59151261,652,13,639
59151262,655,51,604
59151263,520,22,498
59151264,587,10,577
59151265,523,0,523
59151266,524,9,515
59151267,918,5,913
59151268,589,17,572
59151269,755,11,744
59151270,660,8,652
59151271,691,21,670
59151272,665,23,642
59151273,686,12,674
59151274,434,4,430
59151275,625,0,625
59151276,622,41,581
59151277,290,27,263
59151278,690,10,680
59151279,630,16,614
59151280,456,8,448
59151281,571,10,561
59151282,723,12,711
59151283,777,13,764
59151284,671,22,649
59151286,927,10,917
59151288,765,0,765
59151289,658,4,654
59151290,904,13,891
59151291,667,9,658
59151292,916,0,916
59151293,702,46,656
59151294,397,0,397
59151297,251,5,246
59151298,1293,6,1287
59151299,1067,47,1020
59151300,445,6,439
59151302,1818,3,1815
59151304,1042,16,1026
59151305,1082,29,1053
59151307,917,11,906
59151308,414,20,394
59151309,486,5,481
59151310,601,7,594
59151311,868,0,868
59151312,523,0,523
59151313,1457,16,1441
59151314,596,33,563
59151315,749,9,740
59151316,805,0,805
59151317,584,6,578
59151318,393,0,393
59151319,719,10,709
59151320,769,0,769
59151321,614,0,614
59151322,937,4,933
59151323,652,0,652
59151324,399,4,395
59151325,277,13,264
59151326,544,3,541
59151327,466,7,459
59151328,890,11,879
59151329,1426,9,1417
59151332,776,10,766
59151336,1298,81,1217
59151338,2556,24,2532
59151339,522,0,522
59151340,1342,10,1332
59151341,809,33,776
59151342,403,0,403
59151343,894,55,839
59151345,791,10,781
59151346,548,0,548
59151347,711,13,698
59151348,567,34,533
59151349,367,9,358
59151350,730,18,712
59151351,810,5,805
59151352,413,70,343
59151353,407,8,399
59151354,482,21,461
59151355,626,3,623
59151356,1253,10,1243
59151357,629,18,611
59151358,511,21,490
59151359,626,10,616
59151360,579,6,573
59151361,578,6,572
59151362,591,7,584
59151363,661,19,642
59151364,736,8,728
59151365,571,4,567
59151366,442,0,442
59151367,578,6,572
59151368,601,1,600
59151369,723,12,711
59151370,800,3,797
59151371,620,14,606
59151372,575,9,566
59151373,731,13,718
59151374,725,13,712
59151375,586,10,576
59151376,862,9,853
59151377,475,9,466
59151378,388,11,377
59151379,324,0,324
59151380,639,10,629
59151381,693,18,675
59151382,646,0,646
59151383,686,17,669
59151384,466,3,463
59151385,744,0,744
59151386,692,4,688
59151387,786,5,781
59151388,551,30,521
59151389,683,64,619
59151390,663,16,647
59151391,575,0,575
59151392,624,34,590
59151393,497,0,497
59151394,949,0,949
59151395,511,11,500
59151396,416,7,409
59151397,895,5,890
59151399,1142,21,1121
59151400,401,29,372
59151401,612,31,581
59151404,539,10,529
59151405,1166,37,1129
59151406,5829,33,5796
59151407,554,18,536
59151408,462,28,434
59151409,579,67,512
59151410,582,9,573
59151411,760,37,723
59151412,552,10,542
59151413,628,23,605
59151414,804,1,803
59151415,583,9,574
59151416,545,20,525
59151417,513,33,480
59151418,618,48,570
59151419,512,25,487
59151420,571,10,561
59151423,913,15,898
59151424,592,12,580
59151425,613,65,548
59151426,541,17,524
59151427,596,9,587
59151428,553,4,549
59151429,622,25,597
59151430,449,0,449
59151432,550,8,542
59151433,471,12,459
59151434,444,7,437
59151435,502,21,481
59151436,512,16,496
59151437,452,22,430
59151438,451,9,442
59151439,529,17,512
59151440,518,20,498
59151441,540,9,531
59151442,539,8,531
59151443,472,0,472
59151444,896,2,894
59151445,648,0,648
59151446,652,42,610
59151448,690,29,661
59151449,546,13,533
59151450,705,13,692
59151451,598,9,589
59151452,568,1,567
59151453,667,6,661
59151454,583,0,583
59151455,966,11,955
59151456,780,8,772
59151457,524,0,524
59151458,693,0,693
59151459,531,11,520
59151460,420,6,414
59151461,647,6,641
59151463,464,0,464
59151464,430,1,429
59151465,470,9,461
59151467,531,5,526
59151469,677,1,676
59151470,714,9,705
59151471,668,13,655
59151472,558,8,550
59151473,621,1,620
59151474,680,10,670
59151475,770,0,770
59151476,774,9,765
59151477,863,13,850
59151478,694,9,685
59151479,672,10,662
59151480,561,8,553
59151481,642,8,634
59151482,579,13,566
59151483,646,42,604
59151484,444,9,435
59151485,541,1,540
59151486,750,11,739
59151487,1517,0,1517
59151488,729,9,720
59151489,750,6,744
59151490,685,25,660
59151491,705,11,694
59151492,774,34,740
59151493,699,10,689
59151494,423,4,419
59151495,548,0,548
59151496,590,9,581
59151497,627,0,627
59151498,834,11,823
59151499,847,0,847
59151507,748,17,731
59151508,487,20,467
59151509,627,29,598
59151520,861,0,861
59151521,349,10,339
59151522,414,18,396
59151523,582,7,575
59151524,911,30,881
59151525,1253,23,1230
59151526,521,5,516
59151527,917,14,903
59151528,1693,16,1677
59151529,288,10,278
59151530,1096,47,1049
59151531,763,38,725
59151532,722,29,693
59151533,663,20,643
59151534,483,26,457
59151535,472,0,472
59151536,1015,8,1007
59151537,530,42,488
59151538,773,11,762
59151539,595,5,590
59151540,559,1,558
59151541,287,9,278
59151542,756,43,713
59151543,759,46,713
59151544,503,39,464
59151545,891,29,862
59151547,517,20,497
59151553,678,21,657
59151554,612,0,612
59151555,697,20,677
59151556,552,41,511
59151557,581,20,561
59151558,459,21,438
59151559,1145,15,1130
59151560,461,0,461
59151561,614,0,614
59151562,490,7,483
59151563,597,17,580
59151564,615,3,612
59151565,1005,15,990
59151566,1599,4,1595
59151567,593,0,593
59151568,838,74,764
59151569,574,13,561
59151570,736,0,736
59151571,707,23,684
59151572,0,0,0
59151573,874,71,803
59151574,491,11,480
59151575,466,0,466
59151576,498,5,493
59151577,369,6,363
59151578,463,10,453
59151579,910,51,859
59151580,927,17,910
59151581,582,0,582
59151582,646,24,622
59151583,560,12,548
59151584,561,0,561
59151585,662,7,655
59151586,640,12,628
59151587,638,18,620
59151588,623,3,620
59151589,576,1,575
59151590,564,0,564
59151591,549,0,549
59151592,444,9,435
59151593,404,29,375
59151594,648,0,648
59151595,559,0,559
59151597,571,0,571
59151598,412,15,397
59151599,445,0,445
59151600,711,10,701
59151601,481,37,444
59151602,960,54,906
59151603,519,8,511
59151605,908,15,893
59151606,656,21,635
59151607,872,1,871
59151608,343,5,338
59151609,781,30,751
59151610,685,23,662
59151611,634,25,609
59151612,671,28,643
59151613,316,6,310
59151614,525,8,517
59151616,426,7,419
59151617,781,10,771
59151618,855,43,812
59151619,462,20,442
59151620,495,0,495
59151621,403,9,394
59151622,478,2,476
59151624,0,0,0
59151625,1107,17,1090
59151626,604,7,597
59151634,394,13,381
59151635,771,4,767
59151636,281,1,280
59151637,844,5,839
59151638,592,17,575
59151639,299,1,298
59151640,677,48,629
59151641,882,35,847
59151642,715,12,703
59151643,686,33,653
59151644,345,25,320
59151645,575,5,570
59151646,441,3,438
59151647,912,27,885
59151648,619,20,599
59151649,671,32,639
59151650,1242,30,1212
59151651,1972,10,1962
59151652,1436,6,1430
59151653,1027,17,1010
59151654,328,13,315
59151655,541,25,516
59151658,438,8,430
59151659,524,27,497
59151660,553,28,525
59151661,387,10,377
59151662,1716,44,1672
59151663,452,31,421
59151664,521,0,521
59151665,447,0,447
59151666,625,16,609
59151667,1346,39,1307
59151668,498,31,467
59151669,628,8,620
59151670,458,24,434
59151671,567,0,567
59151673,557,20,537
59151674,684,47,637
59151675,441,25,416
59151676,641,62,579
59151677,519,11,508
59151678,463,33,430
59151679,558,10,548
59151680,559,0,559
59151681,755,34,721
59151682,781,45,736
59151683,877,42,835
59151684,555,9,546
59151685,639,19,620
59151686,570,48,522
59151687,488,13,475
59151688,910,51,859
59151689,860,84,776
59151690,679,62,617
59151691,536,1,535
59151692,544,36,508
59151694,1118,75,1043
59151695,738,9,729
59151696,2152,26,2126
59151697,511,18,493
59151698,601,35,566
59151699,362,27,335
59151700,494,6,488
59151701,357,26,331
59151702,459,8,451
59151704,543,5,538
59151705,618,5,613
59151706,321,29,292
59151707,308,0,308
59151708,7112,107,7005
59151709,3494,62,3432
59151713,376,17,359
59151714,4366,35,4331
59151715,1075,0,1075
59151716,765,24,741
59151717,636,7,629
59151718,416,11,405
59151719,2059,11,2048
59151720,1089,13,1076
59151721,1215,0,1215
59151723,436,0,436
59151724,569,2,567
59151726,523,4,519
59151727,688,1,687
59151728,503,26,477
59151733,1208,4,1204
59151734,866,0,866
59151735,882,8,874
59151736,367,0,367
59151737,441,0,441
59151738,352,0,352
59151739,659,20,639
59151741,554,6,548
59151742,377,8,369
59151743,428,0,428
59151744,443,0,443
59151745,406,2,404
59151746,405,0,405
59151747,551,8,543
59151748,541,0,541
59151749,357,0,357
59151750,490,0,490
59151751,394,0,394
59151752,543,0,543
59151753,457,0,457
59151756,377,13,364
59151757,488,8,480
59151758,449,0,449
59151759,487,0,487
59151760,545,3,542
59151761,512,4,508
59151762,431,6,425
59151763,433,0,433
59151764,725,8,717
59151765,596,7,589
59151766,912,21,891
59151767,676,21,655
59151768,669,1,668
59151769,491,8,483
59151770,369,9,360
59151771,596,16,580
59151772,572,7,565
59151774,268,0,268
59151775,1146,10,1136
59151776,883,32,851
59151777,585,6,579
59151778,635,24,611
59151779,607,21,586
59151780,493,15,478
59151781,1158,35,1123
59151782,401,26,375
59151783,565,61,504
59151784,451,40,411
59151785,592,43,549
59151786,786,55,731
59151787,579,37,542
59151788,282,47,235
59151789,340,4,336
59151790,519,34,485
59151791,872,43,829
59151792,397,33,364
59151793,1011,38,973
59151794,454,9,445
59151795,487,49,438
59151796,550,12,538
59151797,431,5,426
59151798,455,18,437
59151799,383,39,344
59151800,710,42,668
59151801,706,9,697
59151802,681,40,641
59151803,410,15,395
59151804,479,22,457
59151805,933,42,891
59151806,230,10,220
59151807,296,68,228
59151808,486,33,453
59151809,1168,99,1069
59151810,1572,55,1517
59151811,528,11,517
59151816,765,103,662
59151817,742,47,695
59151818,289,10,279
59151819,1038,14,1024
59151820,601,15,586
59151821,811,14,797
59151822,384,19,365
59151824,631,54,577
59151825,259,32,227
59151827,1780,66,1714
59151828,589,6,583
59151829,719,10,709
59151830,645,25,620
59151831,2226,49,2177
59151832,248,10,238
59151833,287,263,24
59151838,1008,9,999
59151839,316,5,311
59151840,878,22,856
59151841,784,31,753
59151842,870,30,840
59151843,921,8,913
59151844,576,3,573
59151845,1753,23,1730
59151846,705,10,695
59151847,551,26,525
59151848,897,28,869
59151849,512,32,480
59151850,517,6,511
59151851,634,9,625
59151852,484,28,456
59151853,1338,7,1331
59151854,815,9,806
59151855,533,0,533
59151857,410,1,409
59151858,989,26,963
59151860,1085,34,1051
59151861,2560,6,2554
59151862,639,38,601
59151865,815,14,801
59151866,839,11,828
59151871,627,48,579
59151872,600,21,579
59151873,479,0,479
59151874,703,34,669
59151880,1784,14,1770
59151881,413,1,412
59151882,597,10,587
59151883,946,2,944
59151884,431,9,422
59151885,659,20,639
59151886,708,46,662
59151887,1081,40,1041
59151888,711,9,702
59151889,817,21,796
59151890,667,7,660
59151891,601,17,584
59151892,810,0,810
59151893,457,0,457
59151897,489,0,489
59151898,1437,10,1427
59151899,1381,0,1381
59151900,504,8,496
59151901,508,23,485
59151902,522,8,514
59151903,758,92,666
59151904,672,14,658
59151905,808,38,770
59151906,648,34,614
59151907,685,2,683
59151908,592,49,543
59151909,582,16,566
59151910,582,31,551
59151911,882,67,815
59151912,697,100,597
59151913,435,12,423
59151914,574,10,564
59151915,695,33,662
59151916,632,20,612
59151917,631,50,581
59151918,654,27,627
59151919,883,87,796
59151920,790,31,759
59151921,1114,78,1036
59151922,884,31,853
59151923,825,44,781
59151924,634,47,587
59151925,811,25,786
59151926,657,27,630
59151927,489,14,475
59151929,1164,140,1024
59151931,1729,76,1653
59151932,1176,166,1010
59151933,1315,46,1269
59151934,749,49,700
59151935,604,31,573
59151936,1237,48,1189
59151937,613,26,587
59151938,995,24,971
59151939,639,12,627
59151940,438,14,424
59151941,583,36,547
59151942,647,49,598
59151943,567,9,558
59151944,1320,31,1289
59151945,665,0,665
59151948,486,26,460
59151949,2431,36,2395
59151950,1045,29,1016
59151951,1943,41,1902
59151952,270,4,266
59151955,565,19,546
59151956,865,11,854
59151957,365,1,364
59151958,712,43,669
59151959,493,0,493
59151960,909,16,893
59151961,1370,6,1364
59151962,1063,33,1030
59151963,723,40,683
59151964,832,22,810
59151965,874,8,866
59151968,761,0,761
59151969,1025,8,1017
59151970,645,16,629
59151971,807,0,807
59151972,488,0,488
59151973,684,0,684
59151974,1364,172,1192
59151975,1005,34,971
59151978,632,37,595
59151979,720,56,664
59151980,284,10,274
59151986,1380,10,1370
59151987,399,0,399
59151988,777,4,773
59151989,386,1,385
59151990,998,35,963
59151991,593,19,574
59151992,965,22,943
59151993,495,0,495
59151994,694,11,683
59151995,894,17,877
59151997,632,33,599
59151998,371,19,352
59151999,590,3,587
59152000,813,30,783
59152001,955,38,917
59152003,658,24,634
59152004,664,4,660
59152005,604,25,579
59152006,1014,9,1005
59152007,478,1,477
59152008,773,7,766
59152009,397,17,380
59152010,522,39,483
59152011,686,0,686
59152012,836,8,828
59152013,467,12,455
59152014,1727,0,1727
59152015,559,28,531
59152016,592,33,559
59152017,431,13,418
59152018,962,51,911
59152019,490,28,462
59152021,899,10,889
59152022,1354,27,1327
59152024,895,31,864
59152025,1858,9,1849
59152026,1896,8,1888
59152027,543,0,543
59152028,1760,20,1740
59152029,1199,10,1189
59152030,893,10,883
59152032,532,10,522
59152033,969,5,964
59152034,910,8,902
59152035,687,8,679
59152036,853,48,805
59152037,499,0,499
59152040,969,58,911
59152041,728,38,690
59152042,1475,50,1425
59152043,278,0,278
59152044,958,28,930
59152046,485,46,439
59152047,902,0,902
59152048,733,17,716
59152049,798,36,762
59152050,798,0,798
59152051,690,9,681
59152052,1592,26,1566
59152053,1251,31,1220
59152054,1653,11,1642
59152055,371,13,358
59152056,347,15,332
59152057,1592,19,1573
59152058,333,8,325
59152059,691,21,670
59152060,867,15,852
59152061,687,3,684
59152062,588,0,588
59152063,1455,5,1450
59152064,3109,50,3059
59152065,1182,18,1164
59152066,702,50,652
59152067,1113,10,1103
59152068,673,4,669
59152069,763,0,763
59152070,440,20,420
59152071,1176,22,1154
59152072,1633,5,1628
59152073,928,14,914
59152074,1029,6,1023
59152075,831,31,800
59152076,548,0,548
59152077,428,0,428
59152078,2252,10,2242
59152079,824,2,822
59152080,532,1,531
59152081,909,11,898
59152082,1967,38,1929
59152083,506,6,500
59152084,282,0,282
59152086,637,6,631
59152087,486,0,486
59152088,477,20,457
59152089,633,34,599
59152090,626,40,586
59152091,1438,22,1416
59152092,1839,41,1798
59152093,189,0,189
59152094,806,0,806
59152095,749,0,749
59152096,720,76,644
59152097,456,29,427
59152100,554,12,542
59152101,1090,14,1076
59152102,1058,54,1004
59152104,671,0,671
59152105,739,44,695
59152106,1402,19,1383
59152107,1258,67,1191
59152108,785,6,779
59152109,1026,38,988
59152110,386,0,386
59152111,582,0,582
59152112,1362,41,1321
59152113,1071,39,1032
59152114,789,23,766
59152115,629,20,609
59152116,1025,49,976
59152117,827,6,821
59152118,842,8,834
59152119,619,21,598
59152120,1022,10,1012
59152121,740,0,740
59152122,814,16,798
59152123,601,28,573
59152124,1247,101,1146
59152125,904,29,875
59152126,532,0,532
59152127,418,0,418
59152128,687,60,627
59152129,552,0,552
59152130,445,9,436
59152131,460,0,460
59152132,667,50,617
59152133,489,40,449
59152134,555,15,540
59152135,743,12,731
59152136,742,4,738
59152137,514,8,506
59152138,515,23,492
59152139,596,38,558
59152140,496,5,491
59152143,558,9,549
59152144,544,0,544
59152145,770,10,760
59152146,641,0,641
59152147,671,38,633
59152148,324,18,306
59152149,599,12,587
59152150,415,9,406
59152151,482,11,471
59152152,635,14,621
59152153,600,48,552
59152154,642,17,625
59152155,810,29,781
59152156,534,0,534
59152157,367,0,367
59152158,1128,54,1074
59152159,638,0,638
59152160,368,22,346
59152163,591,19,572
59152164,508,7,501
59152165,724,40,684
59152166,903,22,881
59152167,501,32,469
59152169,535,29,506
59152170,329,20,309
59152171,704,13,691
59152172,692,6,686
59152173,720,0,720
59152174,1380,15,1365
59152175,1132,30,1102
59152176,1354,62,1292
59152177,956,27,929
59152178,703,0,703
59152179,569,34,535
59152180,498,24,474
59152181,617,9,608
59152182,535,12,523
59152183,666,28,638
59152184,919,35,884
59152185,861,28,833
59152186,1056,75,981
59152187,401,52,349
59152188,727,23,704
59152189,897,25,872
59152190,498,32,466
59152191,619,38,581
59152192,678,10,668
59152193,866,20,846
59152194,493,15,478
59152195,536,24,512
59152196,952,23,929
59152197,676,19,657
59152198,723,46,677
59152199,708,20,688
59152200,678,39,639
59152201,2562,123,2439
59152202,1365,64,1301
59152203,511,38,473
59152204,744,4,740
59152205,884,46,838
59152206,1083,65,1018
59152207,742,0,742
59152208,757,43,714
59152209,990,10,980
59152210,522,3,519
59152211,389,8,381
59152212,567,0,567
59152213,1125,56,1069
59152214,793,15,778
59152217,1089,90,999
59152218,576,20,556
59152219,652,20,632
59152220,637,10,627
59152221,502,8,494
59152222,554,8,546
59152223,614,15,599
59152224,864,10,854
59152225,943,30,913
59152226,549,6,543
59152227,664,11,653
59152228,765,0,765
59152229,906,34,872
59152230,499,10,489
59152231,837,0,837
59152232,687,8,679
59152233,854,17,837
59152234,813,10,803
59152235,732,18,714
59152236,601,11,590
59152237,846,32,814
59152238,844,20,824
59152239,668,0,668
59152240,936,2,934
59152241,644,0,644
59152242,732,8,724
59152243,662,2,660
59152244,912,14,898
59152245,617,12,605
59152246,594,46,548
59152247,590,28,562
59152248,531,43,488
59152249,673,74,599
59152250,532,0,532
59152251,1134,46,1088
59152253,1198,6,1192
59152254,684,6,678
59152255,1554,189,1365
59152256,431,18,413
59152257,543,18,525
59152258,539,0,539
59152259,2958,40,2918
59152260,451,11,440
59152264,548,22,526
59152265,789,11,778
59152266,472,8,464
59152267,461,6,455
59152268,671,16,655
59152269,496,0,496
59152270,729,29,700
59152271,438,0,438
59152272,240,0,240
59152273,898,13,885
59152274,514,7,507
59152275,3355,53,3302
59152276,1711,148,1563
59152277,796,12,784
59152278,551,9,542
59152279,829,15,814
59152280,335,6,329
59152281,532,4,528
59152282,548,0,548
59152283,278,0,278
59152284,1265,22,1243
59152285,712,10,702
59152286,1581,9,1572
59152288,1004,0,1004
59152289,1000,10,990
59152290,396,0,396
59152291,977,51,926
59152292,604,0,604
59152294,1351,3,1348
59152295,2442,31,2411
59152296,6478,102,6376
59152297,2382,13,2369
59152299,880,49,831
59152300,522,0,522
59152302,1102,77,1025
59152303,821,36,785
59152304,542,20,522
59152305,763,6,757
59152306,711,68,643
59152307,526,19,507
59152308,778,53,725
59152309,572,35,537
59152312,1557,6,1551
59152313,532,23,509
59152314,541,48,493
59152315,636,21,615
59152316,496,10,486
59152317,654,88,566
59152318,681,50,631
59152319,727,15,712
59152320,752,22,730
59152321,989,89,900
59152322,432,11,421
59152323,713,29,684
59152324,517,25,492
59152325,613,48,565
59152326,772,9,763
59152327,729,34,695
59152328,636,32,604
59152329,348,19,329
59152330,684,78,606
59152331,735,27,708
59152332,741,11,730
59152333,681,72,609
59152334,692,21,671
59152335,715,36,679
59152336,568,44,524
59152337,916,11,905
59152338,469,32,437
59152339,552,1,551
59152340,2046,25,2021
59152341,789,40,749
59152342,312,10,302
59152343,916,32,884
59152344,719,17,702
59152345,1030,24,1006
59152346,990,78,912
59152347,781,71,710
59152348,429,41,388
59152350,772,60,712
59152351,609,86,523
59152352,613,0,613
59152353,382,12,370
59152354,521,28,493
59152355,483,1,482
59152356,515,22,493
59152357,269,14,255
59152358,873,113,760
59152359,869,50,819
59152360,452,5,447
59152361,446,34,412
59152362,522,12,510
59152363,509,8,501
59152364,449,22,427
59152365,587,26,561
59152366,584,15,569
59152367,551,39,512
59152368,514,24,490
59152369,1048,33,1015
59152370,1210,135,1075
59152371,314,5,309
59152372,850,1,849
59152373,372,1,371
59152374,709,40,669
59152375,682,10,672
59152377,1604,32,1572
59152380,394,23,371
59152381,636,22,614
59152382,770,30,740
59152383,287,6,281
59152384,511,15,496
59152385,806,56,750
59152386,520,20,500
59152387,397,21,376
59152388,636,71,565
59152389,1631,104,1527
59152390,453,29,424
59152391,743,29,714
59152392,1907,90,1817
59152393,526,24,502
59152394,1057,74,983
59152395,1540,41,1499
59152396,708,24,684
59152397,633,10,623
59152398,345,14,331
59152399,524,35,489
59152403,471,9,462
59152406,5200,134,5066
59152407,884,33,851
59152408,406,0,406
59152409,478,26,452
59152410,567,33,534
59152411,431,21,410
59152414,2014,35,1979
59152415,442,14,428
59152416,278,17,261
59152417,738,68,670
59152418,1948,49,1899
59152419,390,17,373
59152420,577,3,574
59152421,560,25,535
59152422,478,21,457
59152423,694,23,671
59152424,1150,48,1102
59152425,1016,37,979
59152426,630,10,620
59152428,1919,32,1887
59152431,849,18,831
59152432,1190,17,1173
59152433,42,34,8
59152434,666,15,651
59152435,936,26,910
59152436,631,32,599
59152437,674,52,622
59152439,726,48,678
59152440,505,11,494
59152441,442,43,399
59152442,731,33,698
59152443,539,21,518
59152444,355,50,305
59152445,779,4,775
59152446,515,33,482
59152448,508,36,472
59152449,437,32,405
59152450,780,32,748
59152451,661,32,629
59152452,281,9,272
59152453,720,45,675
59152454,696,22,674
59152455,1078,17,1061
59152456,1748,118,1630
59152458,504,18,486
59152459,490,15,475
59152460,709,63,646
59152461,545,54,491
59152462,796,34,762
59152463,756,22,734
59152464,660,8,652
59152465,354,0,354
59152466,645,11,634
59152467,440,17,423
59152468,474,31,443
59152469,483,1,482
59152470,435,53,382
59152471,390,23,367
59152472,513,15,498
59152474,1164,107,1057
59152477,781,67,714
59152478,421,9,412
59152479,823,39,784
59152480,1400,66,1334
59152481,498,11,487
59152482,265,11,254
59152483,994,62,932
59152491,576,33,543
59152492,389,15,374
59152494,506,37,469
59152495,439,7,432
59152496,659,31,628
59152497,1081,123,958
59152498,434,10,424
59152499,707,29,678
59152500,633,7,626
59152501,744,48,696
59152502,1114,41,1073
59152507,516,71,445
59152510,425,10,415
59152511,423,11,412
59152512,654,51,603
59152514,561,67,494
59152515,914,52,862
59152516,455,38,417
59152517,630,59,571
59152518,498,57,441
59152519,433,16,417
59152520,691,15,676
59152523,1092,88,1004
59152524,1261,48,1213
59152531,907,15,892
59152537,768,40,728
59152538,2502,125,2377
59152539,1033,20,1013
59152540,358,7,351
59152541,378,29,349
59152542,472,50,422
59152543,320,10,310
59152544,724,26,698
59152546,3163,124,3039
59152547,932,25,907
59152548,728,13,715
59152559,510,34,476
59152560,662,9,653
59152561,468,17,451
59152562,583,28,555
59152563,452,17,435
59152564,540,49,491
59152566,580,34,546
59152567,516,22,494
59152568,312,12,300
59152569,472,7,465
59152570,491,18,473
59152571,382,8,374
59152572,375,21,354
59152573,319,2,317
59152574,226,53,173
59152575,500,35,465
59152576,595,24,571
59152577,3496,96,3400
59152578,697,5,692
59152579,125,18,107
59152580,697,32,665
59152581,532,3,529
59152582,540,13,527
59152583,651,11,640
59152584,514,21,493
59152585,440,5,435
59152586,396,10,386
59152587,406,9,397
59152588,621,5,616
59152589,461,12,449
59152590,713,10,703
59152591,803,39,764
59152592,902,11,891
59152593,590,25,565
59152594,558,20,538
59152595,802,16,786
59152596,393,7,386
59152597,523,49,474
59152598,640,16,624
59152599,443,0,443
59152600,484,8,476
59152601,497,0,497
59152602,627,0,627
59152603,715,19,696
59152604,708,8,700
59152605,665,34,631
59152606,543,0,543
59152607,525,20,505
59152608,584,10,574
59152609,576,23,553
59152610,650,14,636
59152611,294,4,290
59152612,333,0,333
59152613,491,0,491
59152614,562,0,562
59152615,698,16,682
59152616,773,0,773
59152617,431,27,404
59152618,554,20,534
59152619,442,11,431
59152620,520,65,455
59152621,817,4,813
59152622,560,5,555
59152623,507,9,498
59152624,776,15,761
59152625,439,0,439
59152626,475,2,473
59152627,454,0,454
59152628,415,10,405
59152629,748,31,717
59152630,551,0,551
59152631,0,0,0
59152632,719,3,716
59152633,576,21,555
59152634,494,0,494
59152635,469,14,455
59152636,570,0,570
59152637,610,57,553
59152638,458,4,454
59152640,422,10,412
59152641,800,28,772
59152642,381,0,381
59152643,886,14,872
59152644,683,0,683
59152645,669,11,658
59152646,1481,38,1443
59152647,660,0,660
59152648,511,0,511
59152649,2482,5,2477
59152650,2006,84,1922
59152651,911,27,884
59152652,1610,78,1532
59152653,528,0,528
59152654,600,0,600
59152655,397,19,378
59152656,1338,10,1328
59152657,703,25,678
59152658,1194,8,1186
59152659,513,0,513
59152660,480,32,448
59152661,1100,11,1089
59152662,848,0,848
59152663,1058,47,1011
59152664,658,34,624
59152665,577,10,567
59152666,356,41,315
59152667,980,10,970
59152668,578,56,522
59152669,1023,47,976
59152670,652,0,652
59152671,598,62,536
59152672,484,9,475
59152673,508,22,486
59152674,631,0,631
59152675,548,22,526
59152676,784,19,765
59152677,568,13,555
59152679,768,32,736
59152681,1115,18,1097
59152682,481,8,473
59152683,496,12,484
59152684,527,23,504
59152685,465,33,432
59152687,1103,10,1093
59152689,926,8,918
59152690,415,0,415
59152692,472,0,472
59152695,513,10,503
59152696,694,8,686
59152697,500,19,481
59152698,527,0,527
59152699,568,16,552
59152700,598,34,564
59152701,499,31,468
59152702,432,25,407
59152703,594,55,539
59152704,896,20,876
59152705,470,29,441
59152706,410,3,407
59152710,505,22,483
59152711,788,61,727
59152712,459,9,450
59152713,582,23,559
59152714,402,5,397
59152715,442,3,439
59152716,745,59,686
59152717,283,23,260
59152718,730,26,704
59152719,869,127,742
59152720,481,5,476
59152721,480,19,461
59152722,838,31,807
59152723,528,0,528
59152724,409,5,404
59152725,734,24,710
59152726,574,36,538
59152730,881,8,873
59152731,426,0,426
59152732,407,48,359
59152733,502,0,502
59152734,582,27,555
59152735,494,32,462
59152736,497,26,471
59152737,517,19,498
59152738,445,2,443
59152739,354,0,354
59152740,607,30,577
59152741,482,24,458
59152742,560,0,560
59152743,391,10,381
59152744,676,0,676
59152745,341,0,341
59152746,964,67,897
59152747,369,0,369
59152748,425,7,418
59152749,687,3,684
59152750,447,25,422
59152751,1067,11,1056
59152752,816,10,806
59152756,865,22,843
59152757,288,0,288
59152758,902,45,857
59152759,385,0,385
59152760,410,26,384
59152761,515,0,515
59152762,524,26,498
59152763,683,26,657
59152764,687,1,686
59152765,834,0,834
59152766,369,0,369
59152767,425,9,416
59152768,488,0,488
59152774,616,34,582
59152775,862,1,861
59152776,629,16,613
59152777,556,29,527
59152778,714,77,637
59152779,471,50,421
59152780,445,42,403
59152781,667,20,647
59152782,629,24,605
59152783,300,0,300
59152784,438,29,409
59152785,679,64,615
59152786,431,16,415
59152787,436,15,421
59152793,1988,49,1939
59152795,542,1,541
59152796,337,9,328
59152799,343,8,335
59152800,630,0,630
59152801,565,3,562
59152802,349,11,338
59152803,406,10,396
59152804,1268,7,1261
59152805,946,8,938
59152806,371,0,371
59152809,2024,57,1967
59152810,1690,0,1690
59152812,2176,30,2146
59152813,419,9,410
59152814,924,10,914
59152816,1193,12,1181
59152817,812,14,798
59152819,2016,53,1963
59152820,774,0,774
59152821,452,23,429
59152822,859,18,841
59152823,3024,57,2967
59152832,2239,94,2145
59152833,546,70,476
59152834,695,12,683
59152835,576,22,554
59152836,594,39,555
59152837,769,60,709
59152838,781,46,735
59152839,602,9,593
59152840,402,12,390
59152841,558,41,517
59152842,939,17,922
59152843,503,31,472
59152844,581,15,566
59152845,503,15,488
59152846,775,9,766
59152848,1046,60,986
59152849,645,26,619
59152850,636,10,626
59152851,582,28,554
59152852,602,27,575
59152853,1085,90,995
59152854,720,46,674
59152855,439,52,387
59152856,373,12,361
59152857,441,15,426
59152858,620,28,592
59152859,815,65,750
59152860,1046,5,1041
59152861,663,12,651
59152862,493,4,489
59152863,485,8,477
59152866,456,2,454
59152867,461,0,461
59152868,464,1,463
59152869,545,15,530
59152870,439,8,431
59152871,392,34,358
59152872,676,27,649
59152873,611,27,584
59152874,821,11,810
59152875,486,19,467
59152876,1121,43,1078
59152877,470,33,437
59152878,731,27,704
59152879,677,33,644
59152880,442,9,433
59152881,490,17,473
59152882,482,29,453
59152883,538,11,527
59152884,743,9,734
59152885,810,37,773
59152886,655,5,650
59152887,946,116,830
59152888,290,11,279
59152889,482,36,446
59152890,642,17,625
59152891,861,43,818
59152892,659,9,650
59152893,650,30,620
59152894,485,0,485
59152895,1487,22,1465
59152896,684,9,675
59152897,1130,81,1049
59152898,1013,50,963
59152899,555,12,543
59152900,401,4,397
59152901,461,2,459
59152902,804,4,800
59152903,640,0,640
59152904,446,2,444
59152905,611,9,602
59152906,801,21,780
59152907,487,0,487
59152908,652,5,647
59152909,504,8,496
59152910,570,12,558
59152911,766,32,734
59152912,437,0,437
59152913,827,14,813
59152914,460,23,437
59152915,501,0,501
59152916,599,20,579
59152917,517,0,517
59152918,568,21,547
59152919,780,5,775
59152920,862,13,849
59152921,529,17,512
59152922,393,11,382
59152923,443,32,411
59152924,484,8,476
59152925,516,9,507
59152926,464,3,461
59152927,539,10,529
59152928,773,64,709
59152929,666,31,635
59152930,679,5,674
59152931,626,7,619
59152932,634,56,578
59152933,731,0,731
59152934,498,9,489
59152935,654,25,629
59152936,639,35,604
59152941,1965,12,1953
59152942,1274,17,1257
59152943,593,9,584
59152944,701,18,683
59152945,1370,32,1338
59152946,914,47,867
59152947,715,8,707
59152948,639,19,620
59152949,1030,22,1008
59152950,586,36,550
59152951,346,24,322
59152953,1162,9,1153
59152954,1355,41,1314
59152955,951,28,923
59152956,432,5,427
59152957,554,2,552
59152958,1487,51,1436
59152961,1742,33,1709
59152962,511,5,506
59152963,677,19,658
59152964,626,32,594
59152965,687,34,653
59152966,579,83,496
59152967,669,29,640
59152968,874,28,846
59152969,691,8,683
59152972,445,0,445
59152973,848,33,815
59152974,573,0,573
59152975,381,10,371
59152976,600,0,600
59152978,555,10,545
59152979,490,0,490
59152980,334,11,323
59152981,443,0,443
59152982,506,5,501
59152983,976,16,960
59152984,554,12,542
59152985,572,18,554
59152986,453,7,446
59152987,1825,78,1747
59152988,1059,79,980
59152989,1430,37,1393
59152990,949,15,934
59152991,781,18,763
59152992,727,10,717
59152993,649,68,581
59152994,509,17,492
59152995,6382,48,6334
59152998,1527,44,1483
59152999,605,33,572
59153000,870,4,866
59153001,622,50,572
59153002,1496,104,1392
59153003,1212,32,1180
59153004,5,3,2
59153005,1955,56,1899
59153006,700,16,684
59153007,309,9,300
59153008,712,37,675
59153010,897,4,893
59153011,368,8,360
59153013,405,13,392
59153014,780,11,769
59153016,332,23,309
59153017,492,0,492
59153018,585,36,549
59153019,570,32,538
59153020,470,7,463
59153021,486,17,469
59153022,641,37,604
59153023,355,12,343
59153024,551,0,551
59153025,703,54,649
59153026,294,0,294
59153027,782,26,756
59153028,469,12,457
59153030,63,62,1
59153032,463,14,449
59153033,1163,40,1123
59153034,774,10,764
59153035,668,6,662
59153036,972,23,949
59153038,1280,56,1224
59153039,1094,14,1080
59153040,2061,13,2048
59153041,1270,63,1207
59153042,316,21,295
59153045,666,42,624
59153049,797,0,797
59153051,477,25,452
59153052,386,32,354
59153053,369,20,349
59153054,665,16,649
59153055,1006,40,966
59153057,753,0,753
59153058,467,0,467
59153059,911,53,858
59153060,615,28,587
59153061,490,11,479
59153062,909,11,898
59153063,563,11,552
59153064,422,2,420
59153065,359,0,359
59153066,726,8,718
59153067,1022,9,1013
59153069,976,6,970
59153070,411,7,404
59153071,579,8,571
59153072,1058,0,1058
59153073,935,7,928
59153074,689,0,689
59153075,438,0,438
59153076,237,0,237
59153077,451,9,442
59153078,701,14,687
59153079,628,13,615
59153080,611,20,591
59153081,389,1,388
59153082,356,0,356
59153083,378,9,369
59153084,698,11,687
59153085,692,25,667
59153086,618,7,611
59153087,668,1,667
59153088,611,31,580
59153089,631,16,615
59153090,838,8,830
59153091,650,6,644
59153092,419,6,413
59153093,701,1,700
59153094,420,8,412
59153095,492,1,491
59153096,653,2,651
59153097,1139,17,1122
59153098,521,12,509
59153099,613,7,606
59153102,597,15,582
59153103,293,9,284
59153104,451,0,451
59153105,440,3,437
59153106,658,0,658
59153107,923,11,912
59153108,1054,0,1054
59153110,528,0,528
59153111,697,0,697
59153113,1411,6,1405
59153114,405,5,400
59153121,1201,1,1200
59153122,463,2,461
59153123,570,23,547
59153124,335,0,335
59153132,1418,4,1414
59153133,763,8,755
59153134,645,17,628
59153135,882,17,865
59153136,1058,42,1016
59153137,691,5,686
59153138,615,0,615
59153139,520,11,509
59153140,852,30,822
59153141,753,7,746
59153142,515,16,499
59153144,888,9,879
59153145,659,21,638
59153146,9421,122,9299
59153151,678,21,657
59153152,858,18,840
59153153,795,7,788
59153154,863,0,863
59153155,608,16,592
59153156,385,45,340
59153157,592,7,585
59153158,755,7,748
59153159,782,4,778
59153160,760,22,738
59153161,559,7,552
59153162,517,17,500
59153163,494,11,483
59153164,1900,51,1849
59153165,555,1,554
59153166,1156,16,1140
59153167,655,0,655
59153168,1104,21,1083
59153171,856,0,856
59153172,814,21,793
59153181,447,34,413
59153182,379,98,281
59153183,717,120,597
59153184,606,57,549
59153185,409,9,400
59153186,502,41,461
59153187,1044,275,769
59153188,112,0,112
59153189,501,45,456
59153190,721,136,585
59153191,597,39,558
59153192,578,98,480
59153193,706,133,573
59153194,373,25,348
59153195,416,25,391
59153196,538,215,323
59153197,562,153,409
59153198,540,42,498
59153199,478,15,463
59153200,622,6,616
59153201,635,40,595
59153202,505,43,462
59153203,531,17,514
59153204,409,22,387
59153205,419,54,365
59153206,583,23,560
59153207,491,16,475
59153208,608,111,497
59153209,506,9,497
59153210,495,13,482
59153211,477,27,450
59153212,408,22,386
59153213,569,26,543
59153214,613,10,603
59153215,818,57,761
59153216,787,43,744
59153217,523,5,518
59153218,533,34,499
59153219,520,15,505
59153220,413,10,403
59153221,710,38,672
59153222,689,29,660
59153223,503,1,502
59153224,783,10,773
59153225,607,15,592
59153226,670,22,648
59153227,668,10,658
59153228,592,23,569
59153229,586,21,565
59153230,785,28,757
59153231,501,16,485
59153232,519,45,474
59153234,871,18,853
59153235,1290,8,1282
59153236,478,50,428
59153237,898,6,892
59153238,444,7,437
59153239,880,28,852
59153240,613,556,57
59153241,1680,46,1634
59153246,980,7,973
59153249,688,32,656
59153250,434,0,434
59153251,574,3,571
59153252,644,32,612
59153253,491,20,471
59153254,471,0,471
59153255,650,5,645
59153256,546,17,529
59153257,617,22,595
59153258,663,0,663
59153259,545,0,545
59153261,663,5,658
59153262,913,39,874
59153263,326,1,325
59153264,493,5,488
59153265,614,8,606
59153266,899,1,898
59153267,641,4,637
59153268,487,0,487
59153269,378,0,378
59153270,518,0,518
59153271,507,16,491
59153272,501,0,501
59153273,686,18,668
59153274,790,5,785
59153275,619,62,557
59153276,673,4,669
59153277,430,15,415
59153278,444,14,430
59153279,538,0,538
59153280,637,0,637
59153281,635,8,627
59153282,654,5,649
59153283,621,5,616
59153284,591,0,591
59153285,606,0,606
59153286,362,0,362
59153287,777,9,768
59153288,699,14,685
59153289,607,11,596
59153290,685,5,680
59153291,599,3,596
59153292,616,41,575
59153293,509,0,509
59153294,700,9,691
59153295,670,0,670
59153296,561,0,561
59153297,1053,0,1053
59153298,648,20,628
59153299,555,8,547
59153300,549,20,529
59153301,462,3,459
59153302,556,0,556
59153303,520,9,511
59153304,766,20,746
59153305,787,12,775
59153306,936,2,934
59153307,447,1,446
59153308,719,16,703
59153309,772,37,735
59153310,482,10,472
59153311,667,39,628
59153312,575,31,544
59153313,683,28,655
59153314,618,6,612
59153315,523,0,523
59153316,524,17,507
59153317,679,38,641
59153318,418,16,402
59153319,535,13,522
59153320,560,37,523
59153321,451,0,451
59153322,446,0,446
59153323,436,30,406
59153324,534,9,525
59153325,415,22,393
59153326,532,10,522
59153327,1164,49,1115
59153328,650,4,646
59153329,639,0,639
59153330,500,0,500
59153331,417,7,410
59153332,712,7,705
59153333,685,0,685
59153334,395,0,395
59153342,1316,16,1300
59153343,255,0,255
59153344,1335,56,1279
59153345,1782,18,1764
59153347,1333,3,1330
59153350,3962,0,3962
59153351,1326,16,1310
59153352,1205,29,1176
59153353,2377,39,2338
59153354,1116,37,1079
59153355,2118,86,2032
59153358,1242,14,1228
59153359,1013,7,1006
59153361,1713,133,1580
59153362,2076,104,1972
59153363,5177,177,5000
59153367,1542,30,1512
59153369,1391,29,1362
59153370,934,21,913
59153371,935,9,926
59153372,1021,41,980
59153373,1164,17,1147
59153375,1675,139,1536
59153376,542,0,542
59153378,1587,0,1587
59153380,1323,61,1262
59153381,4117,18,4099
59153382,1491,60,1431
59153383,1302,6,1296
59153385,1085,10,1075
59153386,1429,64,1365
59153388,1474,178,1296
59153389,2340,21,2319
59153390,1633,16,1617
59153391,1366,44,1322
59153394,1371,40,1331
59153397,2649,84,2565
59153398,1714,6,1708
59153400,922,8,914
59153401,1570,1,1569
59153402,1201,16,1185
59153403,1032,73,959
59153406,674,1,673
59153407,617,4,613
59153408,1514,16,1498
59153409,496,0,496
59153410,1791,0,1791
59153411,967,0,967
59153412,647,10,637
59153413,1007,28,979
59153414,232,8,224
59153415,465,0,465
59153416,1218,70,1148
59153417,688,0,688
59153418,671,0,671
59153419,1043,0,1043
59153420,760,8,752
59153421,397,0,397
59153422,495,0,495
59153423,966,14,952
59153424,1055,22,1033
59153425,605,0,605
59153426,872,0,872
59153427,326,0,326
59153428,258,26,232
59153429,1587,26,1561
59153430,596,21,575
59153431,904,34,870
59153432,378,1,377
59153433,868,8,860
59153435,605,31,574
59153436,779,0,779
59153437,803,0,803
59153438,329,8,321
59153439,1519,29,1490
59153440,774,51,723
59153441,1013,12,1001
59153443,457,41,416
59153444,3098,66,3032
59153445,392,16,376
59153446,706,0,706
59153447,492,0,492
59153450,597,4,593
59153451,880,0,880
59153452,848,5,843
59153453,588,9,579
59153454,707,19,688
59153455,620,13,607
59153456,863,25,838
59153457,2531,33,2498
59153459,660,42,618
59153460,1038,113,925
59153461,1792,16,1776
59153462,20,3,17
59153463,44,19,25
59153464,1747,23,1724
59153466,847,0,847
59153467,995,18,977
59153469,1113,9,1104
59153470,671,15,656
59153471,1374,11,1363
59153472,445,4,441
59153473,420,0,420
59153474,965,12,953
59153476,824,12,812
59153477,394,8,386
59153479,1129,12,1117
59153480,771,10,761
59153481,893,20,873
59153482,648,0,648
59153483,840,23,817
59153484,747,0,747
59153485,793,0,793
59153486,2203,13,2190
59153487,246,7,239
59153489,55,6,49
59153490,1212,6,1206
59153491,1099,9,1090
59153492,328,4,324
59153493,586,0,586
59153494,768,0,768
59153495,1042,8,1034
59153496,621,0,621
59153497,613,14,599
59153498,772,1,771
59153499,1156,9,1147
59153500,416,1,415
59153501,1317,5,1312
59153502,660,0,660
59153503,1184,42,1142
59153504,911,37,874
59153506,1161,10,1151
59153507,1037,23,1014
59153508,2076,43,2033
59153510,3914,74,3840
59153511,637,48,589
59153512,733,16,717
59153513,362,0,362
59153514,2178,68,2110
59153515,1652,46,1606
59153516,676,26,650
59153517,612,63,549
59153518,1570,39,1531
59153519,849,51,798
59153520,1975,31,1944
59153521,1657,69,1588
59153523,716,0,716
59153524,1850,53,1797
59153528,4540,30,4510
59153529,2456,24,2432
59153530,818,0,818
59153531,1881,82,1799
59153532,616,8,608
59153533,1117,4,1113
59153534,631,15,616
59153535,1430,83,1347
59153537,1202,8,1194
59153538,739,48,691
59153539,1084,13,1071
59153540,590,35,555
59153541,1096,23,1073
59153542,943,13,930
59153543,301,11,290
59153545,525,31,494
59153546,454,59,395
59153547,1490,32,1458
59153548,2588,42,2546
59153549,125,0,125
59153551,2892,17,2875
59153552,997,21,976
59153553,582,30,552
59153554,1705,69,1636
59153555,1782,20,1762
59153556,1068,28,1040
59153557,1322,8,1314
59153558,1281,31,1250
59153560,595,17,578
59153561,851,0,851
59153562,385,0,385
59153563,645,20,625
59153565,5323,58,5265
59153566,638,1,637
59153567,947,0,947
59153568,440,0,440
59153569,192,0,192
59153570,1389,42,1347
59153571,376,7,369
59153572,1152,24,1128
59153573,498,83,415
59153574,119,105,14
59153575,713,58,655
59153576,584,13,571
59153577,11,0,11
59153578,414,12,402
59153579,512,36,476
59153580,757,2,755
59153581,510,15,495
59153582,934,56,878
59153583,801,137,664
59153584,1824,134,1690
59153585,901,154,747
59153586,1227,32,1195
59153587,783,10,773
59153588,963,11,952
59153589,959,10,949
59153590,438,10,428
59153591,893,8,885
59153592,1486,56,1430
59153593,668,0,668
59153594,0,0,0
59153595,909,7,902
59153596,703,0,703
59153597,571,0,571
59153598,2175,9,2166
59153599,3391,80,3311
59153600,458,0,458
59153601,481,0,481
59153602,820,20,800
59153603,559,41,518
59153604,13,7,6
59153606,291,15,276
59153607,705,31,674
59153608,560,15,545
59153609,1110,14,1096
59153610,491,0,491
59153611,678,4,674
59153612,602,4,598
59153613,842,9,833
59153614,473,0,473
59153615,551,14,537
59153616,974,27,947
59153617,566,11,555
59153618,542,23,519
59153619,1031,0,1031
59153620,1216,1,1215
59153621,782,10,772
59153622,725,7,718
59153623,637,0,637
59153624,554,4,550
59153625,633,3,630
59153626,768,0,768
59153627,410,10,400
59153628,564,0,564
59153629,732,0,732
59153630,514,14,500
59153631,887,0,887
59153632,2482,41,2441
59153633,785,12,773
59153634,587,29,558
59153635,409,0,409
59153636,605,9,596
59153637,504,0,504
59153638,528,20,508
59153639,646,0,646
59153640,535,13,522
59153641,506,0,506
59153642,629,4,625
59153643,1408,27,1381
59153644,1808,11,1797
59153645,2827,19,2808
59153646,491,23,468
59153647,440,0,440
59153648,963,7,956
59153649,693,7,686
59153650,486,0,486
59153651,501,24,477
59153652,565,0,565
59153653,2054,36,2018
59153654,1289,10,1279
59153655,2394,11,2383
59153656,626,21,605
59153657,2780,78,2702
59153658,1137,90,1047
59153659,897,31,866
59153660,1155,22,1133
59153661,620,21,599
59153662,2884,22,2862
59153663,929,21,908
59153664,268,12,256
59153665,1180,32,1148
59153666,980,23,957
59153667,550,2,548
59153668,438,9,429
59153669,391,9,382
59153670,731,9,722
59153671,439,17,422
59153672,696,24,672
59153673,709,5,704
59153674,640,17,623
59153675,768,43,725
59153676,882,23,859
59153677,466,30,436
59153678,618,26,592
59153679,735,57,678
59153680,803,34,769
59153681,1043,9,1034
59153682,867,18,849
59153683,1490,9,1481
59153684,803,23,780
59153685,501,8,493
59153686,888,46,842
59153687,633,22,611
59153688,698,37,661
59153689,762,25,737
59153690,482,23,459
59153691,483,8,475
59153692,1451,11,1440
59153693,451,4,447
59153694,577,1,576
59153695,4313,139,4174
59153696,909,24,885
59153697,1978,91,1887
59153698,632,42,590
59153699,547,1,546
59153700,401,1,400
59153701,1762,23,1739
59153702,1038,0,1038
59153703,2995,10,2985
59153704,886,0,886
59153705,909,0,909
59153706,1393,0,1393
59153707,903,0,903
59153708,1052,0,1052
59153709,1006,0,1006
59153710,520,0,520
59153711,584,25,559
59153712,554,3,551
59153713,915,10,905
59153714,783,17,766
59153715,1769,11,1758
59153716,1416,16,1400
59153717,742,21,721
59153718,558,16,542
59153719,548,19,529
59153720,519,23,496
59153721,1279,123,1156
59153722,374,19,355
59153723,304,16,288
59153724,392,45,347
59153725,396,0,396
59153726,3226,69,3157
59153728,5222,140,5082
59153729,3328,129,3199
59153730,2858,90,2768
59153731,276,75,201
59153732,55,55,0
59153733,1349,11,1338
59153734,1046,0,1046
59153735,5117,44,5073
59153736,2530,30,2500
59153737,1202,41,1161
59153738,1606,0,1606
59153739,1253,15,1238
59153740,3595,106,3489
59153741,2289,89,2200
59153742,1099,21,1078
59153743,549,0,549
59153744,2577,81,2496
59153745,484,16,468
59153746,456,32,424
59153747,472,30,442
59153748,565,69,496
59153749,419,0,419
59153750,0,0,0
59153751,630,39,591
59153752,0,0,0
59153754,108,91,17
59153756,612,17,595
59153757,719,1,718
59153758,712,27,685
59153762,633,14,619
59153763,464,4,460
59153764,645,9,636
59153765,446,32,414
59153766,483,5,478
59153767,544,24,520
59153768,526,11,515
59153769,543,8,535
59153770,509,41,468
59153771,562,22,540
59153772,634,5,629
59153773,518,6,512
59153774,406,43,363
59153775,520,39,481
59153776,464,20,444
59153777,540,40,500
59153778,1089,13,1076
59153779,512,25,487
59153780,516,29,487
59153781,453,58,395
59153782,465,41,424
59153783,487,17,470
59153784,594,6,588
59153785,479,9,470
59153786,573,36,537
59153788,664,21,643
59153789,465,41,424
59153790,393,12,381
59153791,258,29,229
59153792,574,81,493
59153794,1038,61,977
59153795,823,10,813
59153796,848,9,839
59153797,1404,10,1394
59153798,1195,24,1171
59153799,270,0,270
59153800,404,4,400
59153801,359,0,359
59153805,628,7,621
59153806,494,0,494
59153807,358,1,357
59153809,899,27,872
59153810,360,0,360
59153812,500,0,500
59153814,381,3,378
59153815,727,20,707
59153816,431,19,412
59153818,831,30,801
59153821,459,13,446
59153825,608,1,607
59153826,552,4,548
59153831,569,7,562
59153832,3641,58,3583
59153833,378,4,374
59153834,4050,26,4024
59153835,305,0,305
59153836,278,0,278
59153838,411,0,411
59153839,1412,51,1361
59153843,2257,34,2223
59153845,3191,35,3156
59153846,2105,35,2070
59153847,1475,22,1453
59153849,932,57,875
59153851,404,22,382
59153852,1392,101,1291
59153854,330,27,303
59153856,439,5,434
59153857,3237,55,3182
59153858,1894,46,1848
59153859,1250,27,1223
59153860,562,28,534
59153861,1330,238,1092
59153862,785,29,756
59153864,836,19,817
59153865,6056,165,5891
59153866,1580,10,1570
59153867,809,14,795
59153868,1184,8,1176
59153869,535,13,522
59153870,986,76,910
59153871,562,38,524
59153872,1044,9,1035
59153873,946,10,936
59153874,859,21,838
59153875,366,43,323
59153876,672,21,651
59153877,479,35,444
59153878,456,0,456
59153879,457,0,457
59153881,503,0,503
59153882,1303,8,1295
59153883,527,0,527
59153885,312,9,303
59153886,766,51,715
59153887,698,33,665
59153888,1083,45,1038
59153889,541,6,535
59153890,683,20,663
59153891,768,0,768
59153892,536,0,536
59153893,719,24,695
59153894,590,24,566
59153895,727,21,706
59153896,1115,34,1081
59153897,1065,27,1038
59153898,1026,24,1002
59153899,914,16,898
59153900,2201,59,2142
59153901,1494,78,1416
59153902,1171,13,1158
59153903,769,12,757
59153904,1772,6,1766
59153905,722,8,714
59153906,701,0,701
59153907,525,1,524
59153908,522,8,514
59153909,1152,8,1144
59153910,878,0,878
59153911,1052,15,1037
59153912,977,10,967
59153913,852,31,821
59153914,278,12,266
59153915,1443,68,1375
59153916,1386,33,1353
59153917,1217,42,1175
59153918,548,7,541
59153919,875,9,866
59153920,1141,9,1132
59153921,1062,23,1039
59153922,826,13,813
59153923,892,22,870
59153924,1282,9,1273
59153925,1218,9,1209
59153926,1392,38,1354
59153927,906,9,897
59153928,1331,12,1319
59153929,824,24,800
59153930,768,8,760
59153931,1455,5,1450
59153932,736,0,736
59153935,714,0,714
59153936,538,9,529
59153937,595,0,595
59153939,2463,45,2418
59153940,411,7,404
59153941,348,0,348
59153942,1391,19,1372
59153943,945,21,924
59153944,325,6,319
59153945,1292,24,1268
59153946,904,12,892
59153948,2092,11,2081
59153949,3368,16,3352
59153950,734,5,729
59153952,410,11,399
59153953,700,1,699
59153955,742,13,729
59153956,1022,2,1020
59153957,169,8,161
59153958,382,16,366
59153960,4342,84,4258
59153961,723,32,691
59153962,870,17,853
59153963,512,6,506
59153965,408,0,408
59153966,308,20,288
59153967,448,10,438
59153968,545,42,503
59153969,718,25,693
59153970,1524,4,1520
59153971,1010,38,972
59153972,399,10,389
59153973,654,45,609
59153974,1026,17,1009
59153975,942,89,853
59153976,1944,64,1880
59153977,721,27,694
59153978,863,33,830
59153979,812,0,812
59153980,2027,37,1990
59153981,1563,32,1531
59153982,1999,163,1836
59153983,1465,61,1404
59153984,2848,58,2790
59153985,510,0,510
59153986,1359,50,1309
59153987,1476,9,1467
59153988,1066,0,1066
59153989,551,7,544
59153990,762,10,752
59153991,1189,9,1180
59153992,880,17,863
59153993,617,38,579
59153994,666,0,666
59153995,199,0,199
59153996,860,7,853
59153997,1103,3,1100
59153998,1010,39,971
59153999,2105,97,2008
59154000,2163,25,2138
59154001,5113,135,4978
59154002,1314,35,1279
59154004,1950,19,1931
59154005,366,26,340
59154006,766,9,757
59154007,885,28,857
59154008,524,9,515
59154009,464,18,446
59154010,755,30,725
59154011,405,4,401
59154012,641,39,602
59154013,410,238,172
59154014,821,67,754
59154015,1185,1063,122
59154016,391,231,160
59154017,442,47,395
59154018,917,11,906
59154019,1969,104,1865
59154020,3753,116,3637
59154021,3667,203,3464
59154022,1381,27,1354
59154023,346,0,346
59154024,3934,94,3840
59154025,1203,32,1171
59154026,364,3,361
59154027,1565,65,1500
59154029,522,1,521
59154030,713,8,705
59154031,1417,13,1404
59154032,2933,41,2892
59154033,2538,0,2538
59154034,1232,0,1232
59154035,805,9,796
59154036,1484,78,1406
59154038,931,49,882
59154039,672,18,654
59154041,519,15,504
59154042,663,12,651
59154044,596,5,591
59154045,525,13,512
59154046,599,16,583
59154048,723,26,697
59154049,798,8,790
59154050,693,11,682
59154052,1138,17,1121
59154053,415,1,414
59154054,704,1,703
59154055,409,20,389
59154056,77,17,60
59170033,941,6,935
59170034,518,46,472
59170035,411,15,396
59170036,601,17,584
59170037,558,52,506
59170038,608,45,563
59170039,561,4,557
59170040,595,52,543
59170041,351,41,310
59170042,643,66,577
59170043,538,8,530
59170044,586,22,564
59170045,367,22,345
59170046,502,9,493
59170047,795,28,767
59170048,289,8,281
59170049,630,8,622
59170051,580,18,562
59170052,745,22,723
59170053,517,0,517
59170054,582,17,565
59170055,436,11,425
59170056,766,4,762
59170063,448,81,367
59170066,1231,687,544
59170070,556,11,545
59170071,743,20,723
59170072,790,0,790
59170074,567,1,566
59170075,607,5,602
59170076,1520,31,1489
59170077,759,33,726
59170079,619,20,599
59170081,556,2,554
59170082,717,5,712
59170084,658,28,630
59170085,689,13,676
59170094,765,7,758
59170095,1127,9,1118
59170096,802,31,771
59170097,576,7,569
59170098,454,14,440
59170100,588,42,546
59170101,1024,70,954
59170102,758,67,691
59170103,887,29,858
59170104,257,9,248
59170105,593,0,593
59170106,621,40,581
59170111,435,10,425
59170112,450,7,443
59170113,460,43,417
59170114,1181,72,1109
59170115,582,10,572
59170116,439,9,430
59170117,446,40,406
59170118,549,19,530
59170119,507,10,497
59170120,567,54,513
59170121,528,31,497
59170122,920,102,818
59170123,538,13,525
59170124,746,36,710
59170125,902,66,836
59170126,558,13,545
59170127,667,71,596
59170128,544,15,529
59170129,550,86,464
59170130,666,106,560
59170131,618,23,595
59170132,572,21,551
59170133,566,34,532
59170134,654,116,538
59170135,513,5,508
59170136,520,40,480
59170137,504,13,491
59170138,472,26,446
59170139,548,11,537
59170140,515,36,479
59170141,621,69,552
59170142,630,44,586
59170143,585,45,540
59170144,689,43,646
59170145,447,30,417
59170146,656,2,654
59170147,434,30,404
59170148,439,44,395
59170149,566,139,427
59170150,308,11,297
59170151,602,28,574
59170152,510,21,489
59170153,728,47,681
59170154,555,10,545
59170155,692,28,664
59170156,611,16,595
59170157,498,20,478
59170158,1114,66,1048
59170159,1107,22,1085
59170160,901,41,860
59170161,632,44,588
59170162,621,37,584
59170163,563,14,549
59170164,1116,75,1041
59170165,566,39,527
59170166,523,23,500
59170167,481,9,472
59170168,512,18,494
59170169,436,4,432
59170170,535,14,521
59170171,794,56,738
59170172,605,17,588
59170174,564,10,554
59170175,531,29,502
59170177,555,10,545
59170178,626,15,611
59170179,651,36,615
59170180,520,37,483
59170181,544,21,523
59170182,341,7,334
59170184,596,11,585
59170185,661,5,656
59170186,440,31,409
59170187,487,20,467
59170189,333,0,333
59170190,609,28,581
59170191,342,5,337
59170192,582,6,576
59170193,485,5,480
59170194,542,6,536
59170195,538,9,529
59170196,503,5,498
59170197,565,12,553
59170198,706,35,671
59170199,601,21,580
59170200,589,0,589
59170201,532,4,528
59170202,363,10,353
59170203,721,0,721
59170204,750,7,743
59170205,447,0,447
59170206,439,15,424
59170207,407,11,396
59170208,502,2,500
59170209,514,0,514
59170210,526,1,525
59170211,495,0,495
59170212,524,0,524
59170214,575,11,564
59170215,439,33,406
59170216,513,18,495
59170217,525,17,508
59170218,554,14,540
59170219,517,2,515
59170220,476,11,465
59170221,550,6,544
59170222,680,10,670
59170223,810,24,786
59170224,553,19,534
59170225,415,28,387
59170226,610,73,537
59170227,784,48,736
59170228,351,16,335
59170229,448,9,439
59170230,715,13,702
59170231,325,8,317
59170233,671,23,648
59170234,640,11,629
59170235,634,23,611
59170236,482,8,474
59170237,602,8,594
59170238,583,33,550
59170239,556,9,547
59170240,569,8,561
59170241,598,9,589
59170242,816,31,785
59170243,604,14,590
59170244,648,6,642
59170245,850,69,781
59170246,649,8,641
59170247,397,9,388
59170248,437,19,418
59170249,607,46,561
59170250,469,0,469
59170251,497,0,497
59170252,1136,12,1124
59170253,422,36,386
59170254,442,0,442
59170255,426,2,424
59170256,693,5,688
59170257,752,27,725
59170258,743,9,734
59170259,461,0,461
59170260,616,0,616
59170262,621,8,613
59170263,436,9,427
59170264,674,33,641
59170265,461,31,430
59170266,552,8,544
59170267,360,5,355
59170268,232,0,232
59170270,576,38,538
59170271,259,4,255
59170272,742,14,728
59170273,597,12,585
59170274,633,15,618
59170275,548,9,539
59170276,524,33,491
59170277,366,5,361
59170278,444,8,436
59170279,487,4,483
59170280,618,43,575
59170281,891,23,868
59170282,699,20,679
59170285,642,9,633
59170286,502,21,481
59170287,556,7,549
59170288,658,11,647
59170289,520,9,511
59170290,563,4,559
59170291,535,13,522
59170292,472,1,471
59170293,519,0,519
59170294,612,34,578
59170295,700,9,691
59170296,679,30,649
59170297,522,27,495
59170298,930,75,855
59170299,407,35,372
59170300,539,10,529
59170301,438,19,419
59170302,452,25,427
59170303,651,11,640
59170304,556,67,489
59170305,698,16,682
59170308,593,45,548
59170309,762,17,745
59170310,352,35,317
59170311,798,34,764
59170312,778,54,724
59170313,617,26,591
59170314,648,28,620
59170315,466,67,399
59170316,520,31,489
59170317,859,78,781
59170318,573,12,561
59170319,685,13,672
59170320,598,27,571
59170321,596,69,527
59170322,467,22,445
59170323,488,27,461
59170324,606,88,518
59170325,568,46,522
59170326,608,21,587
59170327,484,8,476
59170328,605,26,579
59170331,788,11,777
59170332,117,84,33
59170335,727,347,380
59170336,1199,27,1172
59170337,504,18,486
59170338,624,17,607
59170339,449,18,431
59170343,508,4,504
59170344,452,9,443
59170345,479,46,433
59170346,486,0,486
59170347,575,9,566
59170348,574,10,564
59170349,1014,14,1000
59170350,415,0,415
59170351,501,1,500
59170352,974,88,886
59170353,947,31,916
59170354,347,22,325
59170357,592,70,522
59170359,514,25,489
59170360,589,47,542
59170361,806,21,785
59170362,681,44,637
59170363,712,12,700
59170364,693,34,659
59170365,502,23,479
59170366,633,11,622
59170367,680,36,644
59170368,694,20,674
59170369,476,71,405
59170370,537,63,474
59170371,594,17,577
59170372,513,9,504
59170373,423,52,371
59170374,1143,52,1091
59170375,521,22,499
59170376,608,59,549
59170377,590,13,577
59170378,652,41,611
59170379,487,51,436
59170380,753,88,665
59170381,1703,20,1683
59170383,895,60,835
59170384,546,5,541
59170385,586,25,561
59170386,650,51,599
59170387,521,27,494
59170388,632,52,580
59170389,843,9,834
59170390,1100,94,1006
59170392,713,18,695
59170393,524,45,479
59170396,641,27,614
59170397,625,33,592
59170399,598,2,596
59170400,903,27,876
59170401,1445,30,1415
59170402,555,88,467
59170403,807,33,774
59170404,438,16,422
59170405,367,15,352
59170406,474,8,466
59170407,597,21,576
59170408,1437,75,1362
59170409,1081,31,1050
59170410,640,28,612
59170413,859,55,804
59170414,1087,54,1033
59170415,1426,104,1322
59170416,388,14,374
59170417,565,8,557
59170418,303,17,286
59170419,526,54,472
59170421,1133,17,1116
59170422,750,88,662
59170423,306,6,300
59170424,442,22,420
59170425,411,40,371
59170426,1157,99,1058
59170427,1578,105,1473
59170428,1055,76,979
59170429,967,41,926
59170430,1294,172,1122
59170431,1911,84,1827
59170432,1829,81,1748
59170433,468,12,456
59170435,825,98,727
59170437,1036,62,974
59170438,1180,78,1102
59170439,1387,116,1271
59170440,1102,35,1067
59170441,344,9,335
59170442,911,54,857
59170443,1064,86,978
59170444,2340,74,2266
59170451,463,0,463
59170452,632,29,603
59170453,515,23,492
59170454,513,13,500
59170455,706,3,703
59170456,692,4,688
59170457,384,0,384
59170458,852,752,100
59170463,546,3,543
59170464,408,8,400
59170466,473,2,471
59170468,707,17,690
59170469,530,0,530
59170470,775,90,685
59170471,514,14,500
59170472,4330,28,4302
59170473,2,0,2
59170475,535,14,521
59170476,566,6,560
59170478,2271,192,2079
59170479,522,36,486
59170480,1309,37,1272
59170481,1315,71,1244
59170482,1309,113,1196
59170483,356,61,295
59170484,1205,34,1171
59170485,720,17,703
59170488,751,64,687
59170489,1008,41,967
59170490,530,29,501
59170491,796,46,750
59170492,460,17,443
59170493,1066,158,908
59170494,372,19,353
59170495,421,4,417
59170496,407,21,386
59170497,378,41,337
59170498,457,3,454
59170501,2279,29,2250
59170502,1175,42,1133
59170506,1649,185,1464
59170507,642,9,633
59170544,341,329,12
59170545,862,15,847
59170546,786,30,756
59170547,93,91,2
59170548,586,7,579
59170549,751,7,744
59170550,516,8,508
59170551,471,0,471
59170552,637,0,637
59170553,427,8,419
59170554,564,36,528
59170555,402,24,378
59170556,440,4,436
59170557,423,0,423
59170558,566,4,562
59170559,584,22,562
59170560,426,18,408
59170561,478,19,459
59170562,449,2,447
59170563,528,32,496
59170564,613,24,589
59170565,512,13,499
59170566,572,2,570
59170567,797,40,757
59170568,468,0,468
59170569,488,9,479
59170570,395,21,374
59170571,508,0,508
59170574,508,23,485
59170575,799,13,786
59170576,671,19,652
59170577,452,10,442
59170578,525,11,514
59170579,645,45,600
59170581,726,10,716
59170582,670,46,624
59170583,704,39,665
59170584,817,8,809
59170585,600,9,591
59170586,575,0,575
59170587,461,7,454
59170588,587,26,561
59170589,945,48,897
59170590,484,3,481
59170591,716,19,697
59170592,440,7,433
59170593,572,8,564
59170594,500,58,442
59170595,454,9,445
59170596,624,11,613
59170597,656,41,615
59170598,639,10,629
59170599,573,10,563
59170600,544,7,537
59170601,579,9,570
59170602,486,20,466
59170603,500,0,500
59170604,587,5,582
59170610,1117,50,1067
59170611,946,51,895
59170612,1180,39,1141
59170613,699,8,691
59170614,1344,52,1292
59170615,2680,147,2533
59170617,409,22,387
59170619,348,36,312
59170620,452,8,444
59170621,305,0,305
59170622,508,5,503
59170623,678,29,649
59170624,1884,123,1761
59170625,565,14,551
59170626,945,29,916
59170627,1126,43,1083
59170628,2360,111,2249
59170629,2,1,1
59170630,1174,99,1075
59170631,1549,33,1516
59170632,632,14,618
59170633,785,9,776
59170634,473,44,429
59170635,2926,109,2817
59170636,499,73,426
59170637,502,0,502
59170638,614,40,574
59170639,887,48,839
59170640,1085,30,1055
59170641,525,53,472
59170642,871,19,852
59170643,555,0,555
59170644,560,10,550
59170645,488,15,473
59170646,963,5,958
59170647,0,0,0
59170648,661,6,655
59170649,1059,23,1036
59170650,740,8,732
59170651,507,28,479
59170652,556,57,499
59170653,492,11,481
59170654,707,101,606
59170655,95,75,20
59170656,879,31,848
59170657,2899,196,2703
59170658,696,12,684
59170659,722,58,664
59170660,558,9,549
59170661,490,42,448
59170662,716,83,633
59170663,973,148,825
59170664,1100,41,1059
59170665,438,17,421
59170666,129,95,34
59170668,1540,107,1433
59170670,674,23,651
59170671,670,9,661
59170678,852,10,842
59170679,642,0,642
59170680,422,23,399
59170681,410,8,402
59170682,655,52,603
59170683,939,23,916
59170684,615,21,594
59170685,111,90,21
59170688,0,0,0
59170689,926,50,876
59170690,837,42,795
59170691,153,7,146
59170692,0,0,0
59170694,1087,86,1001
59170699,849,13,836
59170700,625,14,611
59170701,402,0,402
59170703,188,0,188
59170704,93,89,4
59170705,935,68,867
59170707,452,9,443
59170708,836,41,795
59170709,642,10,632
59170710,592,20,572
59170711,1446,113,1333
59170712,257,5,252
59170713,865,67,798
59170715,562,8,554
59170716,415,3,412
59170718,370,23,347
59170719,414,7,407
59170720,606,4,602
59170721,614,8,606
59170722,1056,42,1014
59170723,453,8,445
59170725,969,10,959
59170726,296,8,288
59170728,529,17,512
59170729,355,32,323
59170730,738,48,690
59170731,525,6,519
59170732,280,28,252
59170733,727,21,706
59170734,481,40,441
59170735,794,23,771
59170736,315,0,315
59170738,803,13,790
59170739,681,10,671
59170741,608,36,572
59170742,1023,87,936
59170743,337,20,317
59170744,493,18,475
59170746,311,18,293
59170747,554,29,525
59170748,698,0,698
59170749,387,13,374
59170750,451,55,396
59170751,388,4,384
59170753,307,34,273
59170754,406,23,383
59170755,665,4,661
59170756,631,43,588
59170758,643,7,636
59170759,955,8,947
59170760,562,12,550
59170761,852,0,852
59170762,889,12,877
59170763,391,1,390
59170764,284,0,284
59170765,248,5,243
59170766,360,1,359
59170768,542,7,535
59170769,416,9,407
59170770,373,17,356
59170771,516,11,505
59170772,595,9,586
59170773,824,6,818
59170774,552,19,533
59170776,706,0,706
59170777,402,26,376
59170778,441,19,422
59170781,307,102,205
59170783,206,69,137
59170784,105,21,84
59170785,549,236,313
59170786,21,14,7
59190152,726,6,720
59190153,500,24,476
59190154,5,0,5
59190155,531,22,509
59190156,405,33,372
59190157,772,107,665
59190158,447,18,429
59190159,493,59,434
59190160,523,48,475
59190161,692,18,674
59190162,20,17,3
59190163,633,12,621
59190164,163,148,15
59190165,0,0,0
59190166,0,0,0
59190167,444,45,399
59190168,0,0,0
59190169,614,17,597
59190170,43,43,0
59190171,751,12,739
59190172,688,47,641
59190173,467,55,412
59190174,451,21,430
59190175,502,10,492
59190176,39,39,0
59190177,475,20,455
59190178,936,108,828
59190179,5,3,2
59190180,759,33,726
59190181,457,10,447
59190182,485,24,461
59190183,21,21,0
59190184,487,24,463
59190185,600,37,563
59190186,472,66,406
59190187,629,14,615
59190190,530,7,523
59190191,388,0,388
59190192,580,0,580
59190193,436,4,432
59190194,529,23,506
59190195,1274,88,1186
59190196,634,14,620
59190197,761,3,758
59190198,167,167,0
59190199,474,18,456
59190200,724,42,682
59190201,981,57,924
59190202,804,98,706
59190203,346,33,313
59190204,602,20,582
59190205,578,32,546
59190206,401,29,372
59190207,502,59,443
59190208,585,65,520
59190209,615,42,573
59190210,854,52,802
59190211,503,24,479
59190212,511,32,479
59190215,50,8,42
59190216,77,10,67
59190217,1251,26,1225
59190218,902,29,873
59190219,989,79,910
59190220,780,20,760
59190221,515,22,493
59190222,708,57,651
59190223,584,259,325
59190224,548,78,470
59190225,545,67,478
59190226,669,172,497
59190227,643,70,573
59190228,653,69,584
59190229,243,10,233
59190230,863,854,9
59190231,476,147,329
59190232,153,45,108
59190233,776,49,727
59190234,535,475,60
59190235,459,42,417
59190236,0,0,0
59190237,376,41,335
59190238,400,51,349
59190239,405,98,307
59190240,489,143,346
59190241,945,321,624
59190242,999,196,803
59190243,500,185,315
59190244,896,27,869
59190245,412,49,363
59190246,343,48,295
59190247,739,194,545
59190248,2157,166,1991
59190249,378,154,224
59190250,492,30,462
59190251,334,10,324
59190252,489,66,423
59190253,388,14,374
59190254,807,42,765
59190255,504,12,492
59190256,476,16,460
59190257,737,105,632
59190258,341,19,322
59190259,392,14,378
59190260,486,40,446
59190261,476,42,434
59190262,694,150,544
59190263,462,22,440
59190264,476,94,382
59190265,982,29,953
59190266,586,27,559
59190267,470,3,467
59190268,791,15,776
59190269,539,13,526
59190270,283,23,260
59190271,257,10,247
59190272,176,166,10
59190273,111,101,10
59190274,36,36,0
59190275,412,26,386
59190276,719,58,661
59190277,395,36,359
59190278,332,31,301
59190279,397,26,371
59190280,415,11,404
59190281,646,85,561
59190282,620,6,614
59190283,772,32,740
59190284,482,25,457
59190285,467,52,415
59190286,1144,75,1069
59190287,746,108,638
59190288,686,14,672
59190289,553,33,520
59190290,434,21,413
59190291,497,25,472
59190292,505,11,494
59190293,626,71,555
59190294,491,48,443
59190295,733,5,728
59190296,611,69,542
59190297,628,98,530
59190298,1101,42,1059
59190299,581,42,539
59190300,80,80,0
59190301,721,18,703
59190302,593,53,540
59190303,787,777,10
59190304,587,26,561
59190305,594,42,552
59190306,474,462,12
59190307,0,0,0
59190308,13,0,13
59190309,0,0,0
59190310,563,8,555
59190311,668,3,665
59190312,697,670,27
59190314,507,30,477
59190315,715,8,707
59190316,327,9,318
59210208,626,28,598
59210209,743,37,706
59210210,761,69,692
59210211,76,58,18
59210212,539,32,507
59210213,593,83,510
59210214,729,37,692
59210215,612,17,595
59210216,509,9,500
59210217,481,15,466
59210218,578,31,547
59210219,579,72,507
59210220,488,15,473
59210221,740,11,729
59210222,538,24,514
59210223,485,9,476
59210224,648,17,631
59210225,461,37,424
59210226,444,14,430
59210227,429,39,390
59210228,508,24,484
59210229,559,42,517
59210230,467,14,453
59210231,495,18,477
59210232,465,66,399
59210233,615,27,588
59210234,904,59,845
59210235,674,52,622
59210236,558,51,507
59210237,783,68,715
59210238,840,38,802
59210239,534,15,519
59210240,537,23,514
59210241,506,29,477
59210242,477,26,451
59210243,470,14,456
59210246,904,10,894
59210247,681,11,670
59210248,541,11,530
59210249,536,18,518
59210250,551,38,513
59210251,450,11,439
59210252,494,12,482
59210253,861,31,830
59210254,466,21,445
59210255,468,10,458
59210256,445,11,434
59210257,385,0,385
59210258,551,3,548
59210259,529,8,521
59210260,509,30,479
59210261,466,17,449
59210262,777,24,753
59210263,840,19,821
59210264,633,31,602
59210265,580,70,510
59210266,589,64,525
59210267,600,35,565
59210268,633,17,616
59210269,705,29,676
59210270,804,17,787
59210271,687,17,670
59210272,464,19,445
59210273,557,10,547
59210274,621,20,601
59210275,970,23,947
59210276,593,25,568
59210277,364,0,364
59210278,390,15,375
59210279,479,27,452
59210280,609,47,562
59210281,553,19,534
59210282,700,9,691
59210283,244,238,6
59210284,486,36,450
59210285,560,53,507
59210286,508,44,464
59210287,525,0,525
59210288,460,65,395
59210289,616,14,602
59210290,475,13,462
59210291,0,0,0
59210292,405,7,398
59210293,465,9,456
59210294,443,7,436
59210295,650,39,611
59210296,776,20,756
59210297,679,32,647
59210298,412,17,395
59210299,700,8,692
59210300,889,59,830
59210301,620,21,599
59210302,388,25,363
59210303,442,53,389
59210304,921,12,909
59210305,334,18,316
59210306,387,0,387
59210307,295,18,277
59210308,483,7,476
59210309,499,24,475
59210310,502,5,497
59210311,1356,18,1338
59210312,425,0,425
59210313,374,16,358
59210314,471,28,443
59210315,593,33,560
59210316,1252,63,1189
59210317,742,81,661
59210318,389,12,377
59210319,399,28,371
59210320,372,26,346
59210321,410,10,400
59210322,420,41,379
59210323,366,31,335
59210324,400,6,394
59210325,429,42,387
59210326,200,13,187
59210327,471,48,423
59210328,907,49,858
59210329,338,41,297
59210330,441,50,391
59210331,867,49,818
59210332,467,60,407
59210333,312,64,248
59210334,499,11,488
59210335,384,18,366
59210336,341,39,302
59210337,1715,105,1610
59210338,398,28,370
59210339,424,74,350
59210340,523,79,444
59210341,270,1,269
59210342,800,9,791
59210343,492,0,492
59210344,583,71,512
59210345,426,10,416
59210346,292,38,254
59210347,383,14,369
59210348,478,20,458
59210349,462,34,428
59210350,400,21,379
59210351,747,82,665
59210352,390,11,379
59210353,495,69,426
59210354,538,67,471
59210355,1522,1,1521
59210356,453,20,433
59210357,1775,48,1727
59210358,2082,131,1951
59210359,505,14,491
59210360,789,57,732
59210361,452,8,444
59210362,555,53,502
59210363,411,17,394
59210364,515,53,462
59210365,490,3,487
59210366,533,26,507
59210367,571,49,522
59210368,479,29,450
59210369,558,11,547
59210370,982,4,978
59210371,468,25,443
59210372,394,4,390
59210373,448,0,448
59210374,421,12,409
59210375,1481,32,1449
59210376,1004,51,953
59210377,483,8,475
59210378,505,72,433
59210379,435,42,393
59210380,627,43,584
59210381,652,29,623
59210382,522,21,501
59210383,550,14,536
59210384,493,5,488
59210385,372,11,361
59210386,564,73,491
59210387,390,28,362
59210388,426,24,402
59210389,1989,191,1798
59210390,351,22,329
59210391,529,41,488
59210392,441,5,436
59210393,525,43,482
59210394,390,11,379
59210395,801,141,660
59210396,507,45,462
59210397,502,11,491
59210398,495,26,469
59210399,582,27,555
59210400,589,11,578
59210401,493,48,445
59210402,581,12,569
59210403,917,27,890
59210404,733,118,615
59210405,768,76,692
59210406,546,42,504
59210407,439,43,396
59210408,405,0,405
59210409,491,53,438
59210410,509,130,379
59210411,377,23,354
59210412,534,69,465
59210413,354,106,248
59210414,373,49,324
59210415,561,118,443
59210416,524,68,456
59210417,553,59,494
59210418,365,358,7
59210419,521,106,415
59210420,496,78,418
59210421,487,60,427
59210422,423,98,325
59210423,531,64,467
59210424,400,51,349
59210425,517,95,422
59210426,426,64,362
59210427,525,59,466
59210428,680,125,555
59210429,519,81,438
59210430,817,73,744
59210431,610,161,449
59210432,962,111,851
59210433,659,40,619
59210434,538,47,491
59210435,506,12,494
59210438,500,35,465
59210439,546,69,477
59210440,430,60,370
59210441,16,16,0
59210442,487,22,465
59210443,553,63,490
59210444,459,85,374
59210445,651,20,631
59210446,1051,79,972
59210447,1316,120,1196
59210448,691,62,629
59210449,569,54,515
59210450,407,55,352
59210451,701,52,649
59210452,652,22,630
59210453,302,22,280
59210454,1605,113,1492
59210455,718,65,653
59210456,467,52,415
59210457,510,55,455
59210458,495,25,470
59210459,475,18,457
59210460,561,29,532
59210461,537,84,453
59210462,422,4,418
59210463,874,81,793
59210464,445,18,427
59210465,585,14,571
59210466,549,26,523
59210467,423,22,401
59210468,557,14,543
59210469,459,6,453
59210470,618,5,613
59210471,853,14,839
59210472,805,69,736
59210473,998,122,876
59210474,629,39,590
59210475,923,14,909
59210476,708,23,685
59210478,326,28,298
59210479,816,67,749
59210480,382,335,47
59230076,6,0,6
59230079,5,3,2
59230080,293,267,26
59230081,153,141,12
59230083,19,13,6
59230084,623,600,23
59230086,40,39,1
59230087,674,43,631
59230088,15,9,6
59230089,428,37,391
59230090,832,36,796
59230091,637,49,588
59230092,514,76,438
59230093,653,64,589
59230094,305,35,270
59230095,711,10,701
59230096,644,118,526
59230097,18,13,5
59230098,407,9,398
59230099,408,40,368
59230100,396,57,339
59230101,609,55,554
59230102,539,50,489
59230103,114,110,4
59230104,595,62,533
59230105,516,56,460
59230106,430,61,369
59230107,495,51,444
59230108,448,52,396
59230109,510,56,454
59230110,577,27,550
59230111,536,5,531
59230112,489,10,479
59230113,508,90,418
59230114,448,10,438
59230115,495,35,460
59230116,529,22,507
59230117,585,63,522
59230118,514,90,424
59230119,472,38,434
59230120,515,67,448
59230121,536,46,490
59230122,460,205,255
59230123,449,87,362
59230124,369,116,253
59230125,437,189,248
59230126,527,133,394
59230127,743,156,587
59230128,483,89,394
59230129,530,91,439
59230130,457,92,365
59230131,529,37,492
59230132,499,188,311
59230133,451,88,363
59230134,483,94,389
59230135,10,7,3
59230136,542,102,440
59230137,492,52,440
59230138,464,181,283
59230139,496,27,469
59230140,423,177,246
59230141,543,68,475
59230142,539,507,32
59230143,598,79,519
59230144,416,61,355
59230146,4,1,3
59230148,8,3,5
59230149,0,0,0
59230150,82,81,1
59230151,452,13,439
59230152,466,29,437
59230154,756,360,396
59230155,84,77,7
59230156,247,10,237
59240195,180,176,4
59240196,4,4,0
59240197,0,0,0
59240198,0,0,0
59240199,0,0,0
59240200,236,15,221
59240201,0,0,0
59240202,0,0,0
59240203,96,94,2
59240204,96,22,74
59240205,373,9,364
59240206,476,14,462
59240207,385,56,329
59240208,0,0,0
59240209,331,22,309
59240210,354,12,342
59240211,326,47,279
59240212,532,7,525
59240213,325,39,286
59240214,467,10,457
59240215,433,69,364
59240216,501,39,462
59240217,401,47,354
59240218,523,77,446
59240219,226,67,159
59240220,563,84,479
59240221,650,98,552
59240222,518,49,469
59240223,307,250,57
59240225,1789,159,1630
59240226,214,199,15
59240227,499,66,433
59240228,514,46,468
59240229,582,32,550
59240230,683,153,530
59240231,599,77,522
59240232,484,34,450
59240233,646,60,586
59240234,509,120,389
59240235,383,23,360
59240236,289,53,236
59240237,795,45,750
59240238,1603,54,1549
59240239,427,75,352
59240240,578,51,527
59240241,675,40,635
59240242,448,42,406
59240243,494,27,467
59240244,460,183,277
59240245,423,53,370
59240246,387,55,332
59240247,405,0,405
59240248,432,35,397
59240249,457,12,445
59240250,944,17,927
59240251,554,65,489
59240252,435,38,397
59240253,596,190,406
59240254,643,32,611
59240255,758,207,551
59240256,663,204,459
59240257,414,84,330
59240258,431,27,404
59240259,444,75,369
59240260,405,31,374
59240261,460,116,344
59240262,706,233,473
59240263,366,302,64
59240264,503,35,468
59240265,616,39,577
59240266,337,17,320
59240267,150,120,30
59240269,0,0,0
59240270,0,0,0
59240271,0,0,0
59240272,0,0,0
59240274,513,54,459
59240275,5,3,2
59240276,74,73,1
59240277,545,38,507
59240278,406,55,351
59240280,382,77,305
59240281,486,33,453
59240283,0,0,0
59240284,0,0,0
59240291,672,37,635
59240292,372,15,357
59240293,338,27,311
59240406,646,59,587
59240407,425,37,388
59240408,587,63,524
59240409,329,43,286
59240410,738,95,643
59240411,814,88,726
59240412,549,29,520
59240413,513,39,474
59240419,406,13,393
59240420,0,0,0
59240423,388,50,338
59240425,1353,123,1230
59240426,1457,198,1259
59240427,184,184,0
59240429,43,0,43
59240430,0,0,0
59240431,0,0,0
59240432,505,44,461
59240436,0,0,0
59240437,0,0,0
59260288,580,39,541
59260289,1029,61,968
59260290,908,40,868
59260294,678,6,672
59260295,992,45,947
59260296,838,26,812
59260297,438,19,419
59260298,454,21,433
59260299,628,12,616
59260300,437,0,437
59260301,753,48,705
59260303,600,32,568
59260304,475,10,465
59260305,413,5,408
59260306,423,69,354
59260307,1109,150,959
59260308,431,29,402
59260309,463,1,462
59260310,587,55,532
59260311,11,6,5
59260312,412,30,382
59260313,415,28,387
59260314,457,27,430
59260315,388,18,370
59260316,381,18,363
59260317,534,17,517
59260318,515,16,499
59260320,184,19,165
59260322,518,63,455
59260323,479,27,452
59260324,550,67,483
59260325,381,26,355
59260326,616,61,555
59260327,561,11,550
59260328,555,22,533
59260329,531,8,523
59260330,466,36,430
59260331,402,20,382
59260332,448,0,448
59260337,389,43,346
59260339,495,0,495
59260341,473,18,455
59260342,690,41,649
59260343,533,11,522
59260344,529,14,515
59260345,618,38,580
59260346,639,23,616
59260347,657,5,652
59260348,502,4,498
59260349,510,27,483
59260350,509,11,498
59260354,382,15,367
59260360,363,15,348
59260361,821,67,754
59260362,581,30,551
59260363,1760,70,1690
59260364,1176,31,1145
59260365,657,2,655
59260366,489,59,430
59260367,531,9,522
59260368,489,26,463
59260369,733,42,691
59260370,464,18,446
59260372,547,27,520
59260373,454,31,423
59260374,382,20,362
59260375,344,5,339
59260376,516,34,482
59260378,629,30,599
59260379,530,50,480
59260382,756,32,724
59260384,710,36,674
59260386,538,95,443
59260387,594,51,543
59260388,614,39,575
59260389,503,30,473
59260390,575,21,554
59260391,536,76,460
59260392,486,16,470
59260393,614,44,570
59260394,857,114,743
59260395,512,37,475
59260396,558,28,530
59260397,44,8,36
59260399,734,6,728
59260400,684,25,659
59260401,885,15,870
59260402,586,28,558
59260403,579,41,538
59260404,1086,86,1000
59260406,705,56,649
59260408,421,4,417
59260409,410,16,394
59260415,354,26,328
59260419,385,12,373
59260420,430,6,424
59260421,617,49,568
59260422,505,10,495
59260423,433,8,425
59260424,382,8,374
59260426,359,33,326
59260427,1203,93,1110
59260428,502,15,487
59260432,566,9,557
59260434,968,36,932
59260435,381,9,372
59260436,1797,55,1742
59260439,568,14,554
59260440,802,0,802
59260442,542,13,529
59260443,713,187,526
59260445,782,48,734
59260447,923,102,821
59260448,146,114,32
59260449,74,4,70
59270048,532,18,514
59270049,0,0,0
59270051,525,23,502
59270052,382,26,356
59270053,503,29,474
59270054,524,19,505
59270055,399,11,388
59270056,525,86,439
59270057,380,29,351
59270058,500,10,490
59270059,641,27,614
59270060,443,23,420
59270061,496,89,407
59270062,503,21,482
59270063,469,13,456
59270064,501,23,478
59270065,581,31,550
59270066,504,49,455
59270067,462,51,411
59270068,451,15,436
59270069,423,10,413
59270070,399,11,388
59270071,456,13,443
59270072,516,20,496
59270073,429,4,425
59270074,623,25,598
59270075,430,14,416
59270076,634,50,584
59270077,479,27,452
59270078,443,67,376
59270079,488,40,448
59270080,559,21,538
59270081,21,0,21
59270082,434,44,390
59270083,321,5,316
59270084,659,14,645
59270085,402,18,384
59270086,356,13,343
59270087,659,46,613
59270088,375,24,351
59270089,565,462,103
59270090,118,23,95
59290096,0,0,0
59290097,558,42,516
59290098,0,0,0
59290099,2,1,1
59290100,0,0,0
59290101,0,0,0
59290102,0,0,0
59290103,0,0,0
59290104,0,0,0
59290105,0,0,0
59290106,0,0,0
59290107,0,0,0
59290108,0,0,0
59290109,0,0,0
59290110,0,0,0
59290111,402,20,382
59290112,405,28,377
59290113,0,0,0
59290114,0,0,0
59290115,0,0,0
59290116,624,62,562
59290117,493,0,493
59290118,0,0,0
59290119,24,3,21
59290120,0,0,0
59290121,575,1,574
59290122,0,0,0
59290123,0,0,0
59290124,0,0,0
59290125,0,0,0
59290126,0,0,0
59290127,0,0,0
59290128,0,0,0
59290129,573,51,522
59290130,0,0,0
59290131,363,12,351
59290132,0,0,0
59290133,488,405,83
59290134,0,0,0
59290135,627,74,553
59290137,503,28,475
59290138,0,0,0
59290139,745,13,732
59290140,0,0,0
59290141,618,27,591
59290143,557,51,506
59290144,769,36,733
59290145,490,23,467
59290146,627,5,622
59290147,535,24,511
59290148,432,6,426
59290149,529,11,518
59290150,595,21,574
59290151,640,20,620
59290152,136,45,91
59290153,1438,50,1388
59290154,623,10,613
59290155,0,0,0
59290156,388,54,334
59290157,563,25,538
59290158,743,34,709
59290159,444,8,436
59290160,509,10,499
59290161,502,24,478
59290162,465,31,434
59290163,857,100,757
59290164,379,36,343
59290165,443,39,404
59290166,591,22,569
59290168,720,97,623
59290170,576,55,521
59290171,406,15,391
59290172,522,26,496
59290173,378,7,371
59290174,20,13,7
59290175,548,59,489
59290176,470,6,464
59290177,490,49,441
59290178,0,0,0
59290179,0,0,0
59290180,765,0,765
59290181,456,9,447
59290182,473,7,466
59290183,369,23,346
59290184,988,78,910
59290186,843,21,822
59290188,717,32,685
59290189,410,36,374
59310119,187,0,187
59310120,394,62,332
59310121,271,254,17
59310122,8,7,1
59310123,5,3,2
59310124,5,4,1
59310125,11,7,4
59310126,78,78,0
59310127,14,9,5
59310128,5,4,1
59310129,55,55,0
59310130,12,8,4
59310131,92,92,0
59310132,121,119,2
59310133,10,6,4
59310134,479,74,405
59310135,51,50,1
59310136,28,26,2
59310137,5,3,2
59310138,78,73,5
59310139,278,270,8
59310140,489,159,330
59310141,427,139,288
59310142,498,180,318
59310143,578,139,439
59310144,0,0,0
59310145,141,138,3
59310146,53,50,3
59310147,26,23,3
59310148,2,1,1
59310150,153,149,4
59310151,0,0,0
59310152,3,2,1
59310153,1055,1039,16
59310154,95,92,3
59310156,71,68,3
59310158,4,1,3
59310162,27,6,21
59310163,178,135,43
59310164,414,30,384
59310165,1087,28,1059
59310168,1219,18,1201
59310169,628,0,628
59310170,316,0,316
59310171,1014,6,1008
59310172,768,11,757
59310173,645,9,636
59310174,747,11,736
59310175,824,1,823
59310176,1325,29,1296
59310177,449,8,441
59310178,489,9,480
59310179,667,17,650
59310180,427,7,420
59310182,534,9,525
59310183,953,8,945
59310184,358,0,358
59310186,62,51,11
59310187,884,36,848
59310188,563,35,528
59310189,203,175,28
59310190,698,48,650
59310191,717,42,675
59310192,850,120,730
59310193,1777,107,1670
59310194,56,26,30
59310195,40,33,7
59310196,862,26,836
59310197,716,15,701
59310198,1007,21,986
59310199,33,28,5
59310200,1020,93,927
59310201,1702,127,1575
59310202,1008,81,927
59310203,810,63,747
59310204,124,124,0
59310205,375,14,361
59310206,514,29,485
59310207,366,11,355
59310208,353,6,347
59310209,494,9,485
59310210,494,12,482
59310211,924,27,897
59310212,572,0,572
59310213,1832,26,1806
59310214,765,60,705
59310215,1112,56,1056
59310216,648,27,621
59310217,819,106,713
59310218,217,192,25
59310221,1180,32,1148
59310223,1584,8,1576
59310225,429,19,410
59310231,957,78,879
59310232,908,106,802
59310235,282,16,266
59310236,146,1,145
59310240,37,10,27
59310241,355,18,337
59330040,2370,289,2081
59330041,1082,85,997
59330042,593,33,560
59330043,1020,39,981
59330045,849,162,687
59330047,1055,24,1031
59330048,677,43,634
59330049,1122,144,978
59330050,375,50,325
59330051,346,38,308
59330053,436,26,410
59330054,591,77,514
59330055,442,28,414
59330056,548,83,465
59330057,417,70,347
59330058,350,8,342
59330061,427,76,351
59330062,379,102,277
59330063,430,106,324
59330064,451,65,386
59330065,643,100,543
59330066,502,111,391
59330067,524,80,444
59330068,559,93,466
59330069,504,128,376
59330070,371,71,300
59330071,446,75,371
59330072,383,41,342
59330073,856,63,793
59330074,676,162,514
59330075,429,147,282
59330076,431,80,351
59330077,461,189,272
59330078,725,69,656
59330079,625,105,520
59330080,484,77,407
59330081,262,8,254
59330082,825,145,680
59330083,651,78,573
59330084,502,89,413
59330085,450,43,407
59330086,625,89,536
59330087,402,63,339
59330088,569,66,503
59330089,614,74,540
59330090,598,86,512
59330091,787,26,761
59330092,603,134,469
59330093,785,107,678
59330094,597,56,541
59330095,1454,175,1279
59330096,306,37,269
59330097,591,79,512
59330098,583,90,493
59330099,624,64,560
59330100,395,54,341
59330101,342,12,330
59330102,451,57,394
59330103,521,57,464
59330104,525,89,436
59330105,626,126,500
59330106,613,124,489
59330107,364,39,325
59330108,1119,55,1064
59330109,2916,264,2652
59330110,401,72,329
59330114,873,36,837
59330115,437,30,407
59330116,574,64,510
59330117,475,33,442
59330118,555,30,525
59330121,557,34,523
59330122,654,83,571
59330123,508,9,499
59330124,435,57,378
59330126,798,41,757
59330128,817,52,765
59330129,748,125,623
59330130,699,75,624
59330131,478,41,437
59330133,414,27,387
59330134,778,52,726
59330135,337,0,337
59330136,443,28,415
59330137,452,30,422
59330138,410,17,393
59330140,465,58,407
59330141,358,45,313
59330142,630,58,572
59330143,412,40,372
59330144,675,67,608
59330145,329,36,293
59330146,1062,74,988
59330147,595,103,492
59330148,489,55,434
59330149,2014,43,1971
59330150,292,45,247
59330151,1090,55,1035
59330152,878,99,779
59330153,516,27,489
59330154,578,50,528
59330155,652,30,622
59330156,1397,106,1291
59330157,717,38,679
59330158,445,52,393
59330159,336,31,305
59330166,1197,30,1167
59330167,617,51,566
59330168,996,58,938
59330170,544,18,526
59330171,631,45,586
59330172,757,42,715
59330173,1386,164,1222
59330174,817,71,746
59330175,1005,153,852
59330176,344,47,297
59330177,394,28,366
59330312,1604,95,1509
59330313,548,38,510
59330318,1331,89,1242
59330319,913,51,862
59330320,1019,75,944
59330323,2036,122,1914
59331449,1317,116,1201
59331450,54,54,0
59331451,236,26,210
59331452,5,3,2
59331453,0,0,0
59331454,643,125,518
59331455,511,5,506
59331456,39,28,11
59331457,280,10,270
59331458,0,0,0
59331459,662,93,569
59331460,0,0,0
59331461,8,7,1
59331462,421,88,333
59331463,435,107,328
59331464,394,45,349
59331465,9,8,1
59331466,68,46,22
59331467,43,6,37
59331468,298,36,262
59331469,235,17,218
59331470,0,0,0
59331471,0,0,0
59331472,0,0,0
59331473,24,21,3
59331474,124,112,12
59331475,91,81,10
59331476,21,20,1
59331477,262,44,218
59331478,663,94,569
59331479,5,3,2
59331480,5,5,0
59331481,0,0,0
59331482,5,3,2
59331483,0,0,0
59331484,0,0,0
59331485,0,0,0
59331486,470,26,444
59331487,570,90,480
59331488,468,36,432
59331489,528,66,462
59331490,656,52,604
59331491,564,31,533
59331492,392,0,392
59331493,308,280,28
59331494,466,14,452
59331495,60,52,8
59331496,476,29,447
59331497,549,69,480
59331498,381,5,376
59331499,585,7,578
59331500,388,37,351
59331501,708,447,261
59331504,527,71,456
59331506,354,28,326
59331507,904,36,868
59331508,467,27,440
59331509,520,21,499
59331511,500,16,484
59331512,466,76,390
59331513,323,38,285
59331514,248,36,212
59331515,827,93,734
59331516,372,10,362
59331517,458,66,392
59331518,0,0,0
59331519,308,272,36
59331523,10,9,1
59331526,667,87,580
59331528,0,0,0
59331529,212,184,28
59331531,12,9,3
59331535,544,32,512
59331538,227,12,215
59331542,398,4,394
59331543,405,32,373
59331544,677,11,666
59331545,496,61,435
59331546,25,25,0
59331547,0,0,0
59331548,149,141,8
59331549,120,118,2
59331550,566,91,475
59331551,44,41,3
59331553,320,315,5
59331554,23,20,3
59331555,483,209,274
59331556,486,140,346
59331557,428,100,328
59331558,418,42,376
59331559,354,131,223
59331560,336,27,309
59331562,814,267,547
59331563,587,230,357
59331564,528,197,331
59331565,322,40,282
59331566,480,46,434
59331567,803,223,580
59331568,560,75,485
59331569,529,60,469
59331570,531,492,39
59331571,2,0,2
59331573,142,130,12
59331574,5,5,0
59331575,9,8,1
59331576,5,5,0
59331577,5,5,0
59331578,5,3,2
59331579,40,36,4
59331581,6,6,0
59331582,64,64,0
59331584,12,10,2
59331585,0,0,0
59331587,0,0,0
59331588,66,55,11
59331589,0,0,0
59331590,0,0,0
59331591,15,14,1
59331592,247,91,156
59331593,80,46,34
59331594,29,28,1
59331595,9,8,1
59331596,12,11,1
59331597,0,0,0
59331598,28,26,2
59331599,12,11,1
59331600,139,137,2
59331601,5,3,2
59331602,76,75,1
59331603,5,5,0
59331604,0,0,0
59331605,4,4,0
59331608,5,3,2
59331609,16,15,1
59331610,8,7,1
59331613,4,3,1
59331618,6,2,4
59331620,53,41,12
59331622,0,0,0
59331623,0,0,0
59331624,15,8,7
59331625,4,4,0
59331626,5,5,0
59331627,124,113,11
59331628,92,87,5
59331630,321,19,302
59331631,435,36,399
59331632,676,53,623
59331633,317,24,293
59331634,559,34,525
59331636,452,53,399
59331637,275,30,245
59331638,529,69,460
59331639,316,7,309
59331640,628,111,517
59331641,662,88,574
59331642,146,0,146
59331643,256,61,195
59331644,0,0,0
59331647,134,125,9
59331648,7,1,6
59331650,567,22,545
59331651,717,23,694
59331652,384,98,286
59331654,425,4,421
59331655,1283,44,1239
59331656,421,16,405
59331657,1464,58,1406
59331659,1582,564,1018
59331660,143,38,105
59331661,443,315,128
59331662,380,17,363
59331664,442,101,341
59331665,297,51,246
59331666,123,120,3
59331667,110,103,7
59331668,137,26,111
59331669,0,0,0
59331670,5,0,5
59331671,259,29,230
59350022,685,5,680
59350023,1501,52,1449
59350024,399,36,363
59350025,389,23,366
59350026,824,9,815
59350027,412,0,412
59350028,289,16,273
59350029,1443,112,1331
59350030,844,68,776
59350031,888,46,842
59350032,1775,114,1661
59350034,436,20,416
59350035,1436,53,1383
59350037,1018,45,973
59350038,437,40,397
59350039,620,78,542
59350040,501,10,491
59350041,588,5,583
59350042,928,47,881
59350043,635,33,602
59350044,576,49,527
59350045,537,40,497
59350046,551,18,533
59350047,631,16,615
59350048,293,42,251
59350049,672,53,619
59350050,753,29,724
59350051,827,25,802
59350052,1054,48,1006
59350053,474,11,463
59350054,532,55,477
59350055,965,150,815
59350056,630,43,587
59350057,767,29,738
59350058,351,3,348
59350059,394,45,349
59350060,584,3,581
59350061,299,12,287
59350062,1534,85,1449
59350066,722,67,655
59350067,934,17,917
59350068,704,1,703
59350069,596,15,581
59350070,604,86,518
59350071,911,46,865
59350072,550,52,498
59350073,837,26,811
59350074,1227,11,1216
59350075,574,24,550
59350076,1096,118,978
59350077,2926,90,2836
59350078,572,41,531
59350079,777,50,727
59350080,875,77,798
59350081,669,76,593
59350082,495,40,455
59350083,383,62,321
59350086,697,58,639
59350087,389,9,380
59350088,785,40,745
59350089,707,167,540
59350090,492,27,465
59350091,958,84,874
59350092,511,47,464
59350093,665,72,593
59350094,524,69,455
59350095,480,26,454
59350096,686,56,630
59350097,433,28,405
59350098,541,35,506
59350099,726,15,711
59350100,621,78,543
59350101,366,33,333
59350102,378,20,358
59350103,735,61,674
59350104,646,42,604
59350105,938,90,848
59350106,365,33,332
59350107,722,41,681
59350109,676,101,575
59350110,562,22,540
59350111,668,48,620
59350112,779,37,742
59350113,300,12,288
59350114,407,9,398
59350115,700,80,620
59350116,559,43,516
59350117,489,29,460
59350119,1137,20,1117
59350120,503,37,466
59350121,497,54,443
59350124,736,26,710
59350125,434,13,421
59350126,920,39,881
59350127,896,27,869
59350128,656,13,643
59350129,814,18,796
59350130,780,6,774
59350131,619,40,579
59350132,272,16,256
59350158,707,29,678
59350159,427,38,389
59350161,601,72,529
59350162,479,28,451
59350163,479,49,430
59350164,331,12,319
59350165,627,44,583
59350167,780,112,668
59350169,668,89,579
59350189,1746,48,1698
59350190,1146,82,1064
59350191,685,23,662
59350192,491,38,453
59350193,610,49,561
59350194,974,57,917
59350195,704,11,693
59350196,968,26,942
59350197,571,63,508
59350198,622,44,578
59350199,454,10,444
59350200,437,38,399
59350201,444,8,436
59350202,439,10,429
59350203,582,76,506
59350204,688,60,628
59350205,867,48,819
59350206,585,42,543
59350207,1120,106,1014
59350208,1161,63,1098
59350209,929,27,902
59350210,588,103,485
59350213,668,10,658
59350214,1131,24,1107
59350215,559,6,553
59350216,962,59,903
59350217,1383,33,1350
59350218,881,25,856
59350220,2131,98,2033
59350221,1168,57,1111
59350223,391,42,349
59350224,810,48,762
59350225,639,129,510
59350226,550,60,490
59350227,655,63,592
59350228,930,75,855
59350229,1204,59,1145
59350230,878,54,824
59350231,1064,62,1002
59350233,782,42,740
59350241,478,58,420
59350242,652,48,604
59350247,1617,90,1527
59350248,889,20,869
59350249,1223,66,1157
59350250,1333,97,1236
59350253,796,18,778
59350254,1375,53,1322
59350255,961,17,944
59350256,496,23,473
59350257,814,27,787
59350258,3093,274,2819
59350259,602,3,599
59350260,689,57,632
59350261,497,9,488
59350262,1135,76,1059
59350263,567,8,559
59350264,542,52,490
59350265,787,47,740
59350266,1306,50,1256
59350267,1017,34,983
59350268,739,67,672
59350269,1986,191,1795
59350270,1087,56,1031
59350271,541,12,529
59350272,447,36,411
59350273,1259,62,1197
59350274,738,65,673
59350275,604,16,588
59350276,739,15,724
59350277,713,56,657
59350278,562,6,556
59350280,592,0,592
59350281,3987,149,3838
59350282,1134,46,1088
59350283,1035,62,973
59350284,486,8,478
59350285,2326,57,2269
59350286,467,88,379
59350287,635,7,628
59350288,568,43,525
59350289,660,27,633
59350290,726,33,693
59350295,1113,66,1047
59350296,600,38,562
59350297,684,12,672
59350298,893,55,838
59350299,469,20,449
59350300,730,39,691
59350301,865,22,843
59350302,705,18,687
59350303,954,28,926
59350304,543,21,522
59350305,588,52,536
59350306,1455,107,1348
59350307,2130,84,2046
59350308,1046,23,1023
59350312,430,20,410
59350313,530,79,451
59350314,372,48,324
59350315,563,12,551
59350316,1916,176,1740
59350317,0,0,0
59350318,0,0,0
59350319,913,62,851
59350321,794,111,683
59350323,733,43,690
59350324,295,13,282
59350325,757,28,729
59350326,762,25,737
59350327,881,14,867
59350328,479,42,437
59350329,476,70,406
59350330,537,17,520
59350332,656,70,586
59350333,1538,1,1537
59350334,489,31,458
59350336,683,102,581
59350337,96,0,96
59350338,1179,41,1138
59350340,187,5,182
59350342,660,13,647
59350343,195,0,195
59350344,376,63,313
59350345,1393,51,1342
59350346,665,4,661
59350348,601,56,545
59350349,698,64,634
59350350,1355,132,1223
59350351,1914,66,1848
59350352,990,30,960
59350353,836,21,815
59350354,2370,153,2217
59350355,544,39,505
59350358,1915,178,1737
59350363,373,52,321
59350366,404,43,361
59350368,1206,561,645
59350371,1445,128,1317
59350373,2563,148,2415
59350374,592,43,549
59350375,165,15,150
59350376,8,8,0
59350377,1245,43,1202
59350378,873,99,774
59350379,0,0,0
59370126,358,51,307
59370127,521,64,457
59370128,427,53,374
59370129,616,73,543
59370130,440,49,391
59370131,515,51,464
59370132,716,104,612
59370133,571,26,545
59370134,475,31,444
59370135,498,47,451
59370136,642,40,602
59370137,293,228,65
59370138,531,9,522
59370139,465,10,455
59370140,553,56,497
59370141,543,37,506
59370142,903,79,824
59370143,453,38,415
59370146,349,6,343
59370147,778,62,716
59370148,883,89,794
59370149,443,28,415
59370150,343,9,334
59370151,433,17,416
59370152,728,8,720
59370154,497,6,491
59370155,9,5,4
59370156,550,53,497
59370159,432,11,421
59370160,457,8,449
59370161,515,7,508
59370162,452,2,450
59370164,575,28,547
59370167,413,11,402
59370168,403,90,313
59370169,410,32,378
59370170,513,33,480
59370171,388,16,372
59370172,471,7,464
59370173,306,7,299
59370179,525,69,456
59370181,494,10,484
59370182,637,80,557
59370183,721,45,676
59370184,448,57,391
59370185,542,55,487
59370193,531,57,474
59370196,528,52,476
59370197,390,68,322
59370198,513,23,490
59370199,603,41,562
59370200,476,44,432
59370201,871,67,804
59370202,518,48,470
59370203,1324,75,1249
59370205,2039,184,1855
59370206,586,76,510
59370207,1022,49,973
59370208,1011,76,935
59370209,400,25,375
59370210,594,52,542
59370211,906,48,858
59370212,472,91,381
59370213,457,71,386
59370214,493,25,468
59370216,611,17,594
59370217,1103,20,1083
59370218,824,24,800
59370219,1696,118,1578
59370220,516,25,491
59370221,525,0,525
59370222,528,4,524
59370223,543,21,522
59370224,426,19,407
59370225,337,20,317
59370226,339,10,329
59370227,415,28,387
59370228,656,51,605
59370229,338,0,338
59370230,340,15,325
59370231,408,60,348
59370232,391,29,362
59370233,360,19,341
59370234,333,22,311
59370235,497,25,472
59370240,491,45,446
59370241,893,47,846
59370242,517,35,482
59370243,457,33,424
59370244,515,59,456
59370245,525,51,474
59370246,351,60,291
59370247,350,37,313
59370248,239,13,226
59370249,357,81,276
59370250,694,29,665
59370251,461,17,444
59370252,671,66,605
59370253,170,9,161
59370254,718,24,694
59370255,1398,33,1365
59370256,533,57,476
59370257,857,34,823
59370258,562,49,513
59370259,946,10,936
59370260,530,59,471
59370261,633,11,622
59370262,561,13,548
59370263,1195,37,1158
59370264,0,0,0
59370266,91,2,89
59370270,533,4,529
59370272,573,117,456
59370273,473,12,461
59370276,962,35,927
59370277,432,40,392
59370279,589,109,480
59370280,313,46,267
59370282,555,70,485
59370283,786,170,616
59370286,542,42,500
59370287,474,21,453
59370289,454,63,391
59370290,540,24,516
59370291,540,4,536
59370292,463,9,454
59370293,573,35,538
59370295,538,27,511
59370298,475,269,206
59370304,359,8,351
59370305,444,10,434
59370308,450,21,429
59370309,572,34,538
59370312,473,46,427
59370313,622,6,616
59370314,796,32,764
59370316,1855,65,1790
59370317,621,21,600
59370318,10,7,3
59370319,373,8,365
59370321,363,15,348
59370322,518,4,514
59370325,659,58,601
59370326,1075,65,1010
59370327,577,108,469
59370328,152,69,83
59370329,944,460,484
59370331,715,86,629
59390127,608,30,578
59390128,33,14,19
59390129,21,8,13
59390130,749,24,725
59390131,627,13,614
59390132,508,11,497
59390133,718,5,713
59390134,41,22,19
59390135,156,103,53
59390136,617,30,587
59390137,612,3,609
59390138,928,42,886
59390139,728,5,723
59390140,642,46,596
59390141,590,87,503
59390142,778,6,772
59390143,542,80,462
59390144,48,33,15
59390145,427,23,404
59390146,460,7,453
59390147,661,41,620
59390148,309,21,288
59390149,451,6,445
59390150,634,62,572
59390151,1145,66,1079
59390152,747,114,633
59390153,805,25,780
59390154,650,34,616
59390155,621,8,613
59390156,604,68,536
59390157,723,78,645
59390158,386,24,362
59390159,395,0,395
59390160,685,68,617
59390161,585,11,574
59390162,451,24,427
59390163,936,94,842
59390164,634,22,612
59390165,454,34,420
59390166,395,28,367
59390167,629,17,612
59390168,32,5,27
59390169,447,9,438
59390170,514,47,467
59390171,69,65,4
59390172,98,71,27
59390173,437,32,405
59390174,910,32,878
59390175,759,57,702
59390176,484,16,468
59390177,557,19,538
59390178,445,29,416
59390179,551,86,465
59390180,38,15,23
59390181,81,63,18
59390182,494,53,441
59390183,440,21,419
59390184,506,36,470
59390185,518,32,486
59390186,630,52,578
59390187,516,32,484
59390188,507,34,473
59390189,975,116,859
59390190,379,13,366
59390191,616,6,610
59390192,548,37,511
59390193,428,20,408
59390194,414,61,353
59390195,456,89,367
59390196,395,16,379
59390197,398,62,336
59390198,683,22,661
59390199,461,5,456
59390200,593,20,573
59390201,586,12,574
59390202,540,36,504
59390203,580,26,554
59390204,445,12,433
59390205,576,50,526
59390206,548,97,451
59390207,552,25,527
59390208,497,43,454
59390209,635,19,616
59390210,409,72,337
59390211,445,9,436
59390212,579,75,504
59390213,422,4,418
59390214,825,25,800
59390215,357,12,345
59390216,765,66,699
59390217,431,50,381
59390218,669,140,529
59390219,366,41,325
59390220,387,19,368
59390221,485,143,342
59390222,425,30,395
59390223,449,18,431
59390224,439,38,401
59390225,518,11,507
59390226,480,44,436
59390227,495,37,458
59390228,446,31,415
59390229,481,26,455
59410253,0,0,0
59410254,83,82,1
59410255,5,3,2
59410256,14,14,0
59410257,0,0,0
59410258,26,16,10
59410259,8,8,0
59410260,0,0,0
59410261,0,0,0
59410262,0,0,0
59410263,434,78,356
59410264,520,86,434
59410265,523,44,479
59410266,272,42,230
59410267,597,51,546
59410268,788,178,610
59410269,476,90,386
59410270,804,179,625
59410271,785,301,484
59410272,666,165,501
59410273,511,156,355
59410274,377,67,310
59410275,371,83,288
59410276,248,25,223
59410277,485,31,454
59410278,420,43,377
59410279,386,89,297
59410280,616,51,565
59410281,510,36,474
59410282,411,52,359
59410283,540,53,487
59410284,793,89,704
59410285,440,38,402
59410286,111,107,4
59410287,674,171,503
59410288,757,199,558
59410289,492,48,444
59410290,366,35,331
59410291,644,39,605
59410292,695,94,601
59410293,471,12,459
59410294,23,9,14
59410295,478,81,397
59410296,339,43,296
59410297,402,66,336
59410298,79,11,68
59410299,187,55,132
59410300,472,49,423
59410301,336,55,281
59410302,423,36,387
59410303,418,55,363
59410304,476,88,388
59410305,460,25,435
59410306,207,6,201
59410307,319,21,298
59410308,495,27,468
59410309,513,95,418
59410310,527,100,427
59410311,429,68,361
59410312,477,84,393
59410313,619,35,584
59410314,334,41,293
59410315,183,170,13
59410316,520,5,515
59410317,530,79,451
59410318,529,1,528
59410319,550,55,495
59410320,549,64,485
59410321,359,24,335
59410322,237,32,205
59410323,424,62,362
59410324,349,10,339
59410325,509,75,434
59410326,387,222,165
59410327,446,167,279
59410328,407,137,270
59410329,319,93,226
59410330,436,160,276
59410331,423,71,352
59410332,383,29,354
59410333,427,221,206
59410334,280,136,144
59410335,396,167,229
59410336,424,188,236
59410337,555,227,328
59410338,735,249,486
59410339,400,31,369
59410340,400,69,331
59410341,634,85,549
59410342,492,171,321
59410343,530,75,455
59410344,453,84,369
59410345,5,5,0
59410346,380,41,339
59410347,81,69,12
59410348,398,87,311
59410349,71,71,0
59410350,429,67,362
59410351,374,57,317
59410352,0,0,0
59410353,15,15,0
59410356,491,65,426
59410357,558,27,531
59410358,389,96,293
59410359,337,109,228
59410360,314,308,6
59410361,184,182,2
59410362,5,5,0
59410363,106,105,1
59410364,437,101,336
59410365,279,31,248
59410366,225,7,218
59410367,549,136,413
59410368,1173,252,921
59410369,276,118,158
59410370,396,52,344
59410371,39,31,8
59410372,18,18,0
59410373,77,68,9
59410374,323,322,1
59410375,9,8,1
59410376,5,5,0
59410377,12,12,0
59410378,5,4,1
59410381,408,33,375
59410382,5,5,0
59410383,396,20,376
59410384,0,0,0
59410385,282,18,264
59410386,804,49,755
59410387,724,121,603
59410388,589,52,537
59410389,631,23,608
59410390,369,18,351
59410391,445,35,410
59410392,649,43,606
59410393,574,10,564
59410394,533,17,516
59410395,618,30,588
59410396,500,84,416
59410397,572,92,480
59410398,430,35,395
59410399,532,6,526
59410400,517,34,483
59410401,466,3,463
59410402,370,17,353
59410403,609,59,550
59410404,302,37,265
59410405,502,18,484
59410406,6,6,0
59410407,230,206,24
59410408,468,19,449
59410409,524,71,453
59410410,456,16,440
59410413,379,12,367
59410414,0,0,0
59410415,87,86,1
59410416,21,20,1
59410417,7,7,0
59410418,199,189,10
59410420,0,0,0
59410423,0,0,0
59410424,0,0,0
59410425,0,0,0
59410427,0,0,0
59410428,0,0,0
59410429,10,8,2
59410430,0,0,0
59410432,5,3,2
59410433,0,0,0
59410434,0,0,0
59410435,0,0,0
59410436,1,1,0
59410437,1,1,0
59410438,0,0,0
59410439,0,0,0
59410440,0,0,0
59410441,14,14,0
59410443,0,0,0
59410444,161,149,12
59410445,0,0,0
59410447,0,0,0
59410448,127,123,4
59410449,8,7,1
59410452,23,22,1
59410453,3,3,0
59410454,8,7,1
59410455,5,5,0
59410456,9,9,0
59410457,17,17,0
59410458,17,17,0
59410459,375,29,346
59410460,234,48,186
59430057,7,5,2
59430061,237,213,24
59430063,0,0,0
59430064,472,81,391
59430065,0,0,0
59430066,26,15,11
59430067,240,228,12
59430068,417,144,273
59430069,421,117,304
59430070,378,69,309
59430071,440,439,1
59430072,895,291,604
59430073,658,171,487
59430074,627,257,370
59430075,468,135,333
59430077,441,46,395
59430078,351,31,320
59430079,426,87,339
59430080,387,54,333
59430081,408,60,348
59430083,339,42,297
59430084,313,0,313
59430085,211,23,188
59430087,27,17,10
59430089,0,0,0
59430092,77,77,0
59430097,164,162,2
59430102,0,0,0
59430103,458,403,55
59430105,73,22,51
59430106,0,0,0
59430107,480,65,415
59430108,174,10,164
59430109,50,31,19
59430112,595,66,529
59430113,420,60,360
59430114,0,0,0
59430115,182,20,162
59430116,483,238,245
59430117,0,0,0
59450025,516,485,31
59450026,472,416,56
59450027,172,21,151
59450028,94,89,5
59450029,146,85,61
59450030,330,302,28
59450031,385,368,17
59450032,390,50,340
59450033,604,67,537
59470052,565,554,11
59470053,351,117,234
59470054,428,249,179
59470055,565,138,427
59470056,937,810,127
59470057,0,0,0
59470058,260,73,187
59470059,0,0,0
59470060,365,76,289
59470061,473,80,393
59470062,337,13,324
59470063,110,90,20
59470064,351,347,4
59470065,72,66,6
59470066,459,172,287
59470067,625,68,557
59470068,339,60,279
59470069,246,47,199
59470070,605,342,263
59470071,404,230,174
59470072,760,540,220
59470073,565,187,378
59470074,519,87,432
59470075,297,123,174
59470076,411,342,69
59470077,441,153,288
59470078,422,283,139
59470079,402,124,278
59470080,490,133,357
59470081,465,141,324
59470082,566,277,289
59470083,583,151,432
59470084,521,118,403
59470085,389,57,332
59470086,283,30,253
59470087,294,85,209
59470088,381,112,269
59470089,305,82,223
59470090,326,175,151
59470091,311,131,180
59470093,491,270,221
59470094,563,371,192
59470096,656,636,20
59470097,91,90,1
59470098,5,5,0
59470099,44,5,39
59470101,370,248,122
59490022,54,54,0
59490023,0,0,0
59490097,148,135,13
59490103,16,15,1
59490104,0,0,0
59490105,398,101,297
59490107,432,432,0
59490109,688,648,40
59490111,403,403,0
59490113,401,86,315
59490114,336,95,241
59490115,286,265,21
59490116,10,6,4
59490117,487,46,441
59490118,402,56,346
59490119,671,47,624
59490120,500,178,322
59490121,370,109,261
59490122,575,109,466
59490123,444,53,391
59490124,378,138,240
59490125,396,110,286
59490126,448,222,226
59490127,463,126,337
59490128,457,90,367
59490129,384,325,59
59490130,502,134,368
59490131,402,193,209
59490132,409,151,258
59490133,465,103,362
59490134,678,335,343
59490135,451,172,279
59490136,409,116,293
59490137,400,137,263
59490138,351,118,233
59490139,583,45,538
59490141,352,342,10
59490142,91,81,10
59490143,398,68,330
59490144,492,86,406
59490145,435,80,355
59490146,460,143,317
59490147,414,105,309
59490148,551,158,393
59490149,448,100,348
59490150,423,61,362
59490152,481,54,427
59490153,461,88,373
59490154,472,96,376
59490155,403,110,293
59490156,0,0,0
59490157,0,0,0
59490158,425,419,6
59490159,440,430,10
59490160,0,0,0
59490161,319,31,288
59490162,466,454,12
59490163,326,94,232
59490164,198,130,68
59490167,0,0,0
59490168,0,0,0
59490169,122,60,62
59490170,561,230,331
59490171,185,178,7
59490172,388,130,258
59490173,245,243,2
59490174,636,622,14
59490175,93,84,9
59490176,104,104,0
59490177,193,189,4
59490178,315,312,3
59490179,5,2,3
59490180,292,281,11
59490181,539,515,24
59490182,413,73,340
59490183,399,58,341
59490184,271,43,228
59490185,410,76,334
59490186,355,35,320
59490187,767,93,674
59490188,825,167,658
59490189,177,17,160
59490190,1300,231,1069
59490191,233,10,223
59490192,962,258,704
59490193,332,19,313
59490194,622,45,577
59490195,755,175,580
59490196,243,14,229
59490197,566,209,357
59490198,496,153,343
59490199,473,305,168
59490201,362,154,208
59490202,114,110,4
59490203,404,343,61
59490204,692,125,567
59490206,4,1,3
59490210,665,626,39
59490212,5,2,3
59490215,297,296,1
59490216,90,35,55
59510142,88,85,3
59510143,452,68,384
59510144,305,10,295
59510145,131,121,10
59510146,5,3,2
59510147,0,0,0
59510148,492,12,480
59510149,491,54,437
59510150,5,3,2
59510151,549,3,546
59510152,458,35,423
59510153,497,142,355
59510154,398,55,343
59510155,563,199,364
59510156,411,53,358
59510157,425,75,350
59510158,606,52,554
59510159,391,42,349
59510160,430,53,377
59510161,407,53,354
59510162,461,23,438
59510163,696,53,643
59510164,364,36,328
59510165,460,5,455
59510166,707,35,672
59510167,72,0,72
59510168,235,32,203
59510169,582,26,556
59510170,636,54,582
59510171,647,65,582
59510172,673,55,618
59510173,232,36,196
59510174,322,15,307
59510175,433,57,376
59510176,361,39,322
59510177,436,72,364
59510178,409,181,228
59510179,481,27,454
59510180,414,36,378
59510181,464,121,343
59510182,402,102,300
59510183,392,109,283
59510184,0,0,0
59510185,13,8,5
59510186,390,110,280
59510187,4,4,0
59510188,3,3,0
59510189,574,43,531
59510190,5,5,0
59510191,45,44,1
59510192,320,178,142
59510193,357,51,306
59510194,706,385,321
59510195,5,5,0
59510196,280,89,191
59510197,241,241,0
59510198,0,0,0
59510199,397,50,347
59510200,0,0,0
59510201,0,0,0
59510202,252,31,221
59510203,498,74,424
59510204,7,7,0
59510205,12,9,3
59510206,4,4,0
59510207,1,1,0
59510208,22,21,1
59510209,3,3,0
59510210,1,1,0
59510211,8,7,1
59510212,6,6,0
59510213,600,78,522
59510214,22,22,0
59510215,10,8,2
59510216,0,0,0
59510217,7,7,0
59510218,4,4,0
59510219,5,5,0
59510220,10,2,8
59510221,5,3,2
59510222,568,80,488
59510223,0,0,0
59510224,337,73,264
59510225,215,198,17
59510226,585,100,485
59510227,0,0,0
59510228,434,73,361
59510229,516,120,396
59510230,15,11,4
59510231,0,0,0
59510232,201,156,45
59510233,517,67,450
59510234,0,0,0
59510235,559,23,536
59510236,0,0,0
59510237,441,39,402
59510238,8,7,1
59510239,324,318,6
59510240,532,99,433
59510241,312,33,279
59510242,363,42,321
59510243,598,25,573
59510244,501,32,469
59510245,844,79,765
59510246,284,30,254
59510247,505,57,448
59510248,530,74,456
59510249,523,85,438
59510250,418,60,358
59510251,440,59,381
59510252,595,580,15
59510253,402,169,233
59510254,418,160,258
59510255,357,171,186
59510259,221,221,0
59510260,441,441,0
59510263,93,83,10
59510264,9,9,0
59510266,0,0,0
59510267,0,0,0
59510270,10,6,4
59510271,563,61,502
59510272,33,2,31
59510273,8,7,1
59510274,5,1,4
59510275,529,28,501
59510276,528,19,509
59510277,633,36,597
59510278,204,192,12
59510279,472,73,399
59510280,383,228,155
59510281,5,3,2
59530018,398,74,324
59530019,596,123,473
59530021,692,42,650
59530022,393,72,321
59530023,687,137,550
59530024,559,65,494
59530025,436,10,426
59530026,333,16,317
59530027,445,62,383
59530028,784,92,692
59530031,331,68,263
59530032,321,34,287
59530033,1678,190,1488
59530034,464,39,425
59530035,513,27,486
59530036,820,126,694
59530041,296,69,227
59530042,464,41,423
59530043,551,38,513
59530044,465,77,388
59530045,373,40,333
59530046,381,183,198
59530047,424,51,373
59530048,456,179,277
59530049,441,78,363
59530050,414,74,340
59530051,435,111,324
59530052,545,131,414
59530053,539,172,367
59530054,459,138,321
59530055,495,73,422
59530056,543,119,424
59530057,479,87,392
59530058,522,96,426
59530059,325,143,182
59530060,364,38,326
59530061,411,150,261
59530062,369,35,334
59530063,594,147,447
59530064,477,85,392
59530065,664,118,546
59530066,378,76,302
59530067,491,128,363
59530068,513,52,461
59530069,447,78,369
59530070,406,51,355
59530071,432,77,355
59530072,560,74,486
59530073,709,85,624
59530074,395,72,323
59530075,658,54,604
59530076,631,225,406
59530077,492,73,419
59530078,493,61,432
59530079,568,35,533
59530080,487,7,480
59530081,917,88,829
59530082,405,43,362
59530083,942,46,896
59530084,480,54,426
59530085,210,46,164
59530086,313,87,226
59530087,436,69,367
59530088,472,98,374
59530089,587,14,573
59530090,514,62,452
59530091,414,21,393
59530092,603,121,482
59530093,387,79,308
59530094,464,92,372
59530095,484,56,428
59530096,963,129,834
59530097,643,67,576
59530098,420,54,366
59530100,473,82,391
59530101,783,72,711
59530102,308,54,254
59530103,319,90,229
59530104,519,48,471
59530105,947,91,856
59530106,330,61,269
59530107,400,38,362
59530108,391,14,377
59530109,338,62,276
59530110,758,22,736
59530127,381,91,290
59530151,541,132,409
59530152,384,145,239
59530153,565,261,304
59530154,286,143,143
59530155,293,181,112
59530156,731,297,434
59530159,365,52,313
59530160,397,67,330
59530161,446,72,374
59530162,351,36,315
59530163,403,99,304
59530164,402,189,213
59530165,343,92,251
59530166,324,92,232
59530167,534,131,403
59530168,565,130,435
59530169,375,169,206
59530170,416,68,348
59530193,526,63,463
59530194,397,102,295
59530195,571,80,491
59530196,361,38,323
59530197,517,20,497
59530198,586,56,530
59530199,264,2,262
59530200,554,49,505
59530201,339,90,249
59530202,92,92,0
59530203,0,0,0
59530204,667,77,590
59530205,530,52,478
59530206,1138,163,975
59530207,689,71,618
59530208,706,54,652
59530209,665,114,551
59530210,617,182,435
59530211,198,38,160
59530212,966,117,849
59530213,472,41,431
59530214,780,81,699
59530215,556,20,536
59530216,473,26,447
59530217,737,66,671
59530218,830,93,737
59530219,705,78,627
59530220,523,30,493
59530221,902,72,830
59530222,940,170,770
59530223,973,139,834
59530224,2208,210,1998
59530225,948,103,845
59530226,711,67,644
59530227,619,98,521
59530228,522,72,450
59530229,772,51,721
59530230,1128,103,1025
59530231,454,32,422
59530232,1006,61,945
59530233,596,95,501
59530234,690,73,617
59530235,686,31,655
59530236,233,23,210
59530237,548,66,482
59530238,880,99,781
59530239,811,63,748
59530240,441,70,371
59530241,625,119,506
59530242,503,93,410
59530243,513,56,457
59530244,494,88,406
59530245,603,140,463
59530246,542,218,324
59530247,572,179,393
59530248,977,72,905
59530249,337,33,304
59530250,107,101,6
59530252,493,72,421
59530253,619,51,568
59530254,558,29,529
59530255,342,7,335
59530256,609,68,541
59530257,331,33,298
59530258,264,7,257
59530259,492,42,450
59530260,452,139,313
59530261,578,32,546
59530262,523,18,505
59530263,400,41,359
59550114,370,367,3
59550115,464,0,464
59550116,306,286,20
59550117,229,39,190
59550118,526,51,475
59550119,509,114,395
59550120,696,167,529
59550121,162,152,10
59550122,412,386,26
59550123,545,78,467
59550124,0,0,0
59550125,0,0,0
59550126,464,103,361
59550127,615,90,525
59550128,0,0,0
59550129,0,0,0
59550130,0,0,0
59550131,430,124,306
59550132,668,365,303
59550133,540,72,468
59550134,580,137,443
59550135,396,84,312
59550136,373,5,368
59550137,705,74,631
59550138,470,80,390
59550139,1492,108,1384
59550140,751,118,633
59550141,431,84,347
59550142,442,61,381
59550143,715,278,437
59550144,503,103,400
59550145,382,66,316
59550146,902,119,783
59550147,478,76,402
59550148,463,94,369
59550149,372,121,251
59550150,456,16,440
59550151,416,74,342
59550152,576,146,430
59550153,505,118,387
59550154,581,129,452
59550155,532,90,442
59550156,499,84,415
59550157,417,54,363
59550158,553,90,463
59550159,422,15,407
59550160,606,159,447
59550161,702,140,562
59550162,475,159,316
59550163,355,115,240
59550164,540,43,497
59550165,415,29,386
59550166,569,45,524
59550167,390,32,358
59550168,407,28,379
59550169,740,126,614
59550170,1092,219,873
59550171,488,59,429
59550172,482,45,437
59550173,483,41,442
59550174,602,116,486
59550175,492,6,486
59550176,1067,202,865
59550177,0,0,0
59550178,422,82,340
59550179,415,70,345
59550180,303,60,243
59550181,606,71,535
59550182,899,130,769
59550183,457,51,406
59550184,620,40,580
59550185,584,119,465
59550186,574,62,512
59550187,619,65,554
59550188,473,74,399
59550189,488,25,463
59550190,595,99,496
59550191,563,50,513
59550192,459,27,432
59550193,590,31,559
59550194,521,0,521
59550195,628,88,540
59550196,1898,161,1737
59550197,401,62,339
59550198,495,59,436
59550199,610,68,542
59550200,319,8,311
59550201,403,76,327
59550202,557,3,554
59550203,1967,87,1880
59550205,414,54,360
59550206,396,85,311
59550207,400,86,314
59550208,312,53,259
59550209,653,33,620
59550211,678,86,592
59550212,501,37,464
59550213,976,114,862
59550214,847,161,686
59550215,682,29,653
59550217,442,13,429
59550218,454,45,409
59550219,412,88,324
59550220,572,13,559
59550221,121,110,11
59550222,202,197,5
59550223,482,49,433
59550224,763,0,763
59550225,624,11,613
59550226,576,19,557
59550227,447,11,436
59550228,0,0,0
59550229,179,177,2
59550230,500,67,433
59550231,456,219,237
59550232,671,124,547
59550233,440,64,376
59550234,357,27,330
59550235,450,87,363
59550236,650,65,585
59550239,1761,15,1746
59550242,539,64,475
59570021,19,12,7
59570024,44,43,1
59570025,19,19,0
59570200,44,26,18
59570209,59,54,5
59570210,93,12,81
59570217,0,0,0
59570218,28,22,6
59570219,180,44,136
59590013,51,15,36
59590014,279,93,186
59590015,98,89,9
59590016,5,3,2
59590017,0,0,0
59590018,450,412,38
59590019,582,152,430
59590020,437,95,342
59590021,291,106,185
59590022,417,114,303
59590023,485,204,281
59590024,343,84,259
59590025,570,152,418
59590026,540,178,362
59590027,625,48,577
60010118,227,220,7
60010119,866,101,765
60010120,58,15,43
60010121,88,40,48
60010122,0,0,0
60010123,0,0,0
60010124,652,274,378
60010125,0,0,0
60010126,70,42,28
60010127,20,12,8
60010128,387,332,55
60010130,237,63,174
60010131,10,7,3
60010132,0,0,0
60010133,298,260,38
60010135,9,6,3
60010137,509,277,232
60010138,134,122,12
60010139,365,76,289
60010141,28,15,13
60010181,458,128,330
60010183,480,62,418
60010184,321,185,136
60010185,33,19,14
60010186,150,110,40
60010187,134,50,84
60010188,444,182,262
60010189,384,109,275
60010190,274,204,70
60010191,17,9,8
60010192,203,89,114
60010193,20,12,8
60010194,860,321,539
60010195,584,55,529
60010203,932,241,691
60010210,450,390,60
60010223,1054,164,890
60010227,3073,506,2567
60010228,2067,236,1831
60010236,932,115,817
60010238,363,33,330
60010239,439,65,374
60010240,995,100,895
60010241,733,84,649
60010242,866,146,720
60010243,738,137,601
60010244,641,205,436
60010245,303,29,274
60010249,829,130,699
60010250,832,125,707
60010251,1190,154,1036
60010252,1144,241,903
60010253,912,123,789
60010256,1067,175,892
60010257,1452,353,1099
60010258,602,24,578
60010259,1095,170,925
60010263,1162,169,993
60010264,1528,134,1394
60010265,440,122,318
60010269,1227,176,1051
60010270,281,60,221
60010271,866,166,700
60010272,717,53,664
60010273,910,87,823
60010275,200,196,4
60010276,385,139,246
61010024,104,88,16
61010029,259,228,31
61010032,410,398,12
61010033,607,526,81
61010034,727,682,45
61010035,185,158,27
61010037,360,223,137
61010045,273,234,39
61010046,729,573,156
61010047,186,117,69
61010048,268,239,29
61010049,346,193,153
61010050,520,487,33
61010051,507,234,273
61010053,558,523,35
61010054,356,334,22
61010055,0,0,0
61020026,519,463,56
61020027,563,526,37
61020028,468,406,62
61020030,756,305,451
61020031,115,102,13
61020139,0,0,0
61030076,296,287,9
61030077,131,130,1
61030079,473,467,6
61030115,394,327,67
61030116,1027,980,47
61030117,527,517,10
61030140,0,0,0
61040070,117,104,13
61040072,43,38,5
61040073,81,81,0
61040081,84,81,3
61040082,81,77,4
61040084,707,629,78
61040124,335,332,3
61040127,787,602,185
61040128,445,338,107
61040136,406,364,42
61040137,117,110,7
61040139,65,49,16
61050074,427,392,35
61050075,2,2,0
61050078,3,3,0
61050080,277,259,18
61050118,484,292,192
61050119,392,202,190
61050123,367,224,143
61050126,90,38,52
61050129,581,345,236
61050130,745,577,168
61050131,590,437,153
61050132,442,177,265
61050134,253,102,151
61050135,592,399,193
61050136,302,119,183
61050137,558,257,301
61050138,228,127,101
61050142,24,19,5
61060085,254,242,12
61060088,688,221,467
61060092,999,151,848
61060093,509,239,270
61060094,397,80,317
61060095,368,93,275
61060096,580,79,501
61060100,706,343,363
61060104,356,163,193
61060133,373,373,0
61060135,318,104,214
61060138,983,300,683
61060139,743,163,580
61060140,193,26,167
61060141,39,34,5
61060142,361,66,295
61060143,842,231,611
61060144,509,115,394
61060145,490,90,400
61060146,475,296,179
61060147,717,141,576
61060148,516,210,306
61060149,341,109,232
61060150,712,211,501
61060151,1422,359,1063
61060152,779,175,604
61060153,418,99,319
61060154,776,67,709
61060155,1159,285,874
61060156,690,198,492
61060157,574,98,476
61060158,1118,207,911
61060159,595,226,369
61060160,796,184,612
61060161,95,89,6
61060162,520,94,426
61060163,1198,151,1047
61060164,293,48,245
62040032,139,136,3
62040035,2,2,0
62040038,932,889,43
62040039,924,890,34
62040040,0,0,0
62040041,660,622,38
62040042,0,0,0
62040043,948,910,38
62040044,0,0,0
62040046,201,175,26
62040048,395,369,26
62040059,0,0,0
62040060,2496,996,1500
62040061,3609,1764,1845
62040062,2322,1471,851
62040063,625,567,58
62040064,976,943,33
62040065,911,833,78
62040066,629,613,16
62040067,714,692,22
62040068,1016,939,77
62040069,1210,1138,72
62040070,686,656,30
62040071,804,771,33
62040072,337,337,0
62050012,1173,1129,44
62050013,0,0,0
62050014,483,460,23
62050015,943,906,37
62050017,452,430,22
62050020,1714,1402,312
62050021,1267,1081,186
62050022,951,839,112
62050023,731,715,16
62050024,509,478,31
62050025,1510,1456,54
62050026,604,548,56
62050027,741,721,20
62080015,0,0,0
62080017,1156,1110,46
62080018,1042,1002,40
62080020,0,0,0
62080021,5,5,0
62080022,785,523,262
62080023,643,559,84
62080024,495,359,136
62080025,574,517,57
62080026,1049,946,103
62080027,854,813,41
62080028,563,555,8
